1 0.4633333333333333 0.6879219804951238 0.04583333333333333 0.03900975243810953
1 0.4716666666666667 0.6534133533383346 0.05 0.03900975243810953
0 0.3304166666666667 0.7081770442610653 0.034166666666666665 0.0277569392348087
0 0.35291666666666666 0.7745686421605401 0.03666666666666667 0.03150787696924231
1 0.6520833333333333 0.7888222055513878 0.050833333333333335 0.046511627906976744
1 0.6483333333333333 0.7321830457614403 0.045 0.04126031507876969
1 0.46541666666666665 0.7344336084021005 0.0475 0.03975993998499625
1 0.6091666666666666 0.746436609152288 0.0475 0.037509377344336084
1 0.5845833333333333 0.718304576144036 0.04666666666666667 0.047261815453863466
1 0.8725 0.6027756939234808 0.04583333333333333 0.04126031507876969
1 0.4675 0.5911477869467366 0.0425 0.0277569392348087
1 0.4041666666666667 0.621530382595649 0.030833333333333334 0.03600900225056264
1 0.6108333333333333 0.6811702925731433 0.0425 0.03600900225056264
1 0.46541666666666665 0.6200300075018754 0.045 0.03225806451612903
1 0.42541666666666667 0.6275318829707427 0.03833333333333333 0.03900975243810953
1 0.9508333333333333 0.6189047261815454 0.03833333333333333 0.03375843960990248
1 0.90875 0.6159039759939985 0.03916666666666667 0.035258814703675916
1 0.5033333333333333 0.5930232558139535 0.035 0.029257314328582147
1 0.9304166666666667 0.5870217554388597 0.045 0.035258814703675916
1 0.9775 0.586271567891973 0.03333333333333333 0.037509377344336084
1 0.26458333333333334 0.7325581395348837 0.030833333333333334 0.025506376594148537
0 0.62375 0.713053263315829 0.0375 0.03075768942235559
1 0.5320833333333334 0.6575393848462115 0.03166666666666667 0.0277569392348087
1 0.33625 0.7471867966991748 0.03916666666666667 0.03375843960990248
1 0.6225 0.6500375093773444 0.05 0.03375843960990248
0 0.37 0.7303075768942235 0.034166666666666665 0.025506376594148537
1 0.49375 0.6114028507126782 0.03 0.024006001500375095
1 0.9079166666666667 0.6474118529632408 0.035 0.028507126781695424
1 0.8995833333333333 0.5738934733683421 0.0325 0.033008252063015754
0 0.5 0.6354088522130532 0.025833333333333333 0.023255813953488372
0 0.6848166666666666 0.7795273818454613 0.03269166666666667 0.03097524381095274
