1 0.7920833333333334 0.2355588897224306 0.058333333333333334 0.05251312828207052
1 0.5020833333333333 0.7918229557389347 0.05333333333333334 0.04576144036009002
1 0.3466666666666667 0.9816204051012754 0.0425 0.0345086271567892
1 0.7975 0.9204801200300075 0.045 0.03600900225056264
1 0.14625 0.8923480870217554 0.0375 0.03375843960990248
1 0.08375 0.8229557389347337 0.030833333333333334 0.02700675168792198
1 0.03166666666666667 0.8364591147786947 0.035833333333333335 0.030007501875468866
1 0.44583333333333336 0.7813203300825207 0.04416666666666667 0.0450112528132033
0 0.48875 0.7516879219804952 0.04083333333333333 0.03675918979744936
1 0.8283333333333334 0.9369842460615154 0.055 0.04126031507876969
1 0.6116666666666667 0.7891972993248312 0.0625 0.05926481620405101
1 0.7579166666666667 0.699549887471868 0.03916666666666667 0.03600900225056264
0 0.059583333333333335 0.8495873968492123 0.024166666666666666 0.021005251312828207
1 0.36333333333333334 0.9936234058514629 0.0475 0.012753188297074268
1 0.7875 0.7055513878469617 0.0425 0.037509377344336084
1 0.05458333333333333 0.8102025506376594 0.03166666666666667 0.02625656414103526
1 0.11916666666666667 0.8927231807951987 0.025833333333333333 0.02625656414103526
1 0.5604166666666667 0.8162040510127532 0.060833333333333336 0.04876219054763691
1 0.9029166666666667 0.6519129782445612 0.0475 0.033008252063015754
1 0.5141666666666667 0.7269317329332333 0.04416666666666667 0.04426106526631658
0 0.41 0.7749437359339835 0.045 0.0450112528132033
1 0.066275 0.8421380345086271 0.03451666666666667 0.02404351087771943
0 0.07583333333333334 0.7689422355588897 0.0275 0.023255813953488372
1 0.6033333333333334 0.8270817704426107 0.04416666666666667 0.029257314328582147
1 0.10375 0.8893473368342085 0.0225 0.024756189047261814
1 0.12975 0.8655513878469617 0.038674999999999994 0.029917479369842463
