1 0.979890310786106 0.5037006578947368 0.03473491773308958 0.028782894736842105
1 0.899908592321755 0.25699013157894735 0.0356489945155393 0.02549342105263158
1 0.9853747714808044 0.5353618421052632 0.029250457038391225 0.03618421052631579
1 0.06855575868372943 0.03412828947368421 0.037477148080438755 0.03042763157894737
1 0.8523765996343693 0.5045230263157895 0.033820840950639856 0.027960526315789474
1 0.03930530164533821 0.05304276315789474 0.03930530164533821 0.028782894736842105
1 0.3610603290676417 0.0678453947368421 0.03656307129798903 0.027960526315789474
1 0.7925045703839122 0.05057565789473684 0.0356489945155393 0.027138157894736843
1 0.8308957952468007 0.4864309210526316 0.033820840950639856 0.03289473684210526
1 0.8117001828153565 0.02549342105263158 0.029250457038391225 0.023848684210526317
1 0.016453382084095063 0.18626644736842105 0.031992687385740404 0.03289473684210526
1 0.4524680073126143 0.020148026315789474 0.031992687385740404 0.027138157894736843
1 0.863345521023766 0.47491776315789475 0.04021937842778794 0.033717105263157895
1 0.43327239488117003 0.1953125 0.04296160877513711 0.03453947368421053
1 0.47486288848263253 0.2002467105263158 0.04021937842778794 0.03289473684210526
1 0.018738574040219377 0.8400493421052632 0.03656307129798903 0.04358552631578947
1 0.4346435100548446 0.3569078947368421 0.031078610603290677 0.02631578947368421
1 0.6759597806215722 0.46504934210526316 0.04661791590493602 0.038651315789473686
1 0.22623400365630714 0.9407894736842105 0.050274223034734916 0.04523026315789474
1 0.3327239488117002 0.3207236842105263 0.03656307129798903 0.027138157894736843
1 0.2646252285191956 0.03741776315789474 0.04204753199268738 0.033717105263157895
1 0.1590493601462523 0.039473684210526314 0.03016453382084095 0.027138157894736843
1 0.13117001828153566 0.04564144736842105 0.031078610603290677 0.027960526315789474
1 0.9776051188299817 0.4810855263157895 0.03290676416819013 0.023026315789473683
1 0.031078610603290677 0.4050164473684211 0.037477148080438755 0.03042763157894737
1 0.3702010968921389 0.039884868421052634 0.0356489945155393 0.029605263157894735
1 0.36837294332723947 0.0069901315789473685 0.033820840950639856 0.013980263157894737
1 0.4419561243144424 0.052220394736842105 0.03930530164533821 0.027138157894736843
1 0.15722120658135283 0.9625822368421053 0.04021937842778794 0.03782894736842105
1 0.8240402193784278 0.5164473684210527 0.03016453382084095 0.02631578947368421
1 0.016453382084095063 0.3861019736842105 0.03016453382084095 0.02549342105263158
1 0.7970749542961609 0.5037006578947368 0.0356489945155393 0.028782894736842105
0 0.23948811700182815 0.41241776315789475 0.04204753199268738 0.03453947368421053
1 0.024680073126142597 0.8930921052631579 0.04753199268738574 0.05098684210526316
0 0.6645338208409507 0.43379934210526316 0.03290676416819013 0.027138157894736843
1 0.15447897623400367 0.008223684210526315 0.04661791590493602 0.01644736842105263
1 0.3263254113345521 0.07483552631578948 0.031992687385740404 0.02631578947368421
1 0.38482632541133455 0.29523026315789475 0.03656307129798903 0.03042763157894737
0 0.18738574040219377 0.9375 0.04021937842778794 0.03453947368421053
1 0.5351919561243145 0.4161184210526316 0.03473491773308958 0.027138157894736843
1 0.6361974405850092 0.709703947368421 0.04204753199268738 0.033717105263157895
0 0.8839122486288848 0.2787828947368421 0.021937842778793418 0.018914473684210526
1 0.36745886654478976 0.3190789473684211 0.031992687385740404 0.02549342105263158
0 0.629798903107861 0.44613486842105265 0.037477148080438755 0.029605263157894735
1 0.4844606946983547 0.4675164473684211 0.04570383912248629 0.03700657894736842
0 0.606489945155393 0.4231085526315789 0.0356489945155393 0.027138157894736843
1 0.4076782449725777 0.36225328947368424 0.031992687385740404 0.03125
0 0.9063071297989032 0.28618421052631576 0.029250457038391225 0.023026315789473683
0 0.68327239488117 0.3589638157894737 0.0356489945155393 0.02549342105263158
1 0.3976234003656307 0.27837171052631576 0.031992687385740404 0.024671052631578948
1 0.3240402193784278 0.29605263157894735 0.03016453382084095 0.027138157894736843
0 0.20749542961608775 0.4136513157894737 0.0283363802559415 0.023026315789473683
1 0.01736745886654479 0.42886513157894735 0.031078610603290677 0.029605263157894735
0 0.25274223034734916 0.37088815789473684 0.037477148080438755 0.024671052631578948
0 0.6439670932358318 0.47368421052631576 0.031078610603290677 0.032072368421052634
1 0.7888482632541134 0.3182565789473684 0.031992687385740404 0.027960526315789474
0 0.6403107861060329 0.3807565789473684 0.03656307129798903 0.027960526315789474
0 0.23537477148080438 0.3861019736842105 0.031992687385740404 0.02549342105263158
0 0.3117001828153565 0.40707236842105265 0.03656307129798903 0.033717105263157895
1 0.4990859232175503 0.41488486842105265 0.05393053016453382 0.039473684210526314
1 0.3491773308957952 0.2989309210526316 0.03016453382084095 0.02631578947368421
0 0.32952468007312613 0.03125 0.0283363802559415 0.023026315789473683
0 0.2646252285191956 0.3918585526315789 0.03016453382084095 0.023848684210526317
0 0.21069469835466179 0.39350328947368424 0.026508226691042046 0.02138157894736842
1 0.3304387568555759 0.05057565789473684 0.038391224862888484 0.02549342105263158
0 0.6960694698354661 0.4370888157894737 0.03930530164533821 0.028782894736842105
0 0.5973491773308958 0.4477796052631579 0.03290676416819013 0.027138157894736843
1 0.41910420475319926 0.03412828947368421 0.037477148080438755 0.03289473684210526
1 0.8459780621572212 0.5287828947368421 0.03473491773308958 0.023848684210526317
1 0.3802559414990859 0.08634868421052631 0.024680073126142597 0.024671052631578948
0 0.4835466179159049 0.4954769736842105 0.037477148080438755 0.027138157894736843
1 0.5676416819012797 0.4477796052631579 0.0356489945155393 0.04111842105263158
1 0.029250457038391225 0.030838815789473683 0.029250457038391225 0.02631578947368421
1 0.3610603290676417 0.27631578947368424 0.037477148080438755 0.024671052631578948
0 0.6403107861060329 0.4058388157894737 0.03473491773308958 0.027138157894736843
0 0.8112431444241316 0.31537828947368424 0.02376599634369287 0.02138157894736842
1 0.7851919561243145 0.06949013157894737 0.024680073126142597 0.018914473684210526
1 0.806672760511883 0.4856085526315789 0.025594149908592323 0.023848684210526317
0 0.9634369287020109 0.5230263157894737 0.027422303473491772 0.02138157894736842
1 0.3829981718464351 0.3293585526315789 0.03290676416819013 0.024671052631578948
1 0.3436928702010969 0.3404605263157895 0.03656307129798903 0.023848684210526317
0 0.26828153564899454 0.4152960526315789 0.024680073126142597 0.02549342105263158
1 0.35420475319926875 0.023848684210526317 0.029250457038391225 0.02138157894736842
1 0.30987202925045704 0.3215460526315789 0.025594149908592323 0.02631578947368421
0 0.2993601462522852 0.3684210526315789 0.027422303473491772 0.018914473684210526
0 0.6828153564899452 0.3347039473684211 0.03930530164533821 0.02631578947368421
0 0.260054844606947 0.061677631578947366 0.027422303473491772 0.02055921052631579
1 0.2760511882998172 0.024671052631578948 0.03290676416819013 0.019736842105263157
