1 0.3103290676416819 0.5797697368421053 0.027422303473491772 0.02549342105263158
1 0.4725776965265082 0.6916118421052632 0.027422303473491772 0.02055921052631579
1 0.4680073126142596 0.671875 0.027422303473491772 0.023026315789473683
1 0.6951553930530164 0.8067434210526315 0.02102376599634369 0.018914473684210526
1 0.09460694698354662 0.7787828947368421 0.02376599634369287 0.022203947368421052
1 0.5585009140767825 0.5333059210526315 0.024680073126142597 0.023848684210526317
1 0.2522851919561243 0.6151315789473685 0.026508226691042046 0.024671052631578948
1 0.42321755027422303 0.9185855263157895 0.026508226691042046 0.024671052631578948
0 0.2746800731261426 0.6118421052631579 0.02102376599634369 0.018914473684210526
1 0.4593235831809872 0.9839638157894737 0.02376599634369287 0.027960526315789474
1 0.24451553930530165 0.48355263157894735 0.026508226691042046 0.02549342105263158
1 0.34277879341864714 0.5851151315789473 0.02376599634369287 0.02138157894736842
0 0.8811700182815356 0.6669407894736842 0.016453382084095063 0.015625
1 0.9739488117001828 0.9905427631578947 0.024680073126142597 0.018914473684210526
0 0.34186471663619744 0.618421052631579 0.016453382084095063 0.01644736842105263
1 0.6270566727605119 0.7783717105263158 0.022851919561243144 0.023848684210526317
0 0.40585009140767825 0.7265625 0.02376599634369287 0.019736842105263157
1 0.9081352833638026 0.9263980263157895 0.031078610603290677 0.023848684210526317
1 0.4689213893967093 0.7084703947368421 0.026508226691042046 0.02055921052631579
1 0.4369287020109689 0.9880756578947368 0.03016453382084095 0.023848684210526317
1 0.3989945155393053 0.9247532894736842 0.0283363802559415 0.02631578947368421
1 0.9382998171846435 0.6903782894736842 0.022851919561243144 0.019736842105263157
1 0.5319926873857403 0.5337171052631579 0.02102376599634369 0.019736842105263157
1 0.9561243144424132 0.7002467105263158 0.021937842778793418 0.017269736842105265
1 0.37522851919561245 0.7236842105263158 0.022851919561243144 0.018914473684210526
0 0.6092321755027422 0.7796052631578947 0.019195612431444242 0.018092105263157895
1 0.443327239488117 0.6743421052631579 0.022851919561243144 0.017269736842105265
0 0.26416819012797077 0.5970394736842105 0.022851919561243144 0.018914473684210526
0 0.4140767824497258 0.7652138157894737 0.021937842778793418 0.02055921052631579
0 0.7490859232175503 0.8050986842105263 0.02102376599634369 0.02055921052631579
0 0.8688299817184644 0.657483552631579 0.01736745886654479 0.013980263157894737
0 0.39808043875685556 0.9004934210526315 0.021937842778793418 0.018092105263157895
0 0.10420475319926874 0.764391447368421 0.019195612431444242 0.015625
1 0.4382998171846435 0.6924342105263158 0.026508226691042046 0.027138157894736843
0 0.329981718464351 0.6015625 0.019195612431444242 0.015625
1 0.9588665447897623 0.6846217105263158 0.018281535648994516 0.017269736842105265
0 0.3117001828153565 0.608141447368421 0.019195612431444242 0.018914473684210526
1 0.9725776965265083 0.6883223684210527 0.019195612431444242 0.018914473684210526
0 0.41224862888482633 0.9888980263157895 0.022851919561243144 0.02055921052631579
0 0.729890310786106 0.8055098684210527 0.02376599634369287 0.022203947368421052
0 0.32769652650822667 0.6151315789473685 0.016453382084095063 0.012335526315789474
0 0.1540219378427788 0.7976973684210527 0.021937842778793418 0.018092105263157895
0 0.41042047531992687 0.748766447368421 0.02102376599634369 0.017269736842105265
1 0.9904021937842779 0.9769736842105263 0.019195612431444242 0.023026315789473683
1 0.7106946983546618 0.7935855263157895 0.021937842778793418 0.014802631578947368
0 0.4163619744058501 0.6837993421052632 0.018281535648994516 0.01644736842105263
1 0.8523765996343693 0.6879111842105263 0.01736745886654479 0.018914473684210526
1 0.25045703839122485 0.9173519736842105 0.025594149908592323 0.02138157894736842
1 0.23811700182815357 0.9325657894736842 0.024680073126142597 0.023026315789473683
1 0.2806215722120658 0.5958059210526315 0.02010968921389397 0.018914473684210526
0 0.4437842778793419 0.967516447368421 0.025594149908592323 0.018914473684210526
0 0.5914076782449725 0.790296052631579 0.027422303473491772 0.024671052631578948
0 0.39488117001828155 0.772203947368421 0.019195612431444242 0.01644736842105263
0 0.9282449725776966 0.6743421052631579 0.022851919561243144 0.019736842105263157
0 0.4227605118829982 0.9695723684210527 0.02376599634369287 0.022203947368421052
0 0.3281535648994516 0.6319901315789473 0.019195612431444242 0.01644736842105263
0 0.28382084095063986 0.48848684210526316 0.024680073126142597 0.022203947368421052
1 0.20612431444241316 0.9169407894736842 0.022851919561243144 0.018092105263157895
1 0.7330895795246801 0.8244243421052632 0.024680073126142597 0.019736842105263157
1 0.9195612431444241 0.9416118421052632 0.026508226691042046 0.02055921052631579
1 0.11151736745886655 0.7828947368421053 0.019195612431444242 0.02055921052631579
0 0.26691042047531993 0.5008223684210527 0.02010968921389397 0.01644736842105263
1 0.16453382084095064 0.7853618421052632 0.024680073126142597 0.02138157894736842
1 0.2253199268738574 0.9070723684210527 0.02102376599634369 0.013980263157894737
0 0.3756855575868373 0.7380756578947368 0.02102376599634369 0.01644736842105263
0 0.7056672760511883 0.8174342105263158 0.018281535648994516 0.015625
1 0.9908592321755028 0.9905427631578947 0.018281535648994516 0.018914473684210526
0 0.3953382084095064 0.7578125 0.019195612431444242 0.013980263157894737
0 0.40676416819012795 0.9629934210526315 0.02102376599634369 0.019736842105263157
0 0.8656307129798904 0.6747532894736842 0.021937842778793418 0.018092105263157895
0 0.8957952468007313 0.6624177631578947 0.014625228519195612 0.012335526315789474
0 0.7120658135283364 0.8046875 0.01736745886654479 0.015625
0 0.3491773308957952 0.6069078947368421 0.018281535648994516 0.014802631578947368
0 0.8615173674588665 0.6611842105263158 0.01736745886654479 0.013157894736842105
