1 0.4925 0.25318829707426854 0.0575 0.05026256564141035
1 0.46291666666666664 0.3885971492873218 0.049166666666666664 0.04426106526631658
1 0.4775 0.4279819954988747 0.04833333333333333 0.04576144036009002
1 0.65125 0.5018754688672168 0.05416666666666667 0.04426106526631658
1 0.66 0.4609902475618905 0.058333333333333334 0.04801200300075019
0 0.95 0.3038259564891223 0.0425 0.03675918979744936
0 0.9833333333333333 0.05401350337584396 0.03333333333333333 0.029257314328582147
1 0.4028083333333333 0.1516504126031508 0.033549999999999996 0.03623405851462865
1 0.6545833333333333 0.37884471117779445 0.055 0.0450112528132033
1 0.9808333333333333 0.2550637659414854 0.0375 0.04951237809452363
0 0.8933333333333333 0.27419354838709675 0.0425 0.03225806451612903
0 0.47291666666666665 0.858589647411853 0.025833333333333333 0.029257314328582147
0 0.49666666666666665 0.8657164291072769 0.0325 0.02700675168792198
0 0.4925 0.8420855213803451 0.029166666666666667 0.023255813953488372
0 0.6929166666666666 0.291072768192048 0.03916666666666667 0.03600900225056264
0 0.6691666666666667 0.4174793698424606 0.05416666666666667 0.04426106526631658
0 0.4529166666666667 0.24606151537884471 0.0425 0.04351087771942986
0 0.7866666666666666 0.37209302325581395 0.03916666666666667 0.03075768942235559
1 0.65375 0.33983495873968494 0.05583333333333333 0.04576144036009002
1 0.5229166666666667 0.4291072768192048 0.050833333333333335 0.04576144036009002
0 0.7795833333333333 0.3083270817704426 0.045 0.03600900225056264
1 0.705 0.33758439609902474 0.051666666666666666 0.0450112528132033
0 0.6058333333333333 0.5003750937734434 0.041666666666666664 0.03825956489122281
0 0.5879166666666666 0.37809452363090773 0.0425 0.033008252063015754
0 0.8995833333333333 0.3038259564891223 0.04 0.035258814703675916
0 0.06666666666666667 0.12565641410352588 0.0225 0.021005251312828207
0 0.59875 0.04088522130532633 0.03916666666666667 0.0345086271567892
0 0.4995833333333333 0.39572393098274566 0.03833333333333333 0.033008252063015754
1 0.295 0.5401350337584396 0.035 0.0277569392348087
0 0.7375 0.04126031507876969 0.03833333333333333 0.03600900225056264
0 0.6595833333333333 0.28169542385596397 0.043333333333333335 0.037509377344336084
0 0.5170833333333333 0.6234058514628658 0.035 0.030007501875468866
1 0.5683333333333334 0.00900225056264066 0.03833333333333333 0.01800450112528132
1 0.73 0.38447111777944487 0.045 0.042010502625656414
0 0.9083333333333333 0.6789197299324832 0.034166666666666665 0.030007501875468866
0 0.5975 0.40472618154538637 0.035833333333333335 0.029257314328582147
0 0.92625 0.28019504876219054 0.03666666666666667 0.03375843960990248
1 0.5570833333333334 0.02700675168792198 0.03916666666666667 0.030007501875468866
1 0.7608333333333334 0.39422355588897223 0.04 0.03900975243810953
0 0.4658333333333333 0.011627906976744186 0.035833333333333335 0.023255813953488372
0 0.56875 0.2618154538634659 0.04583333333333333 0.04051012753188297
1 0.3229166666666667 0.5566391597899475 0.03833333333333333 0.033008252063015754
0 0.085 0.11852963240810202 0.020833333333333332 0.01800450112528132
1 0.9116666666666666 0.1054013503375844 0.029166666666666667 0.024006001500375095
1 0.59375 0.5873968492123031 0.0375 0.033008252063015754
0 0.40708333333333335 0.05738934733683421 0.035 0.03075768942235559
0 0.13958333333333334 0.12715678919729934 0.0225 0.02175543885971493
0 0.7229166666666667 0.2873218304576144 0.034166666666666665 0.03150787696924231
1 0.3645833333333333 0.10165041260315079 0.029166666666666667 0.02700675168792198
1 0.715 0.04351087771942986 0.035 0.04276069017254314
0 0.15041666666666667 0.10690172543135784 0.03166666666666667 0.02175543885971493
0 0.07416666666666667 0.1054013503375844 0.025833333333333333 0.019504876219054765
0 0.5683333333333334 0.10577644411102775 0.035 0.02700675168792198
0 0.93625 0.04238559639909977 0.03166666666666667 0.030007501875468866
0 0.6670833333333334 0.3124531132783196 0.04 0.03225806451612903
1 0.295 0.5757689422355589 0.04416666666666667 0.03825956489122281
0 0.3358333333333333 0.12190547636909227 0.03 0.025506376594148537
0 0.555 0.12603150787696923 0.0275 0.024756189047261814
0 0.6425 0.030007501875468866 0.03166666666666667 0.0277569392348087
0 0.5766666666666667 0.5678919729932483 0.0325 0.025506376594148537
0 0.7004166666666667 0.5150037509377344 0.035833333333333335 0.03075768942235559
1 0.4175 0.17966991747936983 0.0375 0.03225806451612903
0 0.43125 0.05738934733683421 0.023333333333333334 0.024006001500375095
0 0.7520833333333333 0.01350337584396099 0.03916666666666667 0.02700675168792198
0 0.5254166666666666 0.14216054013503376 0.034166666666666665 0.030007501875468866
0 0.21416666666666667 0.08627156789197299 0.02 0.0172543135783946
1 0.9883333333333333 0.48874718679669915 0.021666666666666667 0.03225806451612903
0 0.027916666666666666 0.24981245311327832 0.029166666666666667 0.024006001500375095
0 0.5308333333333334 0.49699924981245314 0.045 0.042010502625656414
1 0.50625 0.5806451612903226 0.04 0.03375843960990248
0 0.014166666666666666 0.23293323330832708 0.0225 0.019504876219054765
0 0.5395833333333333 0.6039009752438109 0.035833333333333335 0.03225806451612903
0 0.775 0.03975993998499625 0.04416666666666667 0.03975993998499625
0 0.87375 0.3008252063015754 0.029166666666666667 0.03150787696924231
0 0.56375 0.39909977494373594 0.034166666666666665 0.03075768942235559
1 0.5254166666666666 0.17479369842460615 0.0475 0.0345086271567892
0 0.4741666666666667 0.6042760690172543 0.030833333333333334 0.028507126781695424
0 0.395 0.011627906976744186 0.034166666666666665 0.023255813953488372
1 0.69375 0.4508627156789197 0.03166666666666667 0.042010502625656414
0 0.9804166666666667 0.034133533383345835 0.034166666666666665 0.02250562640660165
0 0.5016666666666667 0.010877719429857465 0.035 0.021005251312828207
0 0.73125 0.4332333083270818 0.03916666666666667 0.03225806451612903
0 0.7558333333333334 0.5221305326331583 0.03 0.02625656414103526
0 0.5754166666666667 0.42610652663165793 0.0375 0.03225806451612903
0 0.37625 0.024756189047261814 0.025833333333333333 0.024006001500375095
1 0.7104166666666667 0.31282820705176295 0.045 0.02700675168792198
1 0.89 0.056639159789947484 0.0275 0.025506376594148537
1 0.5429166666666667 0.007876969242310577 0.024166666666666666 0.015753938484621154
1 0.7933333333333333 0.030382595648912228 0.034166666666666665 0.035258814703675916
0 0.45166666666666666 0.605026256564141 0.029166666666666667 0.030007501875468866
0 0.9245833333333333 0.08702175543885972 0.0275 0.02175543885971493
0 0.5758333333333333 0.1275318829707427 0.030833333333333334 0.025506376594148537
1 0.96875 0.3724681170292573 0.03 0.02625656414103526
0 0.61875 0.7876969242310577 0.03333333333333333 0.028507126781695424
0 0.6075 0.35933983495873967 0.028333333333333332 0.023255813953488372
0 0.05541666666666667 0.2355588897224306 0.025833333333333333 0.023255813953488372
0 0.24333333333333335 0.06264066016504126 0.0175 0.015003750937734433
0 0.16416666666666666 0.1264066016504126 0.025833333333333333 0.02175543885971493
0 0.5975 0.7944486121530383 0.025 0.024006001500375095
0 0.6316666666666667 0.4384846211552888 0.04416666666666667 0.04051012753188297
0 0.97625 0.21530382595648911 0.034166666666666665 0.03225806451612903
0 0.2554166666666667 0.05138784696174044 0.024166666666666666 0.020255063765941484
0 0.7683333333333333 0.012003000750187547 0.029166666666666667 0.023255813953488372
1 0.4266666666666667 0.07689422355588897 0.03333333333333333 0.02250562640660165
0 0.5658333333333333 0.8885971492873218 0.0325 0.024756189047261814
1 0.56375 0.6102775693923481 0.0275 0.029257314328582147
1 0.06290833333333333 0.2143960990247562 0.03419166666666667 0.018447111777944485
0 0.09824166666666667 0.11516879219804951 0.018949999999999998 0.017756939234808703
0 0.10803333333333333 0.12815453863465867 0.021575 0.020112528132033007
0 0.12978333333333333 0.11322580645161291 0.012625 0.016646661665416354
0 0.19494999999999998 0.1204126031507877 0.024175000000000002 0.02060015003750938
0 0.22213333333333332 0.11288072018004501 0.025333333333333333 0.014561140285071267
1 0.7047916666666667 0.3624906226556639 0.051675 0.032955738934733685
1 0.5878333333333333 0.6256864216054013 0.0361 0.025056264066016503
0 0.6117416666666667 0.7719354838709678 0.031933333333333334 0.025836459114778693
0 0.9440583333333332 0.6831432858214553 0.022466666666666666 0.023750937734433607
0 0.8984833333333334 0.5711027756939234 0.0249 0.01571642910727682
0 0.8724083333333335 0.5690697674418606 0.022991666666666667 0.014778694673668416
0 0.8792916666666667 0.5959414853713428 0.023775 0.020937734433608402
0 0.7325333333333333 0.5083795948987246 0.028300000000000002 0.02132033008252063
0 0.7820833333333334 0.42579144786196554 0.04423333333333333 0.023053263315828958
0 0.784725 0.40067516879219806 0.027858333333333332 0.03398349587396849
0 0.7145916666666666 0.4083195798949737 0.028825000000000003 0.019317329332333082
0 0.7456083333333333 0.41377344336084015 0.03540833333333333 0.02399099774943736
0 0.9563166666666666 0.23789197299324832 0.030516666666666664 0.03804201050262566
1 0.70745 0.015086271567891973 0.036191666666666664 0.022993248312078017
1 0.8819333333333332 0.031342835708927236 0.024725 0.029774943735933982
1 0.9203166666666668 0.02261065266316579 0.026283333333333332 0.016054013503375843
0 0.9240833333333334 0.13991747936984245 0.024983333333333333 0.024621155288822204
1 0.9492583333333332 0.14175543885971492 0.025925 0.025948987246811706
