1 0.0575 0.4212303075768942 0.051666666666666666 0.047261815453863466
1 0.85625 0.477119279819955 0.06166666666666667 0.05026256564141035
1 0.8416666666666667 0.5285071267816954 0.058333333333333334 0.04876219054763691
1 0.3645833333333333 0.758814703675919 0.04833333333333333 0.04276069017254314
1 0.9016666666666666 0.4973743435858965 0.07416666666666667 0.04951237809452363
1 0.0275 0.3893473368342086 0.055 0.0555138784696174
1 0.044583333333333336 0.3477119279819955 0.04666666666666667 0.035258814703675916
1 0.945 0.4973743435858965 0.04416666666666667 0.04576144036009002
1 0.07625 0.38147036759189795 0.050833333333333335 0.0450112528132033
1 0.2733333333333333 0.5022505626406601 0.03666666666666667 0.033008252063015754
1 0.2608333333333333 0.7584396099024756 0.04666666666666667 0.03150787696924231
1 0.09333333333333334 0.21042760690172543 0.0325 0.04351087771942986
1 0.8179166666666666 0.49624906226556637 0.043333333333333335 0.04426106526631658
1 0.24958333333333332 0.5300075018754689 0.03666666666666667 0.03900975243810953
1 0.06833333333333333 0.20555138784696175 0.041666666666666664 0.03900975243810953
1 0.0125 0.3555888972243061 0.025 0.02625656414103526
1 0.3129166666666667 0.8469617404351087 0.028333333333333332 0.028507126781695424
