1 0.46958333333333335 0.5371342835708928 0.06 0.04951237809452363
1 0.16333333333333333 0.40772693173293323 0.0425 0.03900975243810953
1 0.8858333333333334 0.2569392348087022 0.03916666666666667 0.03375843960990248
1 0.40875 0.5075018754688673 0.06 0.046511627906976744
1 0.6475 0.5011252813203301 0.04833333333333333 0.04276069017254314
1 0.6870833333333334 0.5090022505626407 0.04 0.035258814703675916
1 0.4370833333333333 0.5573893473368342 0.059166666666666666 0.04876219054763691
1 0.47708333333333336 0.4951237809452363 0.050833333333333335 0.04051012753188297
1 0.43291666666666667 0.47336834208552137 0.0475 0.04276069017254314
0 0.12791666666666668 0.9212303075768942 0.041666666666666664 0.03075768942235559
0 0.4866666666666667 0.5648912228057015 0.04666666666666667 0.03600900225056264
1 0.6725 0.5461365341335334 0.035833333333333335 0.02700675168792198
1 0.38458333333333333 0.4966241560390098 0.0425 0.04351087771942986
0 0.7851499999999999 0.6204876219054763 0.03855833333333333 0.03935483870967742
