1 0.9035648994515539 0.3930921052631579 0.044789762340036565 0.03453947368421053
1 0.37842778793418647 0.09827302631578948 0.04204753199268738 0.032072368421052634
1 0.6188299817184644 0.038651315789473686 0.04021937842778794 0.03042763157894737
1 0.36654478976234006 0.12458881578947369 0.04570383912248629 0.032072368421052634
1 0.5095978062157221 0.36019736842105265 0.055758683729433274 0.04358552631578947
1 0.4127056672760512 0.0834703947368421 0.04021937842778794 0.03289473684210526
1 0.8647166361974405 0.4453125 0.03656307129798903 0.033717105263157895
1 0.7545703839122486 0.3536184210526316 0.037477148080438755 0.03700657894736842
1 0.8688299817184644 0.3803453947368421 0.031992687385740404 0.032072368421052634
1 0.8085009140767825 0.3828125 0.038391224862888484 0.032072368421052634
0 0.8921389396709324 0.44942434210526316 0.029250457038391225 0.024671052631578948
1 0.8779707495429616 0.4917763157894737 0.03930530164533821 0.033717105263157895
1 0.2477148080438757 0.017269736842105265 0.03930530164533821 0.028782894736842105
1 0.4616087751371115 0.3725328947368421 0.04661791590493602 0.03536184210526316
1 0.2819926873857404 0.015625 0.03930530164533821 0.03042763157894737
1 0.9492687385740403 0.11842105263157894 0.03290676416819013 0.027960526315789474
0 0.6279707495429616 0.21546052631578946 0.031078610603290677 0.024671052631578948
0 0.9643510054844607 0.18914473684210525 0.03473491773308958 0.03125
0 0.9606946983546618 0.21792763157894737 0.04021937842778794 0.033717105263157895
1 0.7170932358318098 0.36554276315789475 0.04113345521023766 0.032072368421052634
1 0.8441499085923218 0.37993421052631576 0.03656307129798903 0.03700657894736842
0 0.6828153564899452 0.3462171052631579 0.038391224862888484 0.028782894736842105
1 0.8487202925045704 0.49136513157894735 0.031078610603290677 0.03289473684210526
0 0.903107861060329 0.18009868421052633 0.03473491773308958 0.029605263157894735
1 0.7230347349177331 0.3416940789473684 0.04113345521023766 0.027960526315789474
1 0.4031078610603291 0.11677631578947369 0.037477148080438755 0.027960526315789474
1 0.5982632541133455 0.06414473684210527 0.04021937842778794 0.028782894736842105
0 0.9204753199268738 0.23972039473684212 0.038391224862888484 0.03125
1 0.5644424131627057 0.0069901315789473685 0.04936014625228519 0.013980263157894737
0 0.579981718464351 0.04399671052631579 0.03290676416819013 0.02549342105263158
0 0.9355575868372943 0.18297697368421054 0.03290676416819013 0.027960526315789474
1 0.6325411334552102 0.1924342105263158 0.037477148080438755 0.027960526315789474
0 0.9149908592321755 0.20518092105263158 0.031992687385740404 0.027138157894736843
1 0.8359232175502742 0.2602796052631579 0.03016453382084095 0.027138157894736843
1 0.8994515539305301 0.46463815789473684 0.031078610603290677 0.023026315789473683
0 0.9309872029250457 0.09868421052631579 0.03290676416819013 0.023848684210526317
0 0.6544789762340036 0.21258223684210525 0.024680073126142597 0.022203947368421052
0 0.8715722120658135 0.1768092105263158 0.029250457038391225 0.028782894736842105
0 0.9021937842778793 0.21669407894736842 0.03290676416819013 0.02549342105263158
1 0.979890310786106 0.12294407894736842 0.02376599634369287 0.027138157894736843
0 0.5758683729433273 0.02261513157894737 0.03016453382084095 0.023026315789473683
0 0.603290676416819 0.22121710526315788 0.025594149908592323 0.02549342105263158
0 0.9026508226691042 0.3667763157894737 0.031078610603290677 0.023026315789473683
0 0.9108775137111518 0.12458881578947369 0.025594149908592323 0.019736842105263157
1 0.643510054844607 0.008223684210526315 0.031992687385740404 0.01644736842105263
1 0.9712065813528337 0.24259868421052633 0.0356489945155393 0.02631578947368421
