1 0.17047531992687387 0.8836348684210527 0.04570383912248629 0.033717105263157895
1 0.2984460694698355 0.18050986842105263 0.03016453382084095 0.023848684210526317
1 0.6892138939670932 0.34375 0.0283363802559415 0.023848684210526317
1 0.5621572212065814 0.10814144736842106 0.03656307129798903 0.029605263157894735
1 0.23720292504570384 0.8614309210526315 0.04296160877513711 0.033717105263157895
1 0.7157221206581352 0.6698190789473685 0.026508226691042046 0.022203947368421052
1 0.8107861060329068 0.9864309210526315 0.026508226691042046 0.019736842105263157
1 0.37157221206581353 0.46587171052631576 0.03473491773308958 0.03042763157894737
1 0.7760511882998172 0.46792763157894735 0.031992687385740404 0.024671052631578948
1 0.1585923217550274 0.5411184210526315 0.037477148080438755 0.027138157894736843
1 0.013254113345521023 0.16077302631578946 0.026508226691042046 0.02549342105263158
1 0.32221206581352835 0.4901315789473684 0.03016453382084095 0.02631578947368421
1 0.19195612431444242 0.26069078947368424 0.026508226691042046 0.023026315789473683
1 0.44881170018281535 0.053865131578947366 0.0283363802559415 0.023848684210526317
1 0.6462522851919561 0.6015625 0.029250457038391225 0.023026315789473683
1 0.47851919561243145 0.5074013157894737 0.03290676416819013 0.027960526315789474
1 0.19972577696526508 0.7306743421052632 0.029250457038391225 0.023848684210526317
1 0.3793418647166362 0.727796052631579 0.03016453382084095 0.023848684210526317
1 0.4606946983546618 0.4498355263157895 0.02376599634369287 0.02138157894736842
1 0.7326325411334552 0.6533717105263158 0.029250457038391225 0.018092105263157895
1 0.1476234003656307 0.4979440789473684 0.03016453382084095 0.02138157894736842
1 0.2289762340036563 0.6171875 0.03290676416819013 0.02549342105263158
1 0.08409506398537477 0.30180921052631576 0.033820840950639856 0.02631578947368421
1 0.19926873857404023 0.8519736842105263 0.03930530164533821 0.03289473684210526
1 0.856489945155393 0.4506578947368421 0.031992687385740404 0.027138157894736843
1 0.4296160877513711 0.07319078947368421 0.021937842778793418 0.018914473684210526
1 0.9762340036563071 0.22203947368421054 0.02376599634369287 0.019736842105263157
1 0.7239488117001828 0.47245065789473684 0.027422303473491772 0.024671052631578948
1 0.29250457038391225 0.4888980263157895 0.0283363802559415 0.023026315789473683
1 0.1503656307129799 0.5678453947368421 0.03016453382084095 0.02549342105263158
1 0.8756855575868373 0.9222861842105263 0.027422303473491772 0.019736842105263157
1 0.8249542961608776 0.6171875 0.02376599634369287 0.02138157894736842
1 0.07541133455210237 0.4675164473684211 0.027422303473491772 0.02055921052631579
0 0.6983546617915904 0.203125 0.024680073126142597 0.018914473684210526
1 0.9776051188299817 0.6591282894736842 0.03016453382084095 0.02631578947368421
1 0.3148994515539305 0.42269736842105265 0.026508226691042046 0.02055921052631579
1 0.9191042047531993 0.4453125 0.03016453382084095 0.02631578947368421
1 0.7362888482632541 0.9897203947368421 0.033820840950639856 0.02055921052631579
1 0.9922303473491774 0.21710526315789475 0.015539305301645339 0.014802631578947368
1 0.9044789762340036 0.007401315789473684 0.027422303473491772 0.014802631578947368
1 0.19012797074954296 0.5546875 0.031992687385740404 0.02549342105263158
1 0.5617001828153565 0.48149671052631576 0.025594149908592323 0.022203947368421052
1 0.8263254113345521 0.3314144736842105 0.025594149908592323 0.022203947368421052
1 0.4844606946983547 0.3149671052631579 0.02010968921389397 0.015625
1 0.6293418647166362 0.33758223684210525 0.0283363802559415 0.023848684210526317
1 0.6558500914076782 0.6492598684210527 0.027422303473491772 0.022203947368421052
1 0.5411334552102377 0.060032894736842105 0.03290676416819013 0.02549342105263158
1 0.5283363802559415 0.0805921052631579 0.029250457038391225 0.02055921052631579
1 0.6777879341864717 0.20723684210526316 0.027422303473491772 0.02631578947368421
1 0.4492687385740402 0.8955592105263158 0.0283363802559415 0.02549342105263158
1 0.9730347349177331 0.33881578947368424 0.031992687385740404 0.029605263157894735
1 0.49817184643510054 0.09991776315789473 0.033820840950639856 0.023848684210526317
1 0.8587751371115173 0.4720394736842105 0.03656307129798903 0.023026315789473683
1 0.7650822669104205 0.5678453947368421 0.025594149908592323 0.018092105263157895
1 0.7358318098720292 0.8708881578947368 0.026508226691042046 0.022203947368421052
1 0.4977148080438757 0.6907894736842105 0.021937842778793418 0.017269736842105265
1 0.4986288848263254 0.13240131578947367 0.027422303473491772 0.02055921052631579
1 0.37248628884826324 0.38692434210526316 0.019195612431444242 0.018914473684210526
1 0.6974405850091407 0.46258223684210525 0.027422303473491772 0.023848684210526317
1 0.283363802559415 0.6369243421052632 0.03016453382084095 0.02549342105263158
1 0.9478976234003657 0.3314144736842105 0.029250457038391225 0.02631578947368421
1 0.3030164533820841 0.5888157894736842 0.022851919561243144 0.02138157894736842
0 0.573583180987203 0.7347861842105263 0.02010968921389397 0.017269736842105265
1 0.4515539305301645 0.5057565789473685 0.02376599634369287 0.015625
0 0.7207495429616088 0.21299342105263158 0.022851919561243144 0.018914473684210526
1 0.8363802559414991 0.8310032894736842 0.021937842778793418 0.017269736842105265
0 0.7285191956124314 0.2944078947368421 0.02010968921389397 0.017269736842105265
1 0.7705667276051188 0.5855263157894737 0.029250457038391225 0.022203947368421052
1 0.4922303473491773 0.07853618421052631 0.026508226691042046 0.022203947368421052
1 0.47074954296160876 0.06702302631578948 0.027422303473491772 0.024671052631578948
1 0.850091407678245 0.9786184210526315 0.021937842778793418 0.018092105263157895
0 0.36837294332723947 0.6118421052631579 0.0283363802559415 0.022203947368421052
1 0.9917733089579525 0.24259868421052633 0.015539305301645339 0.018914473684210526
0 0.7874771480804388 0.14884868421052633 0.027422303473491772 0.02055921052631579
0 0.16453382084095064 0.2668585526315789 0.027422303473491772 0.023026315789473683
1 0.5036563071297989 0.7055921052631579 0.021937842778793418 0.018092105263157895
1 0.013254113345521023 0.5287828947368421 0.022851919561243144 0.02055921052631579
1 0.8011882998171846 0.009046052631578948 0.03016453382084095 0.018092105263157895
1 0.2806215722120658 0.19777960526315788 0.02376599634369287 0.019736842105263157
1 0.34780621572212067 0.48807565789473684 0.026508226691042046 0.024671052631578948
1 0.6197440585009141 0.6480263157894737 0.025594149908592323 0.02138157894736842
1 0.696526508226691 0.553453947368421 0.0283363802559415 0.02549342105263158
1 0.13025594149908593 0.2948190789473684 0.033820840950639856 0.027960526315789474
1 0.2915904936014625 0.4683388157894737 0.024680073126142597 0.02138157894736842
1 0.8185557586837294 0.5135690789473685 0.029250457038391225 0.024671052631578948
1 0.5388482632541134 0.5131578947368421 0.022851919561243144 0.019736842105263157
1 0.8148994515539305 0.48355263157894735 0.027422303473491772 0.018914473684210526
1 0.49588665447897623 0.0390625 0.022851919561243144 0.02055921052631579
1 0.6983546617915904 0.18215460526315788 0.026508226691042046 0.02055921052631579
1 0.6476234003656307 0.8667763157894737 0.026508226691042046 0.01644736842105263
1 0.8098720292504571 0.30550986842105265 0.024680073126142597 0.022203947368421052
1 0.9122486288848263 0.7532894736842105 0.024680073126142597 0.018092105263157895
1 0.10831809872029251 0.6899671052631579 0.0283363802559415 0.018914473684210526
1 0.863345521023766 0.4272203947368421 0.022851919561243144 0.017269736842105265
1 0.8861974405850092 0.46463815789473684 0.03016453382084095 0.02549342105263158
1 0.007312614259597806 0.4654605263157895 0.014625228519195612 0.024671052631578948
0 0.12020109689213894 0.7039473684210527 0.024680073126142597 0.018914473684210526
1 0.6549360146252285 0.8988486842105263 0.02376599634369287 0.018092105263157895
1 0.7225776965265083 0.3199013157894737 0.029250457038391225 0.023026315789473683
1 0.7495429616087751 0.8856907894736842 0.02102376599634369 0.018092105263157895
1 0.3336380255941499 0.4543585526315789 0.025594149908592323 0.02055921052631579
1 0.6540219378427788 0.631578947368421 0.025594149908592323 0.018914473684210526
1 0.43327239488117003 0.9383223684210527 0.029250457038391225 0.02138157894736842
1 0.021937842778793418 0.4675164473684211 0.021937842778793418 0.018914473684210526
1 0.5310786106032906 0.04276315789473684 0.031078610603290677 0.019736842105263157
1 0.48217550274223037 0.3285361842105263 0.02102376599634369 0.015625
0 0.13985374771480805 0.2676809210526316 0.027422303473491772 0.02549342105263158
1 0.15585009140767825 0.5921052631578947 0.029250457038391225 0.02138157894736842
1 0.8871115173674589 0.8861019736842105 0.021937842778793418 0.017269736842105265
1 0.8925959780621572 0.8495065789473685 0.024680073126142597 0.02138157894736842
1 0.6074040219378428 0.4917763157894737 0.031992687385740404 0.022203947368421052
0 0.5361060329067642 0.46875 0.022851919561243144 0.018914473684210526
1 0.45429616087751373 0.5209703947368421 0.024680073126142597 0.02138157894736842
1 0.10054844606946983 0.5094572368421053 0.027422303473491772 0.019736842105263157
1 0.726691042047532 0.3379934210526316 0.03016453382084095 0.018914473684210526
1 0.3117001828153565 0.4584703947368421 0.025594149908592323 0.023848684210526317
1 0.6389396709323584 0.8055098684210527 0.02376599634369287 0.018092105263157895
1 0.090036563071298 0.44366776315789475 0.027422303473491772 0.02055921052631579
1 0.7257769652650823 0.8852796052631579 0.024680073126142597 0.017269736842105265
0 0.37751371115173676 0.7060032894736842 0.027422303473491772 0.02138157894736842
1 0.22212065813528337 0.0069901315789473685 0.024680073126142597 0.013980263157894737
1 0.29890310786106034 0.41241776315789475 0.02376599634369287 0.018914473684210526
0 0.39945155393053017 0.6907894736842105 0.022851919561243144 0.018914473684210526
1 0.6087751371115173 0.514391447368421 0.02376599634369287 0.018092105263157895
1 0.6371115173674589 0.8145559210526315 0.022851919561243144 0.017269736842105265
1 0.9835466179159049 0.3301809210526316 0.024680073126142597 0.02138157894736842
1 0.6645338208409507 0.42023026315789475 0.02376599634369287 0.017269736842105265
1 0.8395795246800731 0.4185855263157895 0.021937842778793418 0.017269736842105265
1 0.009597806215722121 0.6657072368421053 0.019195612431444242 0.024671052631578948
1 0.6329981718464351 0.3022203947368421 0.019195612431444242 0.01644736842105263
1 0.5978062157221207 0.5267269736842105 0.027422303473491772 0.022203947368421052
1 0.47760511882998175 0.34662828947368424 0.024680073126142597 0.018092105263157895
1 0.340036563071298 0.4675164473684211 0.029250457038391225 0.022203947368421052
0 0.16316270566727606 0.33429276315789475 0.021937842778793418 0.017269736842105265
0 0.1343692870201097 0.8651315789473685 0.038391224862888484 0.032072368421052634
1 0.7682815356489945 0.5583881578947368 0.027422303473491772 0.015625
1 0.7637111517367459 0.5082236842105263 0.025594149908592323 0.02055921052631579
0 0.4382998171846435 0.7232730263157895 0.021937842778793418 0.019736842105263157
1 0.7614259597806216 0.4888980263157895 0.029250457038391225 0.023026315789473683
0 0.676416819012797 0.18873355263157895 0.022851919561243144 0.01644736842105263
1 0.22806215722120657 0.5670230263157895 0.0283363802559415 0.02549342105263158
1 0.170018281535649 0.5213815789473685 0.0283363802559415 0.023848684210526317
1 0.12705667276051189 0.5699013157894737 0.021937842778793418 0.02138157894736842
1 0.676416819012797 0.6196546052631579 0.0283363802559415 0.023026315789473683
0 0.7285191956124314 0.53125 0.025594149908592323 0.019736842105263157
1 0.6997257769652651 0.3157894736842105 0.02010968921389397 0.02055921052631579
0 0.6622486288848263 0.40460526315789475 0.019195612431444242 0.01644736842105263
0 0.06764168190127971 0.32319078947368424 0.031992687385740404 0.024671052631578948
1 0.8121572212065814 0.15213815789473684 0.024680073126142597 0.018914473684210526
1 0.1882998171846435 0.9736842105263158 0.02376599634369287 0.02055921052631579
1 0.7116087751371115 0.7113486842105263 0.0283363802559415 0.024671052631578948
1 0.12385740402193784 0.3379934210526316 0.026508226691042046 0.019736842105263157
1 0.43144424131627057 0.5164473684210527 0.024680073126142597 0.02138157894736842
1 0.10329067641681901 0.790296052631579 0.027422303473491772 0.022203947368421052
0 0.823126142595978 0.17763157894736842 0.026508226691042046 0.019736842105263157
0 0.17184643510054845 0.9913651315789473 0.026508226691042046 0.01644736842105263
1 0.02102376599634369 0.6336348684210527 0.027422303473491772 0.023848684210526317
1 0.7641681901279708 0.8885690789473685 0.019195612431444242 0.018914473684210526
1 0.7541133455210237 0.8692434210526315 0.019195612431444242 0.018092105263157895
0 0.1636197440585009 0.8552631578947368 0.029250457038391225 0.024671052631578948
1 0.5292504570383912 0.7084703947368421 0.018281535648994516 0.01644736842105263
1 0.9456124314442413 0.34457236842105265 0.026508226691042046 0.02055921052631579
0 0.35191956124314444 0.594983552631579 0.026508226691042046 0.02055921052631579
1 0.6549360146252285 0.7561677631578947 0.021937842778793418 0.017269736842105265
1 0.7152650822669104 0.4198190789473684 0.02102376599634369 0.015625
1 0.7458866544789763 0.29769736842105265 0.02102376599634369 0.018914473684210526
1 0.16727605118829983 0.9810855263157895 0.027422303473491772 0.022203947368421052
0 0.9538391224862889 0.2524671052631579 0.024680073126142597 0.02055921052631579
1 0.36608775137111516 0.673108552631579 0.02376599634369287 0.019736842105263157
1 0.48720292504570384 0.45024671052631576 0.022851919561243144 0.019736842105263157
0 0.6037477148080439 0.7183388157894737 0.016453382084095063 0.014802631578947368
0 0.489945155393053 0.48807565789473684 0.024680073126142597 0.018092105263157895
1 0.8007312614259597 0.4753289473684211 0.02376599634369287 0.018092105263157895
1 0.6782449725776966 0.4083059210526316 0.019195612431444242 0.01644736842105263
0 0.6430530164533821 0.4634046052631579 0.025594149908592323 0.019736842105263157
0 0.17138939670932357 0.733141447368421 0.025594149908592323 0.019736842105263157
1 0.034277879341864714 0.4868421052631579 0.02102376599634369 0.018914473684210526
1 0.5210237659963437 0.6875 0.018281535648994516 0.01644736842105263
1 0.6087751371115173 0.8005756578947368 0.02376599634369287 0.019736842105263157
1 0.7120658135283364 0.2948190789473684 0.018281535648994516 0.017269736842105265
0 0.8249542961608776 0.16447368421052633 0.02102376599634369 0.013980263157894737
1 0.6974405850091407 0.16858552631578946 0.025594149908592323 0.013157894736842105
0 0.20109689213893966 0.7508223684210527 0.026508226691042046 0.019736842105263157
1 0.4954296160877514 0.9091282894736842 0.024680073126142597 0.018914473684210526
1 0.6553930530164533 0.735608552631579 0.019195612431444242 0.01644736842105263
0 0.19789762340036562 0.516858552631579 0.031992687385740404 0.02549342105263158
0 0.136654478976234 0.32401315789473684 0.024680073126142597 0.018914473684210526
0 0.09597806215722121 0.004523026315789474 0.019195612431444242 0.009046052631578948
1 0.4259597806215722 0.09004934210526316 0.021937842778793418 0.017269736842105265
1 0.7321755027422303 0.09745065789473684 0.014625228519195612 0.014802631578947368
1 0.8478062157221207 0.6204769736842105 0.021937842778793418 0.019736842105263157
1 0.23583180987202926 0.9954769736842105 0.03290676416819013 0.009046052631578948
0 0.9689213893967094 0.26973684210526316 0.0283363802559415 0.022203947368421052
1 0.5754113345521024 0.7134046052631579 0.022851919561243144 0.017269736842105265
0 0.6755027422303473 0.6578947368421053 0.02376599634369287 0.018914473684210526
1 0.11974405850091407 0.7635690789473685 0.03016453382084095 0.023026315789473683
1 0.3555758683729433 0.38774671052631576 0.018281535648994516 0.018092105263157895
1 0.6115173674588665 0.9634046052631579 0.025594149908592323 0.019736842105263157
1 0.7623400365630713 0.4473684210526316 0.02010968921389397 0.014802631578947368
1 0.12979890310786105 0.48930921052631576 0.02102376599634369 0.018092105263157895
0 0.3793418647166362 0.6833881578947368 0.021937842778793418 0.019736842105263157
1 0.9076782449725777 0.740953947368421 0.018281535648994516 0.01644736842105263
1 0.007769652650822669 0.59375 0.015539305301645339 0.017269736842105265
1 0.5790676416819013 0.7479440789473685 0.02010968921389397 0.014802631578947368
1 0.08912248628884827 0.4555921052631579 0.021937842778793418 0.012335526315789474
