1 0.019195612431444242 0.9851973684210527 0.0356489945155393 0.028782894736842105
1 0.7212065813528337 0.41776315789473684 0.026508226691042046 0.02138157894736842
1 0.04570383912248629 0.6866776315789473 0.024680073126142597 0.022203947368421052
1 0.553473491773309 0.8256578947368421 0.03016453382084095 0.02631578947368421
1 0.05073126142595978 0.8643092105263158 0.033820840950639856 0.032072368421052634
1 0.021480804387568556 0.6451480263157895 0.03290676416819013 0.02549342105263158
1 0.6677330895795247 0.8733552631578947 0.04021937842778794 0.033717105263157895
1 0.12888482632541134 0.37006578947368424 0.033820840950639856 0.028782894736842105
1 0.896709323583181 0.6208881578947368 0.029250457038391225 0.02549342105263158
1 0.32312614259597805 0.1825657894736842 0.04570383912248629 0.03782894736842105
1 0.4689213893967093 0.6101973684210527 0.03290676416819013 0.029605263157894735
1 0.43418647166361973 0.43050986842105265 0.029250457038391225 0.024671052631578948
1 0.15722120658135283 0.3918585526315789 0.031992687385740404 0.027960526315789474
1 0.9808043875685558 0.7804276315789473 0.03016453382084095 0.028782894736842105
1 0.556672760511883 0.7413651315789473 0.029250457038391225 0.02631578947368421
1 0.3578610603290676 0.16488486842105263 0.038391224862888484 0.03536184210526316
1 0.7308043875685558 0.7068256578947368 0.024680073126142597 0.02055921052631579
1 0.022851919561243144 0.5958059210526315 0.026508226691042046 0.023026315789473683
1 0.048446069469835464 0.6097861842105263 0.031992687385740404 0.027960526315789474
1 0.4716636197440585 0.3828125 0.03473491773308958 0.03125
0 0.021937842778793418 0.859375 0.031992687385740404 0.027138157894736843
1 0.10237659963436929 0.9383223684210527 0.033820840950639856 0.028782894736842105
1 0.8395795246800731 0.8071546052631579 0.024680073126142597 0.019736842105263157
1 0.7559414990859232 0.5476973684210527 0.031078610603290677 0.02631578947368421
1 0.6151736745886655 0.7882401315789473 0.022851919561243144 0.018914473684210526
1 0.503199268738574 0.3832236842105263 0.033820840950639856 0.027960526315789474
1 0.6873857404021938 0.5176809210526315 0.026508226691042046 0.024671052631578948
1 0.9611517367458866 0.7606907894736842 0.031992687385740404 0.03042763157894737
1 0.7097806215722121 0.6324013157894737 0.029250457038391225 0.024671052631578948
1 0.6078610603290676 0.16077302631578946 0.04113345521023766 0.04111842105263158
1 0.7883912248628885 0.3125 0.029250457038391225 0.024671052631578948
1 0.7490859232175503 0.2722039473684211 0.0283363802559415 0.02549342105263158
1 0.7408592321755028 0.30633223684210525 0.027422303473491772 0.024671052631578948
1 0.7308043875685558 0.17557565789473684 0.027422303473491772 0.023026315789473683
1 0.9812614259597806 0.4634046052631579 0.02010968921389397 0.018092105263157895
1 0.8857404021937842 0.8297697368421053 0.031078610603290677 0.02549342105263158
1 0.49405850091407677 0.608141447368421 0.025594149908592323 0.02138157894736842
1 0.9588665447897623 0.865953947368421 0.026508226691042046 0.023848684210526317
1 0.9314442413162706 0.8696546052631579 0.033820840950639856 0.029605263157894735
1 0.07084095063985375 0.9140625 0.03016453382084095 0.028782894736842105
1 0.4287020109689214 0.29769736842105265 0.03473491773308958 0.028782894736842105
1 0.08546617915904936 0.3268914473684211 0.029250457038391225 0.024671052631578948
1 0.6147166361974405 0.6114309210526315 0.031078610603290677 0.027960526315789474
1 0.7285191956124314 0.6192434210526315 0.0283363802559415 0.024671052631578948
1 0.573583180987203 0.15460526315789475 0.038391224862888484 0.038651315789473686
1 0.9853747714808044 0.6694078947368421 0.029250457038391225 0.03536184210526316
1 0.576782449725777 0.12417763157894737 0.033820840950639856 0.02631578947368421
1 0.21617915904936014 0.2060032894736842 0.0356489945155393 0.03042763157894737
1 0.16316270566727606 0.8211348684210527 0.029250457038391225 0.024671052631578948
1 0.2554844606946984 0.6747532894736842 0.022851919561243144 0.019736842105263157
1 0.6782449725776966 0.24958881578947367 0.026508226691042046 0.02549342105263158
1 0.9085923217550275 0.9494243421052632 0.022851919561243144 0.02055921052631579
0 0.05621572212065813 0.8384046052631579 0.0283363802559415 0.023026315789473683
1 0.8583180987202925 0.48848684210526316 0.029250457038391225 0.027138157894736843
1 0.38711151736745886 0.2816611842105263 0.0283363802559415 0.02631578947368421
1 0.7970749542961609 0.4856085526315789 0.026508226691042046 0.023026315789473683
1 0.5987202925045704 0.7360197368421053 0.02010968921389397 0.017269736842105265
1 0.6284277879341865 0.8560855263157895 0.03473491773308958 0.03289473684210526
1 0.9255027422303473 0.9420230263157895 0.02010968921389397 0.018914473684210526
1 0.6357404021937842 0.13651315789473684 0.038391224862888484 0.028782894736842105
1 0.7193784277879341 0.4934210526315789 0.03473491773308958 0.027960526315789474
1 0.7874771480804388 0.6969572368421053 0.025594149908592323 0.018092105263157895
1 0.9657221206581352 0.623766447368421 0.018281535648994516 0.018914473684210526
1 0.6983546617915904 0.26480263157894735 0.027422303473491772 0.027138157894736843
1 0.5914076782449725 0.7660361842105263 0.024680073126142597 0.02055921052631579
1 0.41361974405850094 0.6443256578947368 0.03016453382084095 0.028782894736842105
1 0.09734917733089579 0.9029605263157895 0.033820840950639856 0.03125
1 0.2586837294332724 0.7195723684210527 0.027422303473491772 0.023848684210526317
1 0.3327239488117002 0.46792763157894735 0.022851919561243144 0.02055921052631579
1 0.42230347349177333 0.2709703947368421 0.031078610603290677 0.023848684210526317
1 0.7207495429616088 0.5608552631578947 0.031078610603290677 0.02549342105263158
1 0.5027422303473492 0.3626644736842105 0.03016453382084095 0.02055921052631579
1 0.4904021937842779 0.40707236842105265 0.03473491773308958 0.027960526315789474
1 0.006855575868372943 0.6735197368421053 0.013711151736745886 0.019736842105263157
1 0.9021937842778793 0.8540296052631579 0.029250457038391225 0.024671052631578948
1 0.603290676416819 0.796875 0.021937842778793418 0.017269736842105265
1 0.44149908592321757 0.4909539473684211 0.024680073126142597 0.02055921052631579
1 0.386654478976234 0.6488486842105263 0.0283363802559415 0.028782894736842105
0 0.376599634369287 0.07730263157894737 0.029250457038391225 0.022203947368421052
1 0.32678244972577697 0.21052631578947367 0.03656307129798903 0.02549342105263158
1 0.5022851919561243 0.5945723684210527 0.022851919561243144 0.019736842105263157
1 0.8647166361974405 0.852796052631579 0.0356489945155393 0.029605263157894735
1 0.4835466179159049 0.3449835526315789 0.025594149908592323 0.022203947368421052
0 0.3743144424131627 0.05180921052631579 0.03656307129798903 0.028782894736842105
1 0.396709323583181 0.8758223684210527 0.02376599634369287 0.02055921052631579
1 0.4428702010968921 0.6200657894736842 0.031992687385740404 0.03125
1 0.4789762340036563 0.7150493421052632 0.022851919561243144 0.018914473684210526
0 0.35283363802559414 0.12047697368421052 0.033820840950639856 0.029605263157894735
0 0.7097806215722121 0.4284539473684211 0.02010968921389397 0.017269736842105265
1 0.373400365630713 0.6410361842105263 0.0283363802559415 0.028782894736842105
1 0.28016453382084094 0.6944901315789473 0.025594149908592323 0.02138157894736842
1 0.8121572212065814 0.7335526315789473 0.027422303473491772 0.027138157894736843
1 0.5685557586837294 0.055509868421052634 0.03930530164533821 0.03042763157894737
1 0.7010968921389397 0.6126644736842105 0.025594149908592323 0.023026315789473683
1 0.4369287020109689 0.6558388157894737 0.027422303473491772 0.027138157894736843
1 0.7463436928702011 0.5694901315789473 0.029250457038391225 0.022203947368421052
1 0.6430530164533821 0.17023026315789475 0.03473491773308958 0.04194078947368421
1 0.6421389396709324 0.25616776315789475 0.0283363802559415 0.022203947368421052
1 0.3235831809872029 0.5053453947368421 0.02010968921389397 0.018914473684210526
1 0.7189213893967094 0.26644736842105265 0.02102376599634369 0.02549342105263158
1 0.4547531992687386 0.22779605263157895 0.03016453382084095 0.022203947368421052
0 0.7061243144424132 0.5834703947368421 0.022851919561243144 0.017269736842105265
1 0.6106032906764168 0.19366776315789475 0.043875685557586835 0.028782894736842105
1 0.7577696526508226 0.7002467105263158 0.022851919561243144 0.023026315789473683
1 0.953382084095064 0.6167763157894737 0.016453382084095063 0.018914473684210526
1 0.12979890310786105 0.07483552631578948 0.024680073126142597 0.023848684210526317
0 0.5237659963436929 0.15213815789473684 0.03656307129798903 0.03536184210526316
0 0.7815356489945156 0.4465460526315789 0.025594149908592323 0.02055921052631579
1 0.5525594149908593 0.17763157894736842 0.033820840950639856 0.028782894736842105
1 0.029250457038391225 0.8351151315789473 0.029250457038391225 0.02631578947368421
0 0.32678244972577697 0.10526315789473684 0.029250457038391225 0.027960526315789474
0 0.34186471663619744 0.04975328947368421 0.031078610603290677 0.027960526315789474
1 0.5 0.7220394736842105 0.02010968921389397 0.017269736842105265
1 0.2655393053016453 0.740953947368421 0.026508226691042046 0.023848684210526317
1 0.6023765996343693 0.11225328947368421 0.03016453382084095 0.02631578947368421
1 0.46526508226691043 0.24671052631578946 0.025594149908592323 0.022203947368421052
1 0.2920475319926874 0.6615953947368421 0.02376599634369287 0.02138157894736842
1 0.7577696526508226 0.3203125 0.024680073126142597 0.024671052631578948
1 0.7815356489945156 0.7117598684210527 0.025594149908592323 0.022203947368421052
0 0.30210237659963435 0.10731907894736842 0.03016453382084095 0.028782894736842105
1 0.8514625228519196 0.5838815789473685 0.021937842778793418 0.022203947368421052
1 0.7047531992687386 0.4543585526315789 0.025594149908592323 0.017269736842105265
0 0.22074954296160879 0.07606907894736842 0.0283363802559415 0.023848684210526317
1 0.5155393053016454 0.5057565789473685 0.024680073126142597 0.023026315789473683
1 0.7413162705667276 0.6747532894736842 0.024680073126142597 0.024671052631578948
0 0.42915904936014626 0.13692434210526316 0.03473491773308958 0.03125
1 0.4789762340036563 0.6295230263157895 0.033820840950639856 0.02549342105263158
0 0.3692870201096892 0.5526315789473685 0.0283363802559415 0.02549342105263158
1 0.7751371115173674 0.328125 0.02376599634369287 0.022203947368421052
1 0.7728519195612431 0.7265625 0.02376599634369287 0.02138157894736842
0 0.2609689213893967 0.14514802631578946 0.031078610603290677 0.02549342105263158
1 0.6215722120658135 0.826891447368421 0.029250457038391225 0.024671052631578948
1 0.010054844606946984 0.40542763157894735 0.019195612431444242 0.027138157894736843
0 0.8212979890310786 0.8379934210526315 0.019195612431444242 0.017269736842105265
1 0.6188299817184644 0.7430098684210527 0.02010968921389397 0.018092105263157895
0 0.30575868372943327 0.14391447368421054 0.03016453382084095 0.02549342105263158
0 0.25822669104204754 0.3527960526315789 0.026508226691042046 0.02549342105263158
1 0.6997257769652651 0.6537828947368421 0.029250457038391225 0.027960526315789474
1 0.41819012797074956 0.4995888157894737 0.02102376599634369 0.018914473684210526
1 0.7623400365630713 0.5238486842105263 0.031078610603290677 0.027960526315789474
0 0.9625228519195612 0.5546875 0.02010968921389397 0.015625
1 0.4063071297989031 0.30838815789473684 0.0283363802559415 0.02631578947368421
1 0.5146252285191956 0.3511513157894737 0.02376599634369287 0.02055921052631579
1 0.4584095063985375 0.641858552631579 0.0283363802559415 0.027138157894736843
0 0.2783363802559415 0.15871710526315788 0.025594149908592323 0.02138157894736842
1 0.6389396709323584 0.11677631578947369 0.0283363802559415 0.018092105263157895
1 0.9154478976234004 0.9765625 0.02102376599634369 0.017269736842105265
0 0.9913162705667276 0.4420230263157895 0.01736745886654479 0.017269736842105265
1 0.4163619744058501 0.2524671052631579 0.025594149908592323 0.022203947368421052
1 0.24451553930530165 0.7495888157894737 0.024680073126142597 0.023026315789473683
1 0.3423217550274223 0.5686677631578947 0.03290676416819013 0.03536184210526316
1 0.993601462522852 0.6291118421052632 0.012797074954296161 0.033717105263157895
1 0.46115173674588666 0.20888157894736842 0.0283363802559415 0.018092105263157895
1 0.48171846435100546 0.4831414473684211 0.018281535648994516 0.02055921052631579
0 0.9026508226691042 0.8754111842105263 0.025594149908592323 0.019736842105263157
1 0.06946983546617916 0.6554276315789473 0.02102376599634369 0.019736842105263157
1 0.8368372943327239 0.5 0.022851919561243144 0.023848684210526317
1 0.7550274223034735 0.4946546052631579 0.029250457038391225 0.02549342105263158
1 0.2719378427787934 0.23601973684210525 0.0356489945155393 0.03125
0 0.23308957952468007 0.10978618421052631 0.03016453382084095 0.024671052631578948
1 0.753199268738574 0.16529605263157895 0.021937842778793418 0.019736842105263157
0 0.40676416819012795 0.6204769736842105 0.029250457038391225 0.024671052631578948
1 0.27239488117001825 0.6295230263157895 0.026508226691042046 0.023848684210526317
0 0.7509140767824497 0.2512335526315789 0.022851919561243144 0.018092105263157895
1 0.603290676416819 0.5764802631578947 0.024680073126142597 0.02055921052631579
0 0.03016453382084095 0.6768092105263158 0.02010968921389397 0.018092105263157895
1 0.5150822669104205 0.39925986842105265 0.02376599634369287 0.023848684210526317
0 0.38391224862888484 0.12129934210526316 0.027422303473491772 0.02631578947368421
0 0.6156307129798904 0.9576480263157895 0.018281535648994516 0.017269736842105265
1 0.9497257769652651 0.6455592105263158 0.01736745886654479 0.018914473684210526
0 0.3414076782449726 0.09087171052631579 0.0283363802559415 0.02055921052631579
0 0.793418647166362 0.4239309210526316 0.022851919561243144 0.01644736842105263
1 0.4963436928702011 0.515625 0.01736745886654479 0.017269736842105265
1 0.7038391224862889 0.5382401315789473 0.026508226691042046 0.023848684210526317
0 0.7970749542961609 0.6361019736842105 0.02376599634369287 0.019736842105263157
1 0.7947897623400365 0.3338815789473684 0.02376599634369287 0.02055921052631579
1 0.9931444241316271 0.8363486842105263 0.013711151736745886 0.023026315789473683
1 0.6928702010968921 0.22615131578947367 0.022851919561243144 0.019736842105263157
1 0.8171846435100548 0.17064144736842105 0.029250457038391225 0.023848684210526317
1 0.723491773308958 0.6476151315789473 0.02376599634369287 0.023848684210526317
1 0.2883912248628885 0.7458881578947368 0.0283363802559415 0.028782894736842105
0 0.9721206581352834 0.5974506578947368 0.01736745886654479 0.014802631578947368
1 0.7102376599634369 0.5193256578947368 0.02376599634369287 0.02055921052631579
1 0.8829981718464351 0.8116776315789473 0.022851919561243144 0.015625
1 0.031992687385740404 0.6208881578947368 0.018281535648994516 0.01644736842105263
1 0.24360146252285192 0.5760690789473685 0.02102376599634369 0.023026315789473683
1 0.7714808043875686 0.18667763157894737 0.02376599634369287 0.023026315789473683
1 0.9259597806215722 0.6369243421052632 0.019195612431444242 0.017269736842105265
0 0.7074954296160878 0.594983552631579 0.02102376599634369 0.011513157894736841
1 0.026508226691042046 0.6632401315789473 0.022851919561243144 0.01644736842105263
0 0.2760511882998172 0.23807565789473684 0.03016453382084095 0.028782894736842105
1 0.24223034734917734 0.13733552631578946 0.018281535648994516 0.022203947368421052
1 0.659963436928702 0.6130756578947368 0.02102376599634369 0.019736842105263157
1 0.7614259597806216 0.6595394736842105 0.02102376599634369 0.018092105263157895
0 0.6028336380255942 0.9469572368421053 0.02010968921389397 0.017269736842105265
1 0.8153564899451554 0.7117598684210527 0.024680073126142597 0.018914473684210526
0 0.35511882998171845 0.07236842105263158 0.024680073126142597 0.023848684210526317
0 0.9593235831809872 0.694078947368421 0.026508226691042046 0.023026315789473683
1 0.6197440585009141 0.004934210526315789 0.029250457038391225 0.009868421052631578
0 0.20840950639853748 0.10238486842105263 0.024680073126142597 0.02138157894736842
0 0.22806215722120657 0.13527960526315788 0.024680073126142597 0.02138157894736842
0 0.9730347349177331 0.6089638157894737 0.01736745886654479 0.015625
0 0.9862888482632541 0.6077302631578947 0.015539305301645339 0.015625
0 0.7129798903107861 0.24876644736842105 0.021937842778793418 0.017269736842105265
1 0.7390310786106032 0.5135690789473685 0.025594149908592323 0.022203947368421052
0 0.5507312614259597 0.14309210526315788 0.024680073126142597 0.024671052631578948
1 0.7655393053016454 0.740953947368421 0.01736745886654479 0.017269736842105265
0 0.22257769652650822 0.36800986842105265 0.0283363802559415 0.02631578947368421
0 0.7925045703839122 0.5958059210526315 0.024680073126142597 0.019736842105263157
1 0.7975319926873857 0.733141447368421 0.0356489945155393 0.028782894736842105
1 0.5027422303473492 0.3717105263157895 0.033820840950639856 0.029605263157894735
0 0.3281535648994516 0.5489309210526315 0.024680073126142597 0.022203947368421052
0 0.25685557586837293 0.16611842105263158 0.025594149908592323 0.02055921052631579
0 0.5712979890310786 0.10485197368421052 0.031078610603290677 0.022203947368421052
1 0.7893053016453382 0.7319078947368421 0.021937842778793418 0.024671052631578948
1 0.5415904936014625 0.046052631578947366 0.02010968921389397 0.02055921052631579
1 0.776508226691042 0.5620888157894737 0.02010968921389397 0.02055921052631579
1 0.8222120658135283 0.46710526315789475 0.02376599634369287 0.02631578947368421
1 0.01416819012797075 0.6155427631578947 0.019195612431444242 0.019736842105263157
1 0.726691042047532 0.5353618421052632 0.021937842778793418 0.02138157894736842
0 0.529707495429616 0.8100328947368421 0.021937842778793418 0.019736842105263157
1 0.21389396709323583 0.8075657894736842 0.024680073126142597 0.022203947368421052
1 0.11288848263254113 0.9054276315789473 0.019195612431444242 0.027138157894736843
1 0.953382084095064 0.8470394736842105 0.018281535648994516 0.015625
1 0.783363802559415 0.3606085526315789 0.01736745886654479 0.01644736842105263
1 0.015539305301645339 0.11101973684210527 0.019195612431444242 0.02138157894736842
1 0.5141681901279708 0.9144736842105263 0.019195612431444242 0.018914473684210526
0 0.9625228519195612 0.5699013157894737 0.019195612431444242 0.015625
