1 0.22760511882998172 0.08552631578947369 0.031992687385740404 0.027960526315789474
1 0.4556672760511883 0.1533717105263158 0.03656307129798903 0.03453947368421053
1 0.6430530164533821 0.44243421052631576 0.03930530164533821 0.03700657894736842
1 0.6755027422303473 0.4420230263157895 0.03473491773308958 0.03125
1 0.23354661791590495 0.1278782894736842 0.0283363802559415 0.032072368421052634
1 0.4844606946983547 0.15378289473684212 0.03016453382084095 0.03042763157894737
1 0.6078610603290676 0.4465460526315789 0.038391224862888484 0.03453947368421053
1 0.14396709323583182 0.3618421052631579 0.031078610603290677 0.027960526315789474
1 0.24908592321755027 0.3762335526315789 0.031992687385740404 0.027960526315789474
1 0.08638025594149909 0.4083059210526316 0.038391224862888484 0.03453947368421053
1 0.17276051188299818 0.44120065789473684 0.04296160877513711 0.029605263157894735
1 0.25822669104204754 0.12623355263157895 0.031992687385740404 0.029605263157894735
1 0.2746800731261426 0.10773026315789473 0.03290676416819013 0.027960526315789474
1 0.2797074954296161 0.1377467105263158 0.025594149908592323 0.024671052631578948
1 0.22806215722120657 0.3926809210526316 0.031078610603290677 0.028782894736842105
1 0.20749542961608775 0.37582236842105265 0.0283363802559415 0.029605263157894735
1 0.1293418647166362 0.45024671052631576 0.0356489945155393 0.027960526315789474
1 0.1425959780621572 0.40707236842105265 0.029250457038391225 0.03125
1 0.21069469835466179 0.4152960526315789 0.03930530164533821 0.03289473684210526
1 0.11745886654478976 0.4144736842105263 0.024680073126142597 0.028782894736842105
1 0.17047531992687387 0.3930921052631579 0.03473491773308958 0.032072368421052634
1 0.26051188299817185 0.3980263157894737 0.024680073126142597 0.02138157894736842
1 0.17915904936014626 0.4161184210526316 0.02376599634369287 0.024671052631578948
1 0.1183729433272395 0.42351973684210525 0.022851919561243144 0.028782894736842105
