1 0.4305301645338208 0.5476973684210527 0.03656307129798903 0.024671052631578948
1 0.3953382084095064 0.21792763157894737 0.03473491773308958 0.03125
1 0.2856489945155393 0.0727796052631579 0.04113345521023766 0.03125
1 0.21617915904936014 0.09333881578947369 0.0356489945155393 0.03042763157894737
1 0.569926873857404 0.5575657894736842 0.03656307129798903 0.027138157894736843
1 0.6170018281535649 0.3782894736842105 0.03656307129798903 0.029605263157894735
1 0.5909506398537477 0.038651315789473686 0.0356489945155393 0.028782894736842105
1 0.9250457038391224 0.41036184210526316 0.0283363802559415 0.022203947368421052
1 0.20109689213893966 0.34868421052631576 0.033820840950639856 0.029605263157894735
1 0.9872029250457038 0.47491776315789475 0.025594149908592323 0.027138157894736843
1 0.36060329067641683 0.22245065789473684 0.03656307129798903 0.029605263157894735
1 0.7943327239488117 0.11677631578947369 0.026508226691042046 0.023026315789473683
1 0.956581352833638 0.09786184210526316 0.03016453382084095 0.023848684210526317
1 0.3953382084095064 0.02425986842105263 0.03656307129798903 0.03042763157894737
1 0.2687385740402194 0.3215460526315789 0.0356489945155393 0.028782894736842105
0 0.6092321755027422 0.5464638157894737 0.029250457038391225 0.02549342105263158
1 0.9319012797074955 0.32894736842105265 0.0356489945155393 0.028782894736842105
1 0.5740402193784278 0.7923519736842105 0.038391224862888484 0.03125
1 0.4040219378427788 0.5653782894736842 0.03290676416819013 0.029605263157894735
1 0.23446069469835465 0.1747532894736842 0.0283363802559415 0.02138157894736842
1 0.9012797074954296 0.5982730263157895 0.031992687385740404 0.02631578947368421
1 0.360146252285192 0.4720394736842105 0.03656307129798903 0.028782894736842105
1 0.4053930530164534 0.14884868421052633 0.03016453382084095 0.024671052631578948
1 0.8706581352833638 0.11430921052631579 0.029250457038391225 0.023848684210526317
1 0.32678244972577697 0.26069078947368424 0.033820840950639856 0.024671052631578948
1 0.8638025594149908 0.3470394736842105 0.031078610603290677 0.027138157894736843
1 0.2413162705667276 0.06949013157894737 0.03656307129798903 0.032072368421052634
1 0.5425045703839122 0.7820723684210527 0.0356489945155393 0.033717105263157895
1 0.44104204753199266 0.109375 0.031992687385740404 0.024671052631578948
1 0.4008226691042048 0.4699835526315789 0.03656307129798903 0.033717105263157895
1 0.3679159049360146 0.18544407894736842 0.033820840950639856 0.027138157894736843
1 0.6508226691042047 0.4732730263157895 0.0356489945155393 0.028782894736842105
1 0.45018281535648996 0.5686677631578947 0.03290676416819013 0.027960526315789474
1 0.6988117001828154 0.44819078947368424 0.03290676416819013 0.02631578947368421
1 0.8194698354661791 0.109375 0.03016453382084095 0.023026315789473683
1 0.6997257769652651 0.42475328947368424 0.027422303473491772 0.019736842105263157
1 0.2303473491773309 0.3412828947368421 0.03473491773308958 0.028782894736842105
1 0.9008226691042047 0.5439967105263158 0.033820840950639856 0.02549342105263158
1 0.6320840950639853 0.4009046052631579 0.033820840950639856 0.029605263157894735
1 0.9319012797074955 0.5884046052631579 0.031992687385740404 0.03125
1 0.4273308957952468 0.5842927631578947 0.03473491773308958 0.03042763157894737
1 0.3743144424131627 0.5789473684210527 0.0356489945155393 0.03042763157894737
1 0.4296160877513711 0.1377467105263158 0.0283363802559415 0.023848684210526317
1 0.2929616087751371 0.3059210526315789 0.027422303473491772 0.023848684210526317
0 0.16727605118829983 0.24671052631578946 0.025594149908592323 0.02138157894736842
1 0.010968921389396709 0.3807565789473684 0.021937842778793418 0.03042763157894737
1 0.3473491773308958 0.0834703947368421 0.031078610603290677 0.023848684210526317
1 0.5621572212065814 0.5337171052631579 0.037477148080438755 0.02631578947368421
1 0.4616087751371115 0.49300986842105265 0.03290676416819013 0.02631578947368421
1 0.9725776965265083 0.4551809210526316 0.031992687385740404 0.023026315789473683
1 0.5978062157221207 0.4029605263157895 0.033820840950639856 0.028782894736842105
1 0.9712065813528337 0.2993421052631579 0.03930530164533821 0.03289473684210526
1 0.9218464351005484 0.2730263157894737 0.04570383912248629 0.03536184210526316
1 0.5818098720292505 0.811266447368421 0.04570383912248629 0.029605263157894735
1 0.6051188299817185 0.7787828947368421 0.0356489945155393 0.03700657894736842
1 0.36288848263254114 0.4370888157894737 0.03656307129798903 0.023848684210526317
1 0.2376599634369287 0.3149671052631579 0.03473491773308958 0.028782894736842105
0 0.533363802559415 0.22861842105263158 0.03016453382084095 0.023026315789473683
1 0.979890310786106 0.3815789473684211 0.025594149908592323 0.02055921052631579
1 0.9524680073126143 0.501233552631579 0.031992687385740404 0.027960526315789474
1 0.9634369287020109 0.3675986842105263 0.024680073126142597 0.02138157894736842
0 0.4373857404021938 0.041529605263157895 0.0356489945155393 0.03042763157894737
1 0.8971663619744058 0.5723684210526315 0.033820840950639856 0.02631578947368421
0 0.5278793418647166 0.023026315789473683 0.029250457038391225 0.023848684210526317
1 0.6805301645338209 0.4745065789473684 0.026508226691042046 0.023848684210526317
1 0.39579524680073125 0.5999177631578947 0.03290676416819013 0.027138157894736843
0 0.4305301645338208 0.45476973684210525 0.03016453382084095 0.023848684210526317
1 0.19515539305301646 0.22902960526315788 0.031992687385740404 0.02549342105263158
1 0.8391224862888482 0.3511513157894737 0.026508226691042046 0.027138157894736843
1 0.41042047531992687 0.3824013157894737 0.031078610603290677 0.02138157894736842
1 0.9172760511882998 0.2504111842105263 0.043875685557586835 0.024671052631578948
1 0.529707495429616 0.049342105263157895 0.03016453382084095 0.03042763157894737
1 0.8560329067641682 0.40337171052631576 0.031078610603290677 0.023848684210526317
1 0.9163619744058501 0.30756578947368424 0.03473491773308958 0.02549342105263158
1 0.783363802559415 0.02261513157894737 0.02010968921389397 0.015625
1 0.9236745886654479 0.4967105263157895 0.029250457038391225 0.023848684210526317
1 0.3537477148080439 0.05879934210526316 0.027422303473491772 0.019736842105263157
1 0.926873857404022 0.4777960526315789 0.0283363802559415 0.018914473684210526
1 0.8674588665447898 0.37212171052631576 0.0283363802559415 0.023848684210526317
0 0.46755027422303475 0.11636513157894737 0.024680073126142597 0.017269736842105265
1 0.3482632541133455 0.1981907894736842 0.0356489945155393 0.027138157894736843
0 0.5018281535648994 0.038240131578947366 0.031992687385740404 0.02549342105263158
0 0.46206581352833637 0.028782894736842105 0.03290676416819013 0.02631578947368421
1 0.8578610603290676 0.5682565789473685 0.03016453382084095 0.023848684210526317
1 0.3235831809872029 0.2816611842105263 0.031992687385740404 0.023026315789473683
0 0.5041133455210237 0.060032894736842105 0.03016453382084095 0.023026315789473683
1 0.886654478976234 0.6147203947368421 0.029250457038391225 0.02631578947368421
1 0.9259597806215722 0.5176809210526315 0.026508226691042046 0.018914473684210526
1 0.6604204753199269 0.4395559210526316 0.02376599634369287 0.019736842105263157
0 0.04936014625228519 0.025082236842105265 0.02010968921389397 0.017269736842105265
0 0.5050274223034735 0.0078125 0.04204753199268738 0.015625
0 0.4419561243144424 0.013980263157894737 0.033820840950639856 0.027138157894736843
1 0.8578610603290676 0.328125 0.027422303473491772 0.02055921052631579
0 0.9579524680073126 0.25287828947368424 0.031078610603290677 0.023026315789473683
0 0.886654478976234 0.29399671052631576 0.03016453382084095 0.023848684210526317
1 0.9392138939670932 0.3893914473684211 0.0283363802559415 0.018092105263157895
1 0.966636197440585 0.33182565789473684 0.03656307129798903 0.03125
1 0.9497257769652651 0.4732730263157895 0.02010968921389397 0.02138157894736842
1 0.37294332723948814 0.0678453947368421 0.024680073126142597 0.023026315789473683
1 0.3670018281535649 0.6007401315789473 0.027422303473491772 0.023026315789473683
0 0.8861974405850092 0.27179276315789475 0.031078610603290677 0.024671052631578948
1 0.46526508226691043 0.4370888157894737 0.03290676416819013 0.023848684210526317
1 0.27010968921389394 0.2722039473684211 0.033820840950639856 0.024671052631578948
1 0.26691042047531993 0.2911184210526316 0.029250457038391225 0.022203947368421052
1 0.8139853747714808 0.12828947368421054 0.02376599634369287 0.017269736842105265
1 0.6535648994515539 0.45230263157894735 0.024680073126142597 0.015625
1 0.5818098720292505 0.3828125 0.025594149908592323 0.023026315789473683
0 0.9675502742230347 0.1484375 0.027422303473491772 0.022203947368421052
0 0.18418647166361973 0.21011513157894737 0.024680073126142597 0.019736842105263157
1 0.9127056672760512 0.3918585526315789 0.024680073126142597 0.02055921052631579
1 0.2006398537477148 0.1689967105263158 0.026508226691042046 0.018092105263157895
1 0.4382998171846435 0.15542763157894737 0.025594149908592323 0.02055921052631579
0 0.14853747714808044 0.2236842105263158 0.026508226691042046 0.019736842105263157
1 0.17915904936014626 0.15213815789473684 0.03930530164533821 0.028782894736842105
1 0.8788848263254113 0.390625 0.02010968921389397 0.019736842105263157
0 0.5521023765996343 0.805921052631579 0.021937842778793418 0.02055921052631579
0 0.8706581352833638 0.5530427631578947 0.02376599634369287 0.019736842105263157
1 0.993601462522852 0.3412828947368421 0.012797074954296161 0.03042763157894737
1 0.9346435100548446 0.3725328947368421 0.031992687385740404 0.02055921052631579
0 0.47074954296160876 0.0703125 0.03290676416819013 0.023848684210526317
0 0.9812614259597806 0.2631578947368421 0.0283363802559415 0.027138157894736843
0 0.14625228519195613 0.24054276315789475 0.027422303473491772 0.02055921052631579
1 0.5648994515539305 0.08141447368421052 0.0283363802559415 0.017269736842105265
0 0.018738574040219377 0.02631578947368421 0.019195612431444242 0.017269736842105265
0 0.9181901279707495 0.09786184210526316 0.022851919561243144 0.018914473684210526
0 0.26142595978062155 0.10773026315789473 0.026508226691042046 0.02138157894736842
0 0.25 0.18544407894736842 0.019195612431444242 0.018092105263157895
0 0.5740402193784278 0.013157894736842105 0.0283363802559415 0.023026315789473683
1 0.45429616087751373 0.1377467105263158 0.022851919561243144 0.02138157894736842
1 0.5804387568555759 0.7652138157894737 0.027422303473491772 0.02549342105263158
0 0.9904021937842779 0.3647203947368421 0.019195612431444242 0.022203947368421052
1 0.9204753199268738 0.615953947368421 0.037477148080438755 0.02631578947368421
1 0.9250457038391224 0.5633223684210527 0.025594149908592323 0.022203947368421052
0 0.979890310786106 0.35526315789473684 0.021937842778793418 0.01644736842105263
1 0.8478062157221207 0.26274671052631576 0.022851919561243144 0.02138157894736842
1 0.3802559414990859 0.48848684210526316 0.029250457038391225 0.02055921052631579
0 0.9282449725776966 0.35567434210526316 0.02102376599634369 0.01644736842105263
1 0.44012797074954296 0.4946546052631579 0.018281535648994516 0.014802631578947368
1 0.7856489945155393 0.039473684210526314 0.02010968921389397 0.013157894736842105
0 0.46755027422303475 0.006167763157894737 0.0356489945155393 0.012335526315789474
1 0.2687385740402194 0.17722039473684212 0.024680073126142597 0.019736842105263157
0 0.07861060329067641 0.049342105263157895 0.021937842778793418 0.018914473684210526
1 0.2180073126142596 0.18379934210526316 0.022851919561243144 0.02138157894736842
0 0.5571297989031079 0.03536184210526316 0.03290676416819013 0.027138157894736843
1 0.22074954296160879 0.004934210526315789 0.022851919561243144 0.009868421052631578
1 0.24862888482632542 0.2878289473684211 0.02376599634369287 0.02055921052631579
