1 0.69125 0.2828207051762941 0.0575 0.05476369092273068
1 0.51 0.7055513878469617 0.0525 0.04426106526631658
1 0.27625 0.8724681170292573 0.0375 0.035258814703675916
1 0.31125 0.8788447111777945 0.04 0.035258814703675916
0 0.9325916666666666 0.04522130532633158 0.03245833333333334 0.03210802700675169
1 0.9308333333333333 0.011252813203300824 0.03 0.02250562640660165
1 0.43666666666666665 0.5528882220555139 0.03166666666666667 0.030007501875468866
1 0.45375 0.5825206301575394 0.035 0.029257314328582147
1 0.46791666666666665 0.5450112528132033 0.0325 0.025506376594148537
1 0.39666666666666667 0.8203300825206301 0.0475 0.03900975243810953
1 0.8745833333333334 0.052138034508627154 0.0325 0.03825956489122281
1 0.795 0.24643660915228807 0.05583333333333333 0.05101275318829707
1 0.4825 0.5660165041260315 0.034166666666666665 0.03075768942235559
1 0.019583333333333335 0.8758439609902475 0.0375 0.024756189047261814
0 0.5225 0.5892723180795199 0.030833333333333334 0.021005251312828207
0 0.04666666666666667 0.8529632408102026 0.035833333333333335 0.028507126781695424
0 0.8052833333333334 0.11652663165791449 0.030191666666666665 0.03402100525131283
1 0.8060416666666667 0.08662415603900975 0.030766666666666668 0.030052513128282072
0 0.5170833333333333 0.626781695423856 0.03333333333333333 0.02250562640660165
0 0.39916666666666667 0.7895723930982745 0.030833333333333334 0.023255813953488372
0 0.6320833333333333 0.2663165791447862 0.04083333333333333 0.03675918979744936
1 0.014166666666666666 0.6042760690172543 0.028333333333333332 0.02700675168792198
1 0.9916666666666667 0.6012753188297074 0.016666666666666666 0.024756189047261814
1 0.5966666666666667 0.25881470367591897 0.029166666666666667 0.03375843960990248
0 0.5191666666666667 0.6061515378844711 0.03 0.02175543885971493
0 0.9508333333333333 0.028882220555138786 0.029166666666666667 0.0277569392348087
0 0.3020833333333333 0.9894973743435859 0.03333333333333333 0.020255063765941484
1 0.6590666666666667 0.3142835708927232 0.057300000000000004 0.04117029257314329
1 0.7613916666666666 0.13918979744936233 0.04860833333333333 0.03906976744186046
0 0.3875 0.77344336084021 0.035833333333333335 0.025506376594148537
1 0.4454166666666667 0.5345086271567892 0.024166666666666666 0.018754688672168042
0 0.33958333333333335 0.6357839459864967 0.03 0.029257314328582147
0 0.2525 0.9669917479369843 0.030833333333333334 0.02625656414103526
1 0.4575 0.08739684921230308 0.029166666666666667 0.024006001500375095
1 0.6166666666666667 0.23518379594898725 0.029166666666666667 0.023255813953488372
0 0.27584166666666665 0.9868567141785447 0.024291666666666666 0.014223555888972244
0 0.28910833333333336 0.9712828207051764 0.02861666666666667 0.02096774193548387
1 0.9783833333333333 0.5053038259564891 0.030908333333333336 0.0272768192048012
0 0.8271416666666667 0.09336084021005252 0.020866666666666665 0.03286571642910728
1 0.3531333333333333 0.7820480120030008 0.034949999999999995 0.035566391597899476
0 0.5669 0.6289722430607652 0.030891666666666668 0.023713428357089273
