0 0.5566666666666666 0.9628657164291072 0.04583333333333333 0.03900975243810953
0 0.7470833333333333 0.16054013503375844 0.0325 0.02250562640660165
0 0.6370833333333333 0.9591147786946737 0.03833333333333333 0.03675918979744936
0 0.6054166666666667 0.9317329332333083 0.0425 0.037509377344336084
1 0.35291666666666666 0.5157539384846211 0.03333333333333333 0.037509377344336084
0 0.7495833333333334 0.13840960240060016 0.03333333333333333 0.0277569392348087
0 0.7266666666666667 0.1444111027756939 0.024166666666666666 0.025506376594148537
0 0.77375 0.15003750937734434 0.025833333333333333 0.02700675168792198
0 0.6741666666666667 0.8852213053263316 0.03916666666666667 0.03825956489122281
0 0.645 0.9103525881470368 0.056666666666666664 0.04576144036009002
0 0.5995833333333334 0.9688672168042011 0.045 0.04051012753188297
0 0.6016666666666667 0.8960990247561891 0.03333333333333333 0.0345086271567892
0 0.6941666666666667 0.9073518379594899 0.034166666666666665 0.035258814703675916
1 0.22208333333333333 0.12190547636909227 0.049166666666666664 0.04426106526631658
0 0.62125 0.8788447111777945 0.03666666666666667 0.03225806451612903
1 0.56375 0.9302325581395349 0.04083333333333333 0.0345086271567892
0 0.6629166666666667 0.9321080270067517 0.0525 0.03150787696924231
1 0.15 0.006751687921980495 0.035 0.01350337584396099
1 0.6433333333333333 0.9111027756939235 0.05333333333333334 0.04276069017254314
0 0.32375 0.6312828207051763 0.03 0.02625656414103526
0 0.6496833333333334 0.8624456114028508 0.04695833333333333 0.026046511627906974
