1 0.47486288848263253 0.5448190789473685 0.0356489945155393 0.027138157894736843
1 0.24085923217550273 0.8445723684210527 0.03290676416819013 0.02631578947368421
1 0.3720292504570384 0.9486019736842105 0.02376599634369287 0.022203947368421052
1 0.06581352833638025 0.9272203947368421 0.03290676416819013 0.02631578947368421
1 0.49817184643510054 0.584703947368421 0.031078610603290677 0.027960526315789474
1 0.1960694698354662 0.8782894736842105 0.029250457038391225 0.02631578947368421
1 0.8126142595978062 0.6282894736842105 0.031078610603290677 0.023848684210526317
1 0.26416819012797077 0.8873355263157895 0.0283363802559415 0.023848684210526317
1 0.8318098720292505 0.6796875 0.03016453382084095 0.02631578947368421
1 0.25594149908592323 0.8651315789473685 0.0283363802559415 0.022203947368421052
1 0.34643510054844606 0.9420230263157895 0.026508226691042046 0.022203947368421052
1 0.14670932358318098 0.8540296052631579 0.026508226691042046 0.019736842105263157
1 0.35420475319926875 0.962171052631579 0.027422303473491772 0.022203947368421052
1 0.5054844606946983 0.6134868421052632 0.03473491773308958 0.03042763157894737
1 0.8542047531992687 0.8240131578947368 0.0356489945155393 0.028782894736842105
1 0.4689213893967093 0.6673519736842105 0.03290676416819013 0.03042763157894737
1 0.5045703839122486 0.8980263157894737 0.025594149908592323 0.018914473684210526
1 0.24085923217550273 0.8811677631578947 0.027422303473491772 0.023848684210526317
1 0.7481718464351006 0.6533717105263158 0.031992687385740404 0.03042763157894737
1 0.8514625228519196 0.7142269736842105 0.029250457038391225 0.027960526315789474
1 0.8053016453382084 0.7421875 0.0283363802559415 0.024671052631578948
1 0.846892138939671 0.8470394736842105 0.037477148080438755 0.029605263157894735
1 0.3263254113345521 0.9494243421052632 0.021937842778793418 0.023848684210526317
1 0.7751371115173674 0.647203947368421 0.031078610603290677 0.027960526315789474
1 0.4643510054844607 0.7203947368421053 0.03473491773308958 0.023848684210526317
1 0.2509140767824497 0.9070723684210527 0.03473491773308958 0.024671052631578948
1 0.2230347349177331 0.8618421052631579 0.0283363802559415 0.023848684210526317
1 0.8779707495429616 0.5810032894736842 0.031992687385740404 0.02138157894736842
1 0.44789762340036565 0.6492598684210527 0.0283363802559415 0.024671052631578948
1 0.5219378427787934 0.7171052631578947 0.0283363802559415 0.02138157894736842
1 0.1613345521023766 0.8688322368421053 0.022851919561243144 0.018914473684210526
1 0.4606946983546618 0.5995065789473685 0.022851919561243144 0.02549342105263158
0 0.04570383912248629 0.9383223684210527 0.031078610603290677 0.023848684210526317
0 0.8135283363802559 0.7224506578947368 0.026508226691042046 0.02138157894736842
1 0.4812614259597806 0.5966282894736842 0.025594149908592323 0.02631578947368421
0 0.3304387568555759 0.9288651315789473 0.022851919561243144 0.018092105263157895
1 0.5173674588665448 0.889391447368421 0.021937842778793418 0.017269736842105265
0 0.8011882998171846 0.6101973684210527 0.024680073126142597 0.02055921052631579
1 0.37522851919561245 0.6587171052631579 0.019195612431444242 0.018092105263157895
1 0.03793418647166362 0.9823190789473685 0.031078610603290677 0.02631578947368421
1 0.5260511882998172 0.7006578947368421 0.02376599634369287 0.02138157894736842
0 0.696983546617916 0.6307565789473685 0.027422303473491772 0.022203947368421052
1 0.8144424131627057 0.6435032894736842 0.024680073126142597 0.015625
