1 0.9789762340036563 0.7047697368421053 0.04021937842778794 0.03618421052631579
1 0.3656215722120658 0.8635526315789473 0.018884826325411334 0.017179276315789475
1 0.3753382084095064 0.8730263157894737 0.01606946983546618 0.017442434210526315
1 0.37294332723948814 0.8482730263157895 0.02102376599634369 0.017269736842105265
0 0.253199268738574 0.977796052631579 0.02010968921389397 0.018914473684210526
1 0.4719104204753199 0.5841200657894736 0.023692870201096894 0.026603618421052633
1 0.4942961608775137 0.5924753289473684 0.03028336380255942 0.032376644736842104
1 0.489945155393053 0.555921052631579 0.029250457038391225 0.024671052631578948
1 0.46617915904936014 0.5361842105263158 0.026508226691042046 0.022203947368421052
1 0.01736745886654479 0.9901315789473685 0.022851919561243144 0.018914473684210526
1 0.9670932358318098 0.811266447368421 0.03473491773308958 0.032072368421052634
1 0.7838208409506399 0.8807565789473685 0.026508226691042046 0.023848684210526317
0 0.20789762340036563 0.9288075657894738 0.019277879341864715 0.016825657894736844
1 0.2216636197440585 0.9169407894736842 0.021937842778793418 0.018914473684210526
0 0.8121572212065814 0.8499177631578947 0.026508226691042046 0.02055921052631579
0 0.7248354661791591 0.9259128289473685 0.017595978062157222 0.023207236842105263
1 0.7600548446069469 0.9272203947368421 0.03290676416819013 0.03700657894736842
1 0.006398537477148081 0.9773848684210527 0.012797074954296161 0.02055921052631579
1 0.6197440585009141 0.733141447368421 0.03016453382084095 0.024671052631578948
1 0.9776051188299817 0.8930921052631579 0.02376599634369287 0.023026315789473683
1 0.47623400365630714 0.9835526315789473 0.03473491773308958 0.028782894736842105
1 0.7180073126142597 0.3893914473684211 0.026508226691042046 0.023848684210526317
1 0.7417733089579525 0.4263980263157895 0.025594149908592323 0.02138157894736842
1 0.9424131627056673 0.5049342105263158 0.029250457038391225 0.023848684210526317
1 0.16453382084095064 0.819078947368421 0.02010968921389397 0.018914473684210526
1 0.8007312614259597 0.899671052631579 0.037477148080438755 0.027960526315789474
1 0.8025594149908593 0.9255756578947368 0.03290676416819013 0.02631578947368421
1 0.7335466179159049 0.39679276315789475 0.02376599634369287 0.022203947368421052
1 0.7911334552102377 0.9407894736842105 0.031992687385740404 0.02631578947368421
1 0.1480804387568556 0.8392269736842105 0.024680073126142597 0.02138157894736842
1 0.1480804387568556 0.7972861842105263 0.01736745886654479 0.015625
1 0.9588665447897623 0.4720394736842105 0.031992687385740404 0.02631578947368421
1 0.46115173674588666 0.5641447368421053 0.029250457038391225 0.027138157894736843
0 0.8327239488117002 0.9009046052631579 0.031078610603290677 0.027138157894736843
1 0.7925045703839122 0.9617598684210527 0.0283363802559415 0.022203947368421052
1 0.8446069469835467 0.7586348684210527 0.027422303473491772 0.023026315789473683
0 0.8377513711151737 0.858141447368421 0.022851919561243144 0.018092105263157895
1 0.4424131627056673 0.5538651315789473 0.02376599634369287 0.023026315789473683
1 0.24314442413162707 0.9584703947368421 0.02102376599634369 0.018092105263157895
0 0.35648994515539306 0.8811677631578947 0.018281535648994516 0.01644736842105263
0 0.23446069469835465 0.9769736842105263 0.021937842778793418 0.019736842105263157
1 0.6005484460694699 0.7475328947368421 0.025594149908592323 0.022203947368421052
0 0.19515539305301646 0.9185855263157895 0.018281535648994516 0.017269736842105265
1 0.13254113345521024 0.8046875 0.02102376599634369 0.019736842105263157
1 0.2673674588665448 0.9745065789473685 0.015539305301645339 0.015625
1 0.5987202925045704 0.7232730263157895 0.026508226691042046 0.022203947368421052
1 0.21572212065813529 0.9025493421052632 0.015539305301645339 0.014802631578947368
0 0.1183729433272395 0.813733552631579 0.019195612431444242 0.01644736842105263
0 0.9323583180987203 0.4329769736842105 0.03016453382084095 0.023026315789473683
1 0.7175502742230347 0.3762335526315789 0.022851919561243144 0.012335526315789474
0 0.770109689213894 0.9617598684210527 0.019195612431444242 0.018914473684210526
1 0.8222120658135283 0.8787006578947368 0.02376599634369287 0.02138157894736842
1 0.006398537477148081 0.9925986842105263 0.012797074954296161 0.014802631578947368
0 0.8071297989031079 0.8634868421052632 0.02010968921389397 0.013980263157894737
0 0.9903473491773309 0.8293996710526316 0.01930530164533821 0.02689967105263158
0 0.9850457038391226 0.6736759868421053 0.019113345521023766 0.01990953947368421
1 0.03127970749542962 0.9911924342105263 0.020722120658135286 0.014876644736842104
0 0.047888482632541134 0.9892598684210526 0.018345521023765996 0.01768092105263158
0 0.1321023765996344 0.8346299342105263 0.014250457038391225 0.016217105263157894
0 0.26529250457038395 0.7908881578947369 0.015612431444241315 0.013527960526315788
0 0.28918647166361977 0.7784046052631579 0.017248628884826325 0.014786184210526316
0 0.2887659963436929 0.7683305921052631 0.01807129798903108 0.010641447368421052
