1 0.7381170018281535 0.22574013157894737 0.04570383912248629 0.04029605263157895
1 0.08912248628884827 0.6167763157894737 0.05850091407678245 0.046052631578947366
1 0.1686471663619744 0.8680098684210527 0.051188299817184646 0.03453947368421053
1 0.7952468007312614 0.24300986842105263 0.04661791590493602 0.03782894736842105
1 0.7737659963436929 0.20888157894736842 0.044789762340036565 0.03618421052631579
1 0.7472577696526508 0.9806743421052632 0.027422303473491772 0.02055921052631579
1 0.13619744058500913 0.6636513157894737 0.048446069469835464 0.04029605263157895
1 0.23583180987202926 0.9243421052631579 0.04661791590493602 0.04276315789473684
1 0.06764168190127971 0.649671052631579 0.05210237659963437 0.039473684210526314
0 0.843235831809872 0.7615131578947368 0.025594149908592323 0.022203947368421052
1 0.8148994515539305 0.05098684210526316 0.038391224862888484 0.03125
1 0.496800731261426 0.7685032894736842 0.04570383912248629 0.039473684210526314
1 0.13208409506398539 0.8799342105263158 0.055758683729433274 0.047697368421052634
1 0.1183729433272395 0.20230263157894737 0.038391224862888484 0.03042763157894737
1 0.08592321755027423 0.8980263157894737 0.056672760511883 0.044407894736842105
1 0.15493601462522852 0.15789473684210525 0.03016453382084095 0.023848684210526317
1 0.5553016453382084 0.7927631578947368 0.044789762340036565 0.033717105263157895
1 0.01736745886654479 0.27179276315789475 0.031992687385740404 0.033717105263157895
1 0.49817184643510054 0.6212993421052632 0.031992687385740404 0.029605263157894735
1 0.16819012797074953 0.6578947368421053 0.04296160877513711 0.03782894736842105
1 0.44652650822669104 0.5879934210526315 0.03473491773308958 0.03042763157894737
1 0.8674588665447898 0.5822368421052632 0.03016453382084095 0.027960526315789474
0 0.14945155393053017 0.6266447368421053 0.04296160877513711 0.029605263157894735
1 0.10009140767824497 0.6821546052631579 0.051188299817184646 0.039473684210526314
0 0.5882084095063985 0.7676809210526315 0.031992687385740404 0.028782894736842105
1 0.46206581352833637 0.45682565789473684 0.0356489945155393 0.029605263157894735
1 0.9291590493601463 0.5707236842105263 0.029250457038391225 0.027138157894736843
0 0.8062157221206582 0.024671052631578948 0.03016453382084095 0.02549342105263158
0 0.7239488117001828 0.9876644736842105 0.022851919561243144 0.02055921052631579
1 0.1183729433272395 0.2504111842105263 0.04113345521023766 0.03289473684210526
0 0.08638025594149909 0.8523848684210527 0.04570383912248629 0.03453947368421053
1 0.21983546617915906 0.8803453947368421 0.056672760511883 0.039473684210526314
1 0.28153564899451555 0.06455592105263158 0.031992687385740404 0.027960526315789474
0 0.16681901279707495 0.9025493421052632 0.05393053016453382 0.04851973684210526
1 0.21069469835466179 0.9017269736842105 0.04661791590493602 0.04194078947368421
1 0.7518281535648994 0.019736842105263157 0.03473491773308958 0.03536184210526316
0 0.843235831809872 0.7035361842105263 0.0283363802559415 0.023848684210526317
1 0.5612431444241316 0.985608552631579 0.025594149908592323 0.027138157894736843
0 0.4780621572212066 0.7364309210526315 0.037477148080438755 0.028782894736842105
1 0.01782449725776965 0.9950657894736842 0.0356489945155393 0.009868421052631578
0 0.1736745886654479 0.18133223684210525 0.025594149908592323 0.02055921052631579
1 0.08409506398537477 0.23108552631578946 0.037477148080438755 0.03453947368421053
1 0.4287020109689214 0.14144736842105263 0.024680073126142597 0.02138157894736842
0 0.8560329067641682 0.7430098684210527 0.0283363802559415 0.02549342105263158
1 0.47303473491773307 0.6085526315789473 0.037477148080438755 0.03536184210526316
0 0.9049360146252285 0.6994243421052632 0.02102376599634369 0.018092105263157895
0 0.3953382084095064 0.21875 0.021937842778793418 0.018914473684210526
1 0.7618829981718465 0.9925986842105263 0.03016453382084095 0.014802631578947368
0 0.5754113345521024 0.7438322368421053 0.037477148080438755 0.02549342105263158
1 0.7943327239488117 0.8194901315789473 0.026508226691042046 0.02549342105263158
1 0.4616087751371115 0.4342105263157895 0.03930530164533821 0.027138157894736843
1 0.9661791590493601 0.5805921052631579 0.025594149908592323 0.028782894736842105
0 0.8377513711151737 0.030016447368421052 0.027422303473491772 0.023026315789473683
1 0.9255027422303473 0.6990131578947368 0.026508226691042046 0.022203947368421052
1 0.8930530164533821 0.5756578947368421 0.027422303473491772 0.027138157894736843
1 0.5959780621572212 0.9720394736842105 0.02376599634369287 0.022203947368421052
1 0.5169104204753199 0.7314967105263158 0.03473491773308958 0.02549342105263158
1 0.476691042047532 0.5818256578947368 0.031992687385740404 0.02631578947368421
1 0.776508226691042 0.013980263157894737 0.0356489945155393 0.027138157894736843
0 0.5338208409506399 0.7586348684210527 0.0356489945155393 0.03125
0 0.6243144424131627 0.3618421052631579 0.0283363802559415 0.02138157894736842
1 0.7358318098720292 0.2520559210526316 0.04113345521023766 0.03289473684210526
0 0.4844606946983547 0.7191611842105263 0.038391224862888484 0.02549342105263158
0 0.8190127970749543 0.5921052631578947 0.02010968921389397 0.017269736842105265
0 0.6206581352833638 0.38445723684210525 0.024680073126142597 0.02138157894736842
0 0.9245886654478976 0.6833881578947368 0.02376599634369287 0.017269736842105265
0 0.30027422303473494 0.07524671052631579 0.025594149908592323 0.018914473684210526
0 0.39853747714808047 0.14021381578947367 0.025594149908592323 0.02055921052631579
0 0.36380255941499084 0.8466282894736842 0.029250457038391225 0.024671052631578948
0 0.8089579524680073 0.6895559210526315 0.031078610603290677 0.02138157894736842
0 0.8162705667276051 0.5764802631578947 0.018281535648994516 0.015625
0 0.7358318098720292 0.993421052631579 0.02376599634369287 0.013157894736842105
0 0.34323583180987205 0.9268092105263158 0.019195612431444242 0.017269736842105265
1 0.5443327239488117 0.9946546052631579 0.027422303473491772 0.01069078947368421
0 0.8185557586837294 0.7545230263157895 0.0283363802559415 0.02631578947368421
0 0.7989031078610603 0.5842927631578947 0.022851919561243144 0.02055921052631579
0 0.4483546617915905 0.1747532894736842 0.021937842778793418 0.019736842105263157
1 0.8665447897623401 0.9140625 0.029250457038391225 0.02631578947368421
1 0.47074954296160876 0.17639802631578946 0.025594149908592323 0.024671052631578948
0 0.42687385740402195 0.9572368421052632 0.025594149908592323 0.02055921052631579
1 0.706581352833638 0.9958881578947368 0.029250457038391225 0.008223684210526315
0 0.9140767824497258 0.553453947368421 0.024680073126142597 0.02055921052631579
0 0.5018281535648994 0.8511513157894737 0.024680073126142597 0.018914473684210526
1 0.6179159049360147 0.42351973684210525 0.03290676416819013 0.02549342105263158
0 0.8039305301645339 0.8018092105263158 0.02376599634369287 0.019736842105263157
0 0.646709323583181 0.3770559210526316 0.027422303473491772 0.023848684210526317
0 0.5955210237659964 0.8260690789473685 0.019195612431444242 0.013980263157894737
1 0.47851919561243145 0.16036184210526316 0.026508226691042046 0.018914473684210526
0 0.5415904936014625 0.9786184210526315 0.029250457038391225 0.023848684210526317
0 0.4963436928702011 0.868421052631579 0.021937842778793418 0.019736842105263157
0 0.9035648994515539 0.7138157894736842 0.018281535648994516 0.014802631578947368
0 0.36380255941499084 0.9523026315789473 0.02010968921389397 0.018914473684210526
0 0.6046617915904936 0.8445723684210527 0.018281535648994516 0.015625
1 0.6010054844606947 0.990953947368421 0.024680073126142597 0.017269736842105265
0 0.3587751371115174 0.9140625 0.024680073126142597 0.02055921052631579
0 0.9561243144424132 0.782483552631579 0.0283363802559415 0.02549342105263158
0 0.8080438756855576 0.0069901315789473685 0.04021937842778794 0.013980263157894737
1 0.7047531992687386 0.9580592105263158 0.024680073126142597 0.018914473684210526
0 0.4250457038391225 0.12171052631578948 0.021937842778793418 0.018092105263157895
1 0.06581352833638025 0.6883223684210527 0.0356489945155393 0.03618421052631579
0 0.5159963436928702 0.8700657894736842 0.02102376599634369 0.02055921052631579
0 0.8651736745886655 0.764391447368421 0.019195612431444242 0.022203947368421052
0 0.8372943327239488 0.9247532894736842 0.018281535648994516 0.015625
0 0.20018281535648993 0.9337993421052632 0.037477148080438755 0.032072368421052634
1 0.1636197440585009 0.9333881578947368 0.048446069469835464 0.038651315789473686
1 0.5539305301645339 0.7541118421052632 0.031078610603290677 0.032072368421052634
0 0.8560329067641682 0.819078947368421 0.02102376599634369 0.018914473684210526
0 0.42915904936014626 0.8852796052631579 0.019195612431444242 0.01644736842105263
0 0.8322669104204753 0.7335526315789473 0.02376599634369287 0.022203947368421052
0 0.3226691042047532 0.08305921052631579 0.024680073126142597 0.023848684210526317
0 0.729890310786106 0.9913651315789473 0.03016453382084095 0.01644736842105263
0 0.6165447897623401 0.4029605263157895 0.029250457038391225 0.02138157894736842
0 0.829981718464351 0.9115953947368421 0.02010968921389397 0.017269736842105265
1 0.7573126142595978 0.7882401315789473 0.02010968921389397 0.018914473684210526
1 0.3939670932358318 0.9235197368421053 0.025594149908592323 0.02055921052631579
