1 0.5626142595978062 0.7430098684210527 0.043875685557586835 0.032072368421052634
1 0.8825411334552102 0.748766447368421 0.04296160877513711 0.032072368421052634
1 0.024223034734917732 0.1484375 0.03656307129798903 0.028782894736842105
1 0.9341864716636198 0.7471217105263158 0.04204753199268738 0.03289473684210526
1 0.7559414990859232 0.592516447368421 0.03290676416819013 0.02631578947368421
1 0.031992687385740404 0.8741776315789473 0.044789762340036565 0.03453947368421053
1 0.8016453382084096 0.5834703947368421 0.03016453382084095 0.02549342105263158
1 0.06078610603290677 0.8536184210526315 0.037477148080438755 0.03042763157894737
1 0.606489945155393 0.8462171052631579 0.03656307129798903 0.03042763157894737
1 0.966636197440585 0.4165296052631579 0.03656307129798903 0.028782894736842105
1 0.2710237659963437 0.48807565789473684 0.038391224862888484 0.033717105263157895
1 0.3053016453382084 0.4839638157894737 0.03930530164533821 0.029605263157894735
1 0.5758683729433273 0.8396381578947368 0.03930530164533821 0.028782894736842105
1 0.8286106032906764 0.47491776315789475 0.03016453382084095 0.023026315789473683
1 0.573583180987203 0.2791940789473684 0.03656307129798903 0.027138157894736843
1 0.6695612431444241 0.7948190789473685 0.03290676416819013 0.024671052631578948
1 0.7477148080438757 0.3754111842105263 0.04661791590493602 0.03453947368421053
1 0.8089579524680073 0.4605263157894737 0.031992687385740404 0.02549342105263158
1 0.7824497257769653 0.3618421052631579 0.037477148080438755 0.032072368421052634
1 0.7682815356489945 0.2911184210526316 0.03290676416819013 0.027960526315789474
1 0.906764168190128 0.7952302631578947 0.038391224862888484 0.03042763157894737
1 0.5347349177330896 0.5711348684210527 0.033820840950639856 0.027138157894736843
1 0.746800731261426 0.3046875 0.031078610603290677 0.02549342105263158
1 0.6535648994515539 0.8145559210526315 0.03290676416819013 0.024671052631578948
1 0.5511882998171846 0.33182565789473684 0.026508226691042046 0.023026315789473683
1 0.5717550274223034 0.3203125 0.025594149908592323 0.02138157894736842
1 0.7527422303473492 0.3939144736842105 0.04570383912248629 0.023848684210526317
1 0.19972577696526508 0.6303453947368421 0.0356489945155393 0.022203947368421052
1 0.24588665447897623 0.4897203947368421 0.025594149908592323 0.027138157894736843
