1 0.7891666666666667 0.8788447111777945 0.0575 0.0450112528132033
1 0.8245833333333333 0.8495873968492123 0.0525 0.04876219054763691
1 0.015416666666666667 0.8765941485371342 0.030833333333333334 0.047261815453863466
1 0.06 0.8945986496624156 0.049166666666666664 0.0450112528132033
1 0.38416666666666666 0.9317329332333083 0.04083333333333333 0.0345086271567892
1 0.02375 0.9197299324831207 0.04583333333333333 0.047261815453863466
0 0.06833333333333333 0.9294823705926482 0.041666666666666664 0.03375843960990248
1 0.20541666666666666 0.8998499624906227 0.0425 0.03825956489122281
1 0.18458333333333332 0.9587396849212303 0.04083333333333333 0.03825956489122281
0 0.21458333333333332 0.963615903975994 0.03166666666666667 0.028507126781695424
1 0.23625 0.9493623405851462 0.035833333333333335 0.033008252063015754
1 0.24166666666666667 0.9141035258814704 0.035833333333333335 0.03075768942235559
1 0.09 0.8964741185296324 0.034166666666666665 0.04426106526631658
1 0.22208333333333333 0.9834958739684921 0.043333333333333335 0.030007501875468866
0 0.9683333333333334 0.508252063015754 0.0375 0.037509377344336084
0 0.1925 0.9343585896474118 0.043333333333333335 0.025506376594148537
