1 0.19972577696526508 0.49054276315789475 0.031992687385740404 0.027960526315789474
1 0.6197440585009141 0.28741776315789475 0.0356489945155393 0.029605263157894735
1 0.42458866544789764 0.5703125 0.033820840950639856 0.03125
1 0.6279707495429616 0.7055921052631579 0.029250457038391225 0.023026315789473683
1 0.276508226691042 0.011513157894736841 0.04296160877513711 0.022203947368421052
1 0.46206581352833637 0.24958881578947367 0.033820840950639856 0.03125
1 0.5923217550274223 0.7092927631578947 0.03473491773308958 0.03042763157894737
1 0.6329981718464351 0.21134868421052633 0.0283363802559415 0.02631578947368421
1 0.5018281535648994 0.7195723684210527 0.03473491773308958 0.02631578947368421
1 0.2760511882998172 0.4342105263157895 0.026508226691042046 0.024671052631578948
1 0.23857404021937842 0.011924342105263159 0.04021937842778794 0.023848684210526317
1 0.8825411334552102 0.5172697368421053 0.0283363802559415 0.02631578947368421
1 0.5635283363802559 0.35444078947368424 0.026508226691042046 0.02138157894736842
0 0.23308957952468007 0.5135690789473685 0.031078610603290677 0.027138157894736843
1 0.5205667276051188 0.7413651315789473 0.0356489945155393 0.03289473684210526
1 0.19789762340036562 0.005756578947368421 0.037477148080438755 0.011513157894736841
0 0.6462522851919561 0.19654605263157895 0.025594149908592323 0.02138157894736842
1 0.3647166361974406 0.42680921052631576 0.024680073126142597 0.024671052631578948
0 0.2129798903107861 0.45024671052631576 0.0283363802559415 0.02549342105263158
1 0.6252285191956124 0.7257401315789473 0.031992687385740404 0.023848684210526317
1 0.38254113345521024 0.43667763157894735 0.029250457038391225 0.027960526315789474
1 0.6627056672760512 0.21011513157894737 0.021937842778793418 0.02055921052631579
1 0.5685557586837294 0.3684210526315789 0.026508226691042046 0.02055921052631579
1 0.2554844606946984 0.45148026315789475 0.029250457038391225 0.023848684210526317
0 0.2659963436928702 0.4967105263157895 0.027422303473491772 0.02631578947368421
1 0.4373857404021938 0.6077302631578947 0.025594149908592323 0.023848684210526317
