0 0.8279166666666666 0.04913728432108027 0.03916666666666667 0.03975993998499625
1 0.7233333333333334 0.8477119279819955 0.0425 0.04051012753188297
1 0.64 0.6695423855963991 0.045 0.03375843960990248
1 0.8770833333333333 0.09489872468117029 0.041666666666666664 0.046511627906976744
0 0.9545833333333333 0.5982745686421606 0.04833333333333333 0.042010502625656414
1 0.5504166666666667 0.4714928732183046 0.03916666666666667 0.03600900225056264
1 0.6825 0.6927981995498874 0.04583333333333333 0.04126031507876969
1 0.88375 0.6369092273068268 0.055 0.05026256564141035
1 0.7579166666666667 0.0671417854463616 0.049166666666666664 0.04126031507876969
0 0.9166666666666666 0.7336834208552138 0.043333333333333335 0.03900975243810953
0 0.8370833333333333 0.7633158289572393 0.050833333333333335 0.03675918979744936
1 0.96875 0.9204801200300075 0.049166666666666664 0.042010502625656414
0 0.935 0.6357839459864967 0.051666666666666666 0.04426106526631658
0 0.6408333333333334 0.7010502625656414 0.041666666666666664 0.035258814703675916
1 0.9633333333333334 0.07314328582145536 0.03333333333333333 0.03975993998499625
1 0.37375 0.4711177794448612 0.04 0.03975993998499625
1 0.57625 0.7651912978244562 0.059166666666666666 0.04351087771942986
0 0.9091666666666667 0.5986496624156039 0.049166666666666664 0.04426106526631658
0 0.8775 0.7366841710427607 0.03916666666666667 0.0345086271567892
1 0.7783333333333333 0.8507126781695424 0.04 0.03675918979744936
1 0.8579166666666667 0.14703675918979744 0.043333333333333335 0.042010502625656414
0 0.74625 0.8578394598649662 0.03166666666666667 0.0277569392348087
1 0.8716666666666667 0.23030757689422354 0.04416666666666667 0.03975993998499625
0 0.8279166666666666 0.7299324831207802 0.035833333333333335 0.03225806451612903
0 0.9258333333333333 0.7659414853713429 0.035833333333333335 0.033008252063015754
1 0.8020833333333334 0.08252063015753938 0.04416666666666667 0.03900975243810953
1 0.8225 0.15378844711177794 0.04416666666666667 0.04426106526631658
1 0.7925 0.04463615903975994 0.03833333333333333 0.037509377344336084
0 0.8904166666666666 0.7685671417854464 0.03916666666666667 0.03675918979744936
1 0.7 0.5573893473368342 0.0425 0.03225806451612903
1 0.7145833333333333 0.03938484621155289 0.051666666666666666 0.04801200300075019
1 0.7283333333333334 0.8795948987246812 0.04 0.033008252063015754
1 0.62 0.9804951237809453 0.034166666666666665 0.03675918979744936
1 0.18208333333333335 0.15941485371342837 0.034166666666666665 0.0277569392348087
0 0.7641666666666667 0.10202550637659415 0.0375 0.03075768942235559
0 0.39666666666666667 0.4872468117029257 0.03666666666666667 0.03075768942235559
1 0.7779416666666666 0.7660240060015003 0.04515 0.038552138034508625
0 0.7991666666666667 0.7351837959489872 0.0425 0.047261815453863466
1 0.32125 0.5513878469617405 0.03833333333333333 0.03225806451612903
1 0.7754166666666666 0.15678919729932483 0.056666666666666664 0.05026256564141035
0 0.5541666666666667 0.39234808702175544 0.0375 0.030007501875468866
1 0.5858333333333333 0.9898724681170292 0.035833333333333335 0.020255063765941484
0 0.7595833333333334 0.025506376594148537 0.0475 0.03975993998499625
1 0.8466666666666667 0.7175543885971493 0.051666666666666666 0.035258814703675916
0 0.7654166666666666 0.8769692423105776 0.03166666666666667 0.025506376594148537
0 0.8445833333333334 0.109152288072018 0.0425 0.042010502625656414
0 0.7425 0.5881470367591898 0.029166666666666667 0.021005251312828207
1 0.81 0.11665416354088522 0.04833333333333333 0.03975993998499625
1 0.16291666666666665 0.1301575393848462 0.03666666666666667 0.035258814703675916
1 0.7258333333333333 0.1511627906976744 0.04083333333333333 0.04426106526631658
1 0.8508333333333333 0.21905476369092272 0.0425 0.0345086271567892
0 0.8725 0.6770442610652663 0.041666666666666664 0.03675918979744936
0 0.8445833333333334 0.6890472618154538 0.0375 0.028507126781695424
1 0.9845833333333334 0.0967741935483871 0.028333333333333332 0.028507126781695424
1 0.7533333333333333 0.005251312828207052 0.04 0.010502625656414103
1 0.3020833333333333 0.024006001500375095 0.023333333333333334 0.018754688672168042
1 0.7404166666666666 0.12903225806451613 0.058333333333333334 0.035258814703675916
0 0.8470833333333333 0.794073518379595 0.05 0.03225806451612903
1 0.012083333333333333 0.5446361590397599 0.024166666666666666 0.02700675168792198
0 0.8325 0.6624156039009752 0.035 0.03225806451612903
1 0.7883333333333333 0.008252063015753939 0.04416666666666667 0.016504126031507877
0 0.42333333333333334 0.4696174043510878 0.035833333333333335 0.03375843960990248
1 0.16041666666666668 0.16654163540885222 0.03 0.03075768942235559
0 0.8520833333333333 0.645536384096024 0.03 0.0277569392348087
1 0.7195833333333334 0.09452363090772693 0.0475 0.04426106526631658
1 0.7329166666666667 0.7580645161290323 0.0325 0.03675918979744936
1 0.38125 0.5090022505626407 0.0325 0.029257314328582147
1 0.7670833333333333 0.18369842460615154 0.050833333333333335 0.028507126781695424
1 0.49166666666666664 0.2711927981995499 0.024166666666666666 0.023255813953488372
1 0.7075 0.5847711927981996 0.03666666666666667 0.03075768942235559
1 0.34958333333333336 0.5570142535633908 0.0275 0.02250562640660165
1 0.75375 0.9024756189047262 0.03666666666666667 0.03150787696924231
0 0.90375 0.6785446361590397 0.03166666666666667 0.037509377344336084
1 0.9866666666666667 0.072768192048012 0.025 0.042010502625656414
1 0.9920833333333333 0.918979744936234 0.015833333333333335 0.037509377344336084
0 0.5958333333333333 0.2813203300825206 0.03 0.024756189047261814
1 0.51375 0.4696174043510878 0.0325 0.02700675168792198
1 0.35083333333333333 0.5288822205551388 0.0375 0.033008252063015754
0 0.3983083333333334 0.7589872468117029 0.044958333333333336 0.03501875468867217
0 0.6636000000000001 0.2931582895723931 0.038925 0.041410352588147036
0 0.3481916666666667 0.11275318829707427 0.042291666666666665 0.037186796699174796
0 0.6088666666666667 0.1545536384096024 0.025083333333333336 0.022423105776444113
0 0.5133583333333334 0.12337584396099026 0.027241666666666664 0.021552888222055516
1 0.8056416666666667 0.20838709677419354 0.049825 0.036984246061515375
1 0.5712 0.839264816204051 0.03170833333333333 0.03220555138784696
1 0.6987083333333334 0.8109827456864216 0.0311 0.028342085521380345
