1 0.17641681901279707 0.6648848684210527 0.04113345521023766 0.03042763157894737
1 0.12020109689213894 0.7023026315789473 0.04204753199268738 0.029605263157894735
1 0.3039305301645338 0.8092105263157895 0.03930530164533821 0.028782894736842105
1 0.5141681901279708 0.3840460526315789 0.0356489945155393 0.027960526315789474
1 0.29250457038391225 0.858141447368421 0.033820840950639856 0.028782894736842105
1 0.466636197440585 0.14514802631578946 0.027422303473491772 0.023848684210526317
0 0.14396709323583182 0.9498355263157895 0.024680073126142597 0.018914473684210526
1 0.35054844606946983 0.865953947368421 0.026508226691042046 0.023848684210526317
1 0.6837294332723949 0.873766447368421 0.038391224862888484 0.028782894736842105
1 0.37385740402193784 0.8708881578947368 0.027422303473491772 0.022203947368421052
1 0.6046617915904936 0.8129111842105263 0.0356489945155393 0.029605263157894735
1 0.9063071297989032 0.07524671052631579 0.0283363802559415 0.022203947368421052
1 0.1663619744058501 0.9457236842105263 0.026508226691042046 0.023026315789473683
1 0.696526508226691 0.8951480263157895 0.0356489945155393 0.02631578947368421
1 0.34323583180987205 0.7520559210526315 0.029250457038391225 0.023026315789473683
1 0.8340950639853748 0.7430098684210527 0.031992687385740404 0.028782894736842105
1 0.8601462522851919 0.8285361842105263 0.026508226691042046 0.022203947368421052
1 0.48080438756855576 0.905016447368421 0.031992687385740404 0.02549342105263158
1 0.7586837294332724 0.984375 0.03290676416819013 0.02631578947368421
1 0.48720292504570384 0.06907894736842106 0.027422303473491772 0.023026315789473683
1 0.44881170018281535 0.13486842105263158 0.022851919561243144 0.022203947368421052
1 0.7120658135283364 0.8741776315789473 0.026508226691042046 0.02549342105263158
1 0.3007312614259598 0.7833059210526315 0.031078610603290677 0.027138157894736843
1 0.14396709323583182 0.9716282894736842 0.03290676416819013 0.027960526315789474
1 0.3596892138939671 0.7783717105263158 0.031078610603290677 0.02631578947368421
1 0.6787020109689214 0.852796052631579 0.0283363802559415 0.023026315789473683
1 0.4195612431444241 0.8856907894736842 0.03473491773308958 0.027138157894736843
1 0.3249542961608775 0.7882401315789473 0.03290676416819013 0.03042763157894737
1 0.4218464351005484 0.6402138157894737 0.029250457038391225 0.02549342105263158
1 0.1576782449725777 0.9868421052631579 0.0283363802559415 0.022203947368421052
1 0.1960694698354662 0.8367598684210527 0.031078610603290677 0.027138157894736843
1 0.7714808043875686 0.9954769736842105 0.031078610603290677 0.009046052631578948
1 0.1183729433272395 0.9638157894736842 0.029250457038391225 0.028782894736842105
1 0.7518281535648994 0.6726973684210527 0.02102376599634369 0.02138157894736842
0 0.2842778793418647 0.828125 0.02376599634369287 0.019736842105263157
1 0.6860146252285192 0.9189967105263158 0.0356489945155393 0.029605263157894735
1 0.5123400365630713 0.9222861842105263 0.026508226691042046 0.023026315789473683
1 0.07221206581352833 0.2668585526315789 0.025594149908592323 0.018914473684210526
1 0.22851919561243145 0.8240131578947368 0.024680073126142597 0.019736842105263157
