1 0.49085923217550276 0.6755756578947368 0.024680073126142597 0.019736842105263157
1 0.09095063985374771 0.670641447368421 0.025594149908592323 0.023026315789473683
1 0.8875685557586838 0.7935855263157895 0.022851919561243144 0.02138157894736842
1 0.5420475319926874 0.4029605263157895 0.022851919561243144 0.02055921052631579
1 0.4446983546617916 0.16447368421052633 0.03016453382084095 0.027138157894736843
1 0.656764168190128 0.3416940789473684 0.026508226691042046 0.022203947368421052
1 0.873400365630713 0.07771381578947369 0.0356489945155393 0.03042763157894737
1 0.21115173674588666 0.9494243421052632 0.022851919561243144 0.02055921052631579
1 0.1293418647166362 0.7611019736842105 0.026508226691042046 0.022203947368421052
1 0.5342778793418648 0.6484375 0.03290676416819013 0.027138157894736843
1 0.793418647166362 0.4551809210526316 0.026508226691042046 0.023026315789473683
1 0.8185557586837294 0.8149671052631579 0.02376599634369287 0.02055921052631579
1 0.476691042047532 0.12129934210526316 0.026508226691042046 0.022203947368421052
1 0.5374771480804388 0.5830592105263158 0.025594149908592323 0.018914473684210526
1 0.025594149908592323 0.5970394736842105 0.025594149908592323 0.02138157894736842
1 0.07038391224862889 0.4847861842105263 0.02376599634369287 0.018092105263157895
1 0.7856489945155393 0.6587171052631579 0.02102376599634369 0.018092105263157895
1 0.6713893967093236 0.3885690789473684 0.0283363802559415 0.023848684210526317
1 0.6878427787934186 0.48807565789473684 0.03016453382084095 0.02631578947368421
1 0.7893053016453382 0.7421875 0.0283363802559415 0.023848684210526317
1 0.030621572212065813 0.29975328947368424 0.021937842778793418 0.019736842105263157
1 0.8148994515539305 0.7425986842105263 0.021937842778793418 0.018092105263157895
1 0.8094149908592322 0.8330592105263158 0.029250457038391225 0.02549342105263158
1 0.27879341864716634 0.6780427631578947 0.02102376599634369 0.017269736842105265
1 0.29250457038391225 0.3026315789473684 0.022851919561243144 0.019736842105263157
1 0.12202925045703839 0.08264802631578948 0.027422303473491772 0.023848684210526317
1 0.8180987202925045 0.41324013157894735 0.027422303473491772 0.023026315789473683
1 0.8953382084095064 0.09868421052631579 0.031078610603290677 0.028782894736842105
1 0.6741316270566727 0.36019736842105265 0.026508226691042046 0.02055921052631579
1 0.20475319926873858 0.3939144736842105 0.022851919561243144 0.023026315789473683
1 0.843235831809872 0.8141447368421053 0.0283363802559415 0.022203947368421052
1 0.8158135283363802 0.3647203947368421 0.022851919561243144 0.02055921052631579
1 0.4309872029250457 0.006578947368421052 0.031078610603290677 0.013157894736842105
1 0.3706581352833638 0.30304276315789475 0.022851919561243144 0.017269736842105265
1 0.18053016453382084 0.39473684210526316 0.025594149908592323 0.018914473684210526
1 0.4305301645338208 0.41817434210526316 0.027422303473491772 0.022203947368421052
1 0.6174588665447898 0.5797697368421053 0.022851919561243144 0.02138157894736842
1 0.12979890310786105 0.5571546052631579 0.025594149908592323 0.019736842105263157
1 0.05301645338208409 0.9333881578947368 0.024680073126142597 0.018914473684210526
1 0.5964351005484461 0.5884046052631579 0.029250457038391225 0.023026315789473683
1 0.37385740402193784 0.3893914473684211 0.021937842778793418 0.02138157894736842
1 0.3852833638025594 0.5283717105263158 0.02010968921389397 0.017269736842105265
1 0.3939670932358318 0.39473684210526316 0.018281535648994516 0.018092105263157895
1 0.4593235831809872 0.01069078947368421 0.03290676416819013 0.02138157894736842
0 0.5059414990859232 0.7273848684210527 0.018281535648994516 0.015625
1 0.2915904936014625 0.4613486842105263 0.02376599634369287 0.02055921052631579
1 0.8761425959780622 0.47245065789473684 0.03016453382084095 0.023848684210526317
1 0.24177330895795246 0.2713815789473684 0.02376599634369287 0.019736842105263157
1 0.7116087751371115 0.4831414473684211 0.021937842778793418 0.02138157894736842
1 0.8583180987202925 0.4395559210526316 0.027422303473491772 0.02549342105263158
1 0.5214808043875686 0.6258223684210527 0.02376599634369287 0.02055921052631579
1 0.16544789762340037 0.052220394736842105 0.021937842778793418 0.018914473684210526
1 0.5598720292504571 0.40789473684210525 0.019195612431444242 0.018914473684210526
1 0.9524680073126143 0.7166940789473685 0.0283363802559415 0.02549342105263158
0 0.8121572212065814 0.4440789473684211 0.02102376599634369 0.018914473684210526
1 0.7947897623400365 0.8939144736842105 0.02102376599634369 0.02055921052631579
1 0.8395795246800731 0.8338815789473685 0.03016453382084095 0.023026315789473683
1 0.659963436928702 0.40542763157894735 0.024680073126142597 0.018914473684210526
1 0.506398537477148 0.3490953947368421 0.021937842778793418 0.02055921052631579
1 0.8144424131627057 0.4597039473684211 0.02102376599634369 0.018914473684210526
0 0.35054844606946983 0.1669407894736842 0.019195612431444242 0.013980263157894737
1 0.7943327239488117 0.35773026315789475 0.02376599634369287 0.023026315789473683
1 0.3692870201096892 0.19736842105263158 0.024680073126142597 0.02549342105263158
1 0.16956124314442414 0.9457236842105263 0.018281535648994516 0.015625
1 0.9396709323583181 0.6928453947368421 0.021937842778793418 0.02055921052631579
1 0.3327239488117002 0.530016447368421 0.022851919561243144 0.019736842105263157
1 0.5283363802559415 0.3848684210526316 0.021937842778793418 0.018914473684210526
1 0.33957952468007313 0.22039473684210525 0.027422303473491772 0.023848684210526317
1 0.4977148080438757 0.44613486842105265 0.02010968921389397 0.02055921052631579
1 0.7810786106032906 0.5571546052631579 0.025594149908592323 0.023026315789473683
1 0.18921389396709323 0.5649671052631579 0.024680073126142597 0.01644736842105263
1 0.5054844606946983 0.12541118421052633 0.019195612431444242 0.019736842105263157
1 0.5489031078610603 0.38692434210526316 0.019195612431444242 0.01644736842105263
1 0.3053016453382084 0.17804276315789475 0.024680073126142597 0.027138157894736843
1 0.1416819012797075 0.9383223684210527 0.015539305301645339 0.013980263157894737
1 0.7792504570383912 0.44037828947368424 0.025594149908592323 0.023026315789473683
1 0.7911334552102377 0.2730263157894737 0.022851919561243144 0.018914473684210526
1 0.13071297989031078 0.5415296052631579 0.025594149908592323 0.015625
1 0.45109689213893966 0.3157894736842105 0.026508226691042046 0.019736842105263157
1 0.9058500914076782 0.7894736842105263 0.021937842778793418 0.018914473684210526
1 0.569926873857404 0.6011513157894737 0.024680073126142597 0.018092105263157895
0 0.4904021937842779 0.08388157894736842 0.02376599634369287 0.017269736842105265
0 0.0740402193784278 0.6661184210526315 0.01736745886654479 0.015625
1 0.5146252285191956 0.17598684210526316 0.03656307129798903 0.02631578947368421
1 0.9661791590493601 0.4473684210526316 0.01736745886654479 0.014802631578947368
1 0.7262340036563071 0.501233552631579 0.024680073126142597 0.02138157894736842
1 0.34643510054844606 0.18297697368421054 0.026508226691042046 0.019736842105263157
1 0.2303473491773309 0.4004934210526316 0.019195612431444242 0.01644736842105263
0 0.5242230347349177 0.14638157894736842 0.02376599634369287 0.02055921052631579
1 0.3071297989031079 0.2944078947368421 0.014625228519195612 0.017269736842105265
1 0.5918647166361974 0.6644736842105263 0.02102376599634369 0.018092105263157895
1 0.8464351005484461 0.45723684210526316 0.025594149908592323 0.022203947368421052
1 0.8190127970749543 0.7598684210526315 0.021937842778793418 0.018914473684210526
1 0.43144424131627057 0.36225328947368424 0.02376599634369287 0.02055921052631579
1 0.8025594149908593 0.6509046052631579 0.019195612431444242 0.018092105263157895
1 0.9382998171846435 0.29276315789473684 0.021937842778793418 0.02055921052631579
1 0.9223034734917733 0.6788651315789473 0.02010968921389397 0.019736842105263157
0 0.13939670932358317 0.06702302631578948 0.01736745886654479 0.011513157894736841
1 0.38939670932358317 0.829358552631579 0.022851919561243144 0.018092105263157895
0 0.23994515539305303 0.3873355263157895 0.01736745886654479 0.014802631578947368
1 0.806672760511883 0.390625 0.019195612431444242 0.01644736842105263
1 0.9396709323583181 0.4856085526315789 0.01736745886654479 0.019736842105263157
1 0.486745886654479 0.733141447368421 0.016453382084095063 0.012335526315789474
1 0.7824497257769653 0.38692434210526316 0.022851919561243144 0.018092105263157895
0 0.1403107861060329 0.07442434210526316 0.019195612431444242 0.017269736842105265
1 0.09780621572212066 0.5995065789473685 0.01736745886654479 0.014802631578947368
1 0.35283363802559414 0.2956414473684211 0.018281535648994516 0.01644736842105263
1 0.8212979890310786 0.3832236842105263 0.02010968921389397 0.015625
0 0.5059414990859232 0.15748355263157895 0.02102376599634369 0.015625
0 0.48171846435100546 0.48725328947368424 0.02102376599634369 0.018914473684210526
0 0.46846435100548445 0.40213815789473684 0.018281535648994516 0.014802631578947368
1 0.3510054844606947 0.12047697368421052 0.025594149908592323 0.02138157894736842
1 0.03244972577696526 0.829358552631579 0.016453382084095063 0.014802631578947368
0 0.4008226691042048 0.4740953947368421 0.022851919561243144 0.017269736842105265
0 0.19241316270566727 0.9416118421052632 0.022851919561243144 0.018092105263157895
0 0.38162705667276053 0.0990953947368421 0.01736745886654479 0.014802631578947368
1 0.04936014625228519 0.4765625 0.01736745886654479 0.015625
1 0.8011882998171846 0.5423519736842105 0.02376599634369287 0.023848684210526317
1 0.45978062157221206 0.680921052631579 0.01736745886654479 0.01644736842105263
0 0.061243144424131625 0.6558388157894737 0.02010968921389397 0.014802631578947368
0 0.14351005484460694 0.27960526315789475 0.02376599634369287 0.019736842105263157
1 0.12751371115173674 0.9469572368421053 0.01736745886654479 0.013157894736842105
1 0.8304387568555759 0.3527960526315789 0.02102376599634369 0.018092105263157895
1 0.7454296160877514 0.5785361842105263 0.0283363802559415 0.02138157894736842
1 0.12842778793418647 0.9592927631578947 0.016453382084095063 0.013980263157894737
1 0.9090493601462523 0.6636513157894737 0.01736745886654479 0.014802631578947368
0 0.4757769652650823 0.4732730263157895 0.018281535648994516 0.014802631578947368
1 0.11928702010968921 0.6134868421052632 0.019195612431444242 0.017269736842105265
1 0.7696526508226691 0.647203947368421 0.02010968921389397 0.01644736842105263
0 0.7755941499085923 0.8873355263157895 0.021937842778793418 0.01644736842105263
0 0.503199268738574 0.1435032894736842 0.021937842778793418 0.014802631578947368
1 0.1563071297989031 0.06620065789473684 0.019195612431444242 0.017269736842105265
1 0.863345521023766 0.10855263157894737 0.019195612431444242 0.019736842105263157
1 0.36654478976234006 0.3902138157894737 0.02376599634369287 0.02138157894736842
1 0.8788848263254113 0.49917763157894735 0.024680073126142597 0.02055921052631579
1 0.7646252285191956 0.27713815789473684 0.01736745886654479 0.017269736842105265
0 0.8414076782449725 0.48519736842105265 0.019195612431444242 0.018914473684210526
1 0.9597806215722121 0.4613486842105263 0.018281535648994516 0.015625
1 0.5059414990859232 0.5382401315789473 0.01736745886654479 0.015625
0 0.33546617915904936 0.09333881578947369 0.027422303473491772 0.022203947368421052
1 0.3875685557586837 0.6307565789473685 0.024680073126142597 0.018092105263157895
0 0.28473491773308957 0.8071546052631579 0.021937842778793418 0.017269736842105265
1 0.8043875685557587 0.3458059210526316 0.018281535648994516 0.015625
0 0.35511882998171845 0.7401315789473685 0.021937842778793418 0.017269736842105265
0 0.4648080438756856 0.7208059210526315 0.01736745886654479 0.013157894736842105
1 0.8048446069469836 0.6669407894736842 0.02010968921389397 0.01644736842105263
1 0.6019195612431444 0.6517269736842105 0.018281535648994516 0.019736842105263157
1 0.12202925045703839 0.9469572368421053 0.016453382084095063 0.013980263157894737
1 0.3793418647166362 0.1278782894736842 0.021937842778793418 0.018914473684210526
1 0.06444241316270567 0.8638980263157895 0.025594149908592323 0.018092105263157895
1 0.13208409506398539 0.40707236842105265 0.015539305301645339 0.015625
1 0.8414076782449725 0.8042763157894737 0.026508226691042046 0.017269736842105265
1 0.7742230347349177 0.5296052631578947 0.02102376599634369 0.018092105263157895
0 0.12797074954296161 0.06578947368421052 0.016453382084095063 0.013980263157894737
0 0.40219378427787933 0.21422697368421054 0.024680073126142597 0.02055921052631579
1 0.8944241316270567 0.5908717105263158 0.02102376599634369 0.01644736842105263
1 0.803473491773309 0.43462171052631576 0.02376599634369287 0.014802631578947368
1 0.45978062157221206 0.3918585526315789 0.019195612431444242 0.015625
0 0.7682815356489945 0.9017269736842105 0.02010968921389397 0.01644736842105263
0 0.35648994515539306 0.5398848684210527 0.022851919561243144 0.019736842105263157
1 0.829981718464351 0.3696546052631579 0.019195612431444242 0.017269736842105265
1 0.56672760511883 0.6274671052631579 0.018281535648994516 0.017269736842105265
1 0.08318098720292505 0.5740131578947368 0.015539305301645339 0.013157894736842105
0 0.3304387568555759 0.6188322368421053 0.015539305301645339 0.013980263157894737
1 0.8482632541133455 0.4292763157894737 0.022851919561243144 0.01644736842105263
1 0.843235831809872 0.38445723684210525 0.022851919561243144 0.022203947368421052
1 0.3793418647166362 0.5148026315789473 0.015539305301645339 0.013980263157894737
1 0.11014625228519195 0.5291940789473685 0.018281535648994516 0.01644736842105263
