1 0.243625 0.8019504876219055 0.06 0.05476369092273068
1 0.3095833333333333 0.6849212303075769 0.056666666666666664 0.0450112528132033
1 0.19208333333333333 0.45461365341335336 0.05333333333333334 0.04351087771942986
1 0.27875 0.6335333833458364 0.06333333333333334 0.05326331582895724
1 0.19583333333333333 0.7569392348087022 0.05583333333333333 0.04576144036009002
0 0.19 0.7936984246061516 0.0425 0.033008252063015754
1 0.355 0.7220555138784697 0.06 0.04276069017254314
1 0.2425 0.6661665416354089 0.051666666666666666 0.03675918979744936
1 0.36625 0.6766691672918229 0.0625 0.056264066016504126
1 0.18166666666666667 0.5225056264066017 0.0475 0.05026256564141035
0 0.2629166666666667 0.8394598649662416 0.05416666666666667 0.03975993998499625
0 0.19416666666666665 0.4872468117029257 0.03666666666666667 0.03075768942235559
1 0.36333333333333334 0.6451612903225806 0.056666666666666664 0.03375843960990248
1 0.21375 0.641410352588147 0.049166666666666664 0.04426106526631658
1 0.10916666666666666 0.4872468117029257 0.035833333333333335 0.03375843960990248
1 0.1175 0.45236309077269315 0.03 0.02625656414103526
1 0.14166666666666666 0.4876219054763691 0.035833333333333335 0.02625656414103526
1 0.41291666666666665 0.6646661665416355 0.03916666666666667 0.029257314328582147
1 0.3020833333333333 0.6624156039009752 0.0425 0.02700675168792198
1 0.41 0.6785446361590397 0.04416666666666667 0.046511627906976744
1 0.3204166666666667 0.72655663915979 0.03333333333333333 0.03900975243810953
1 0.06375 0.4373593398349587 0.0375 0.016504126031507877
1 0.029583333333333333 0.3758439609902476 0.034166666666666665 0.03075768942235559
1 0.12666666666666668 0.47261815453863465 0.02666666666666667 0.020255063765941484
0 0.09333333333333334 0.6035258814703676 0.04 0.03225806451612903
1 0.06375 0.4508627156789197 0.03666666666666667 0.02250562640660165
1 0.5216666666666666 0.4789947486871718 0.02 0.01800450112528132
0 0.24045000000000002 0.7648762190547638 0.052125 0.0390622655663916
