0 0.13666666666666666 0.9006001500375094 0.029166666666666667 0.025506376594148537
0 0.7229166666666667 0.0172543135783946 0.034166666666666665 0.02700675168792198
1 0.2925 0.11365341335333834 0.03916666666666667 0.03675918979744936
1 0.6945833333333333 0.11140285071267816 0.0475 0.04051012753188297
0 0.695 0.2220555138784696 0.034166666666666665 0.03150787696924231
1 0.6533333333333333 0.1350337584396099 0.05 0.04576144036009002
0 0.335775 0.05932483120780195 0.03195833333333333 0.02377344336084021
0 0.335 0.03900975243810953 0.03 0.024756189047261814
1 0.33166666666666667 0.4527381845461365 0.03916666666666667 0.035258814703675916
1 0.61375 0.24493623405851464 0.04083333333333333 0.03600900225056264
0 0.08791666666666667 0.6597899474868717 0.03166666666666667 0.0277569392348087
1 0.09375 0.7378094523630908 0.035833333333333335 0.03225806451612903
0 0.41458333333333336 0.6695423855963991 0.03 0.025506376594148537
0 0.8883333333333333 0.07126781695423856 0.03666666666666667 0.03375843960990248
0 0.7229166666666667 0.5551387846961741 0.03333333333333333 0.0277569392348087
1 0.7179166666666666 0.14591147786946737 0.041666666666666664 0.04276069017254314
0 0.88125 0.09977494373593399 0.0375 0.03075768942235559
1 0.7329166666666667 0.613278319579895 0.03833333333333333 0.03150787696924231
1 0.47458333333333336 0.691297824456114 0.04083333333333333 0.035258814703675916
0 0.72625 0.5315078769692423 0.03833333333333333 0.028507126781695424
0 0.31125 0.02213053263315829 0.03 0.0277569392348087
1 0.9141666666666667 0.04801200300075019 0.049166666666666664 0.04276069017254314
0 0.16125 0.9092273068267067 0.023333333333333334 0.019504876219054765
0 0.3383333333333333 0.01687921980495124 0.029166666666666667 0.024006001500375095
0 0.3325 0.07876969242310577 0.034166666666666665 0.025506376594148537
1 0.3541666666666667 0.4234808702175544 0.04583333333333333 0.04051012753188297
1 0.5441666666666667 0.5525131282820706 0.03833333333333333 0.03375843960990248
1 0.7420833333333333 0.6406601650412603 0.04083333333333333 0.030007501875468866
0 0.4945833333333333 0.6211552888222055 0.04 0.03075768942235559
0 0.7554166666666666 0.5566391597899475 0.034166666666666665 0.02700675168792198
0 0.32208333333333333 0.5450112528132033 0.029166666666666667 0.024006001500375095
0 0.44166666666666665 0.6620405101275318 0.03 0.028507126781695424
1 0.8504166666666667 0.07239309827456865 0.045 0.04126031507876969
1 0.9415833333333334 0.03423855963990998 0.03490833333333333 0.02945236309077269
0 0.94125 0.011627906976744186 0.03916666666666667 0.023255813953488372
1 0.26875 0.3394598649662416 0.04 0.03600900225056264
1 0.6645833333333333 0.012003000750187547 0.04416666666666667 0.024006001500375095
1 0.04708333333333333 0.5487621905476369 0.03 0.030007501875468866
1 0.0525 0.4872468117029257 0.030833333333333334 0.028507126781695424
1 0.08208333333333333 0.7648162040510128 0.03666666666666667 0.030007501875468866
1 0.11333333333333333 0.7295573893473368 0.0325 0.03075768942235559
0 0.30625 0.5555138784696174 0.029166666666666667 0.024006001500375095
1 0.4395833333333333 0.4876219054763691 0.035 0.029257314328582147
1 0.06625 0.5367591897974494 0.028333333333333332 0.025506376594148537
1 0.3304166666666667 0.10765191297824456 0.03916666666666667 0.03375843960990248
1 0.42833333333333334 0.7029257314328582 0.03916666666666667 0.0345086271567892
0 0.8566666666666667 0.030382595648912228 0.030833333333333334 0.025506376594148537
0 0.5866666666666667 0.06451612903225806 0.03166666666666667 0.02700675168792198
1 0.2925 0.3158289572393098 0.0425 0.035258814703675916
1 0.31375 0.42198049512378094 0.03916666666666667 0.03600900225056264
0 0.01875 0.5866466616654163 0.029166666666666667 0.025506376594148537
0 0.11375 0.7996999249812453 0.03 0.02250562640660165
0 0.0625 0.4452363090772693 0.023333333333333334 0.02250562640660165
0 0.72625 0.046136534133533386 0.035833333333333335 0.03225806451612903
0 0.057916666666666665 0.4253563390847712 0.025833333333333333 0.021005251312828207
0 0.6866666666666666 0.1444111027756939 0.03 0.03225806451612903
1 0.58 0.23293323330832708 0.041666666666666664 0.0345086271567892
0 0.30875 0.06864216054013503 0.029166666666666667 0.025506376594148537
0 0.7570833333333333 0.2633158289572393 0.03333333333333333 0.030007501875468866
0 0.5279166666666667 0.6027756939234808 0.03333333333333333 0.024756189047261814
0 0.7529166666666667 0.23293323330832708 0.03916666666666667 0.03375843960990248
1 0.056666666666666664 0.8975993998499625 0.030833333333333334 0.02700675168792198
0 0.49916666666666665 0.04801200300075019 0.025 0.021005251312828207
0 0.30416666666666664 0.4486121530382596 0.025 0.025506376594148537
0 0.3179166666666667 0.5731432858214554 0.03166666666666667 0.024006001500375095
1 0.64125 0.19692423105776444 0.03166666666666667 0.03825956489122281
1 0.019583333333333335 0.5386346586646662 0.028333333333333332 0.029257314328582147
0 0.3566666666666667 0.1275318829707427 0.03333333333333333 0.03075768942235559
0 0.05125 0.6515378844711178 0.02666666666666667 0.024756189047261814
0 0.5025 0.599774943735934 0.024166666666666666 0.020255063765941484
0 0.6545833333333333 0.26106526631657917 0.03333333333333333 0.03150787696924231
0 0.6975 0.03075768942235559 0.0325 0.029257314328582147
1 0.4725 0.6594148537134283 0.03333333333333333 0.03150787696924231
0 0.7395833333333334 0.5802700675168793 0.030833333333333334 0.02625656414103526
0 0.5308333333333334 0.6241560390097525 0.0325 0.0277569392348087
0 0.6145833333333334 0.1991747936984246 0.03166666666666667 0.028507126781695424
1 0.6029166666666667 0.4399849962490623 0.034166666666666665 0.024006001500375095
1 0.007916666666666667 0.8529632408102026 0.015833333333333335 0.02625656414103526
0 0.2475 0.9343585896474118 0.0325 0.025506376594148537
1 0.5004166666666666 0.6500375093773444 0.03833333333333333 0.03225806451612903
0 0.49041666666666667 0.722430607651913 0.03833333333333333 0.03225806451612903
0 0.26208333333333333 0.9763690922730682 0.030833333333333334 0.024006001500375095
1 0.7155416666666666 0.24365341335333834 0.03698333333333333 0.037021755438859716
0 0.7209 0.24880720180045013 0.031725 0.031582895723930984
0 0.9029166666666667 0.011627906976744186 0.03916666666666667 0.023255813953488372
1 0.24625 0.3237059264816204 0.030833333333333334 0.03600900225056264
0 0.26875 0.9482370592648162 0.0325 0.0277569392348087
0 0.84625 0.1024006001500375 0.0375 0.0277569392348087
0 0.11791666666666667 0.8225806451612904 0.0375 0.029257314328582147
0 0.4325 0.08889722430607652 0.029166666666666667 0.024756189047261814
0 0.7279166666666667 0.27569392348087024 0.03166666666666667 0.0277569392348087
0 0.62 0.17329332333083272 0.03166666666666667 0.02700675168792198
1 0.059166666666666666 0.5701425356339085 0.029166666666666667 0.02700675168792198
0 0.57625 0.10202550637659415 0.0325 0.02625656414103526
0 0.30083333333333334 0.046136534133533386 0.025833333333333333 0.024006001500375095
1 0.36333333333333334 0.4561140285071268 0.03333333333333333 0.033008252063015754
0 0.24375 0.9613653413353338 0.0325 0.028507126781695424
0 0.7654166666666666 0.5783945986496624 0.0275 0.024756189047261814
0 0.045 0.9152288072018004 0.03 0.02625656414103526
0 0.02125 0.9081020255063766 0.023333333333333334 0.02175543885971493
1 0.305 0.34621155288822203 0.03 0.029257314328582147
1 0.009583333333333333 0.3199549887471868 0.018333333333333333 0.03150787696924231
0 0.042916666666666665 0.44561140285071266 0.023333333333333334 0.02250562640660165
0 0.7583333333333333 0.5386346586646662 0.03 0.02175543885971493
1 0.023333333333333334 0.8593398349587397 0.0225 0.02175543885971493
1 0.16458333333333333 0.8825956489122281 0.020833333333333332 0.0172543135783946
1 0.13375 0.8495873968492123 0.034166666666666665 0.024756189047261814
0 0.8345833333333333 0.047261815453863466 0.03333333333333333 0.03075768942235559
0 0.3254166666666667 0.13540885221305327 0.0275 0.024006001500375095
0 0.2816666666666667 0.9279819954988747 0.0325 0.02625656414103526
0 0.5941666666666666 0.18079519879969994 0.0275 0.024756189047261814
1 0.0675 0.7486871717929482 0.023333333333333334 0.024006001500375095
1 0.6179166666666667 0.313953488372093 0.0275 0.019504876219054765
1 0.43416666666666665 0.6470367591897974 0.041666666666666664 0.024006001500375095
1 0.3433333333333333 0.39797449362340587 0.043333333333333335 0.028507126781695424
0 0.029583333333333333 0.45986496624156037 0.0225 0.023255813953488372
0 0.45625 0.041635408852213056 0.02666666666666667 0.024756189047261814
1 0.5054166666666666 0.6804201050262566 0.0275 0.0277569392348087
0 0.29833333333333334 0.5420105026256564 0.02666666666666667 0.019504876219054765
0 0.8866666666666667 0.023630907726931733 0.03 0.02700675168792198
0 0.2722 0.2973068267066767 0.032508333333333334 0.019647411852963242
0 0.27291666666666664 0.28394598649662417 0.035833333333333335 0.028507126781695424
1 0.008333333333333333 0.29369842460615153 0.015 0.0172543135783946
1 0.24791666666666667 0.5772693173293323 0.025 0.02250562640660165
1 0.15416666666666667 0.8687171792948237 0.028333333333333332 0.021005251312828207
0 0.185 0.6192798199549887 0.020833333333333332 0.01800450112528132
0 0.6179166666666667 0.05738934733683421 0.034166666666666665 0.025506376594148537
0 0.27458333333333335 0.5900225056264066 0.0275 0.024006001500375095
0 0.11083333333333334 0.7580645161290323 0.0275 0.02700675168792198
0 0.019866666666666668 0.676324081020255 0.019766666666666665 0.022355588897224308
0 0.0325 0.6627906976744186 0.025 0.02250562640660165
0 0.18375 0.6016504126031508 0.0225 0.021005251312828207
0 0.5820833333333333 0.14591147786946737 0.029166666666666667 0.02700675168792198
0 0.48625 0.030007501875468866 0.029166666666666667 0.021005251312828207
1 0.815 0.0622655663915979 0.021666666666666667 0.035258814703675916
1 0.5641666666666667 0.4463615903975994 0.029166666666666667 0.02250562640660165
0 0.5191666666666667 0.7066766691672918 0.03166666666666667 0.02625656414103526
0 0.022083333333333333 0.6515378844711178 0.02 0.019504876219054765
1 0.13870833333333332 0.34401350337584397 0.024166666666666666 0.024006001500375095
0 0.00875 0.6575393848462115 0.0175 0.01800450112528132
1 0.37666666666666665 0.3833458364591148 0.03166666666666667 0.03375843960990248
1 0.022083333333333333 0.5637659414853713 0.02666666666666667 0.023255813953488372
1 0.07375 0.5116279069767442 0.029166666666666667 0.020255063765941484
0 0.0793 0.34984996249062267 0.02173333333333333 0.02434358589647412
0 0.07651666666666666 0.3809302325581395 0.02875 0.02174793698424606
0 0.16284166666666666 0.4595723930982746 0.025133333333333334 0.02115528882220555
0 0.158525 0.47940735183795946 0.027291666666666665 0.017104276069017255
0 0.0526 0.4625656414103526 0.024075 0.01581395348837209
0 0.07193333333333332 0.6569842460615154 0.021374999999999998 0.020900225056264064
0 0.0472 0.6396549137284321 0.020475 0.021875468867216804
0 0.19944166666666668 0.5926256564141036 0.017391666666666666 0.020112528132033007
0 0.214275 0.6643135783945986 0.020091666666666667 0.02261815453863466
0 0.38716666666666666 0.7048312078019504 0.024125 0.02511627906976744
0 0.39944166666666664 0.6943885971492874 0.022591666666666666 0.02851462865716429
0 0.4132416666666667 0.7206901725431357 0.03311666666666667 0.027704426106526632
1 0.46202499999999996 0.7203300825206302 0.025458333333333333 0.024546136534133532
1 0.22719166666666665 0.5290772693173293 0.029725 0.02902475618904726
0 0.24656666666666666 0.3563615903975994 0.022616666666666667 0.02846961740435109
0 0.3087916666666667 0.1456264066016504 0.024766666666666666 0.029594898724681174
0 0.3066416666666667 0.08996249062265567 0.02045 0.022708177044261067
0 0.6039416666666667 0.1365191297824456 0.025108333333333333 0.022723180795198798
0 0.6239166666666667 0.1346211552888222 0.017391666666666666 0.02134283570892723
0 0.8273833333333334 0.035896474118529635 0.025933333333333333 0.01819954988747187
1 0.9338 0.05519879969992498 0.027441666666666666 0.0341410352588147
0 0.9352416666666666 0.416781695423856 0.030325 0.02301575393848462
0 0.9486416666666666 0.5447486871717929 0.02654166666666667 0.019069767441860466
0 0.9732333333333334 0.5411027756939234 0.026266666666666667 0.023113278319579895
0 0.5585833333333333 0.574291072768192 0.022533333333333332 0.024726181545386347
0 0.5805750000000001 0.5656339084771193 0.022441666666666665 0.018739684921230307
1 0.17615 0.6504576144036008 0.03025 0.026639159789947485
