1 0.4395833333333333 0.900225056264066 0.051666666666666666 0.04576144036009002
1 0.12833333333333333 0.5682670667666917 0.056666666666666664 0.047261815453863466
0 0.2725 0.9898724681170292 0.03916666666666667 0.020255063765941484
1 0.61625 0.43623405851462865 0.049166666666666664 0.04351087771942986
1 0.19125 0.8522130532633159 0.04833333333333333 0.04351087771942986
1 0.77125 0.7663165791447862 0.041666666666666664 0.03150787696924231
1 0.60625 0.48012003000750186 0.04666666666666667 0.04351087771942986
1 0.17125 0.5577644411102776 0.049166666666666664 0.0450112528132033
1 0.7741666666666667 0.6421605401350338 0.05333333333333334 0.047261815453863466
1 0.8245833333333333 0.6031507876969242 0.04583333333333333 0.035258814703675916
1 0.13666666666666666 0.6387846961740435 0.05416666666666667 0.04576144036009002
1 0.7970833333333334 0.6834208552138035 0.06 0.046511627906976744
1 0.17375 0.813953488372093 0.05416666666666667 0.0450112528132033
1 0.12083333333333333 0.8698424606151538 0.05333333333333334 0.046511627906976744
1 0.22125 0.599774943735934 0.05333333333333334 0.04276069017254314
1 0.42375 0.9752438109527382 0.058333333333333334 0.047261815453863466
1 0.4554166666666667 0.9396099024756189 0.049166666666666664 0.04426106526631658
1 0.5404166666666667 0.4032258064516129 0.05 0.04276069017254314
1 0.17541666666666667 0.6575393848462115 0.05416666666666667 0.046511627906976744
1 0.71125 0.5551387846961741 0.0475 0.042010502625656414
1 0.16625 0.8870967741935484 0.055 0.04576144036009002
1 0.78125 0.47336834208552137 0.04416666666666667 0.03675918979744936
1 0.4775 0.9684921230307577 0.0525 0.04351087771942986
1 0.21416666666666667 0.8874718679669917 0.0425 0.03900975243810953
1 0.21666666666666667 0.41822955738934736 0.049166666666666664 0.04426106526631658
1 0.13208333333333333 0.799324831207802 0.04583333333333333 0.04576144036009002
1 0.4166666666666667 0.9287321830457614 0.04416666666666667 0.04126031507876969
1 0.22 0.9264816204051013 0.05333333333333334 0.042010502625656414
1 0.14583333333333334 0.5982745686421606 0.05583333333333333 0.04576144036009002
0 0.62875 0.5157539384846211 0.041666666666666664 0.0345086271567892
1 0.765 0.6114028507126782 0.04666666666666667 0.03225806451612903
1 0.8666666666666667 0.9898724681170292 0.03666666666666667 0.020255063765941484
1 0.405 0.8900975243810952 0.050833333333333335 0.04576144036009002
0 0.7116666666666667 0.7134283570892723 0.0375 0.03375843960990248
1 0.10208333333333333 0.8027006751687922 0.045 0.04426106526631658
0 0.5870833333333333 0.5281320330082521 0.0475 0.042010502625656414
1 0.13 0.5360090022505627 0.04833333333333333 0.03150787696924231
1 0.09291666666666666 0.5562640660165041 0.0425 0.042010502625656414
0 0.5895833333333333 0.40585146286571644 0.04 0.03225806451612903
1 0.13375 0.9114778694673669 0.055 0.03975993998499625
1 0.9901666666666668 0.876834208552138 0.019658333333333333 0.038747186796699175
1 0.5691666666666667 0.4347336834208552 0.051666666666666666 0.042010502625656414
1 0.7504166666666666 0.5705176294073518 0.041666666666666664 0.035258814703675916
0 0.8341666666666666 0.6646661665416355 0.03166666666666667 0.028507126781695424
1 0.09875 0.8405851462865717 0.058333333333333334 0.04801200300075019
1 0.09458333333333334 0.5990247561890473 0.050833333333333335 0.04876219054763691
0 0.14833333333333334 0.8413353338334584 0.0425 0.03600900225056264
1 0.18166666666666667 0.6147786946736684 0.0425 0.03975993998499625
0 0.5629166666666666 0.46399099774943736 0.03916666666666667 0.03225806451612903
1 0.47125 0.8957239309827457 0.041666666666666664 0.04051012753188297
1 0.7395833333333334 0.6421605401350338 0.035 0.03825956489122281
0 0.21041666666666667 0.6297824456114028 0.035833333333333335 0.03075768942235559
0 0.2891666666666667 0.41785446361590395 0.04 0.0345086271567892
0 0.47791666666666666 0.6061515378844711 0.04666666666666667 0.04426106526631658
1 0.18541666666666667 0.3784696174043511 0.03833333333333333 0.03150787696924231
1 0.42 0.5386346586646662 0.045 0.04426106526631658
1 0.8058333333333333 0.46324081020255065 0.0425 0.04951237809452363
1 0.3858333333333333 0.9287321830457614 0.035833333333333335 0.04876219054763691
0 0.81125 0.6459114778694673 0.035 0.02700675168792198
0 0.63 0.5446361590397599 0.034166666666666665 0.0277569392348087
1 0.5683333333333334 0.49549887471867965 0.0425 0.03225806451612903
1 0.7104166666666667 0.5881470367591898 0.04666666666666667 0.03225806451612903
1 0.8141666666666667 0.6256564141035259 0.05333333333333334 0.0345086271567892
1 0.4126 0.5869692423105776 0.043333333333333335 0.037509377344336084
1 0.75 0.7123030757689423 0.0525 0.04276069017254314
1 0.695 0.5333833458364591 0.04083333333333333 0.0277569392348087
0 0.74375 0.7843210802700675 0.03333333333333333 0.03075768942235559
0 0.18875 0.6882970742685671 0.035833333333333335 0.03075768942235559
0 0.2475 0.44561140285071266 0.03 0.02700675168792198
0 0.7595833333333334 0.6785446361590397 0.03333333333333333 0.033008252063015754
1 0.7476666666666667 0.4606151537884471 0.035500000000000004 0.02174793698424606
0 0.28125 0.44786196549137286 0.03916666666666667 0.03150787696924231
0 0.2625 0.9748687171792948 0.035 0.0277569392348087
0 0.2598 0.4658589647411853 0.026391666666666667 0.026286571642910726
0 0.17791666666666667 0.9321080270067517 0.0375 0.0277569392348087
1 0.49125 0.9204801200300075 0.03166666666666667 0.03225806451612903
1 0.10333333333333333 0.6342835708927231 0.0325 0.03675918979744936
0 0.9179166666666667 0.9414853713428357 0.041666666666666664 0.03075768942235559
1 0.23666666666666666 0.9591147786946737 0.030833333333333334 0.029257314328582147
0 0.7283333333333334 0.6939234808702176 0.03833333333333333 0.024006001500375095
1 0.6829166666666666 0.5667666916729183 0.024166666666666666 0.024756189047261814
1 0.2075 0.35183795948987245 0.028333333333333332 0.024756189047261814
1 0.7845833333333333 0.43623405851462865 0.03916666666666667 0.020255063765941484
0 0.7508333333333334 0.7111777944486122 0.0525 0.04426106526631658
1 0.8025 0.45161290322580644 0.035 0.02625656414103526
1 0.08708333333333333 0.5303825956489122 0.04083333333333333 0.033008252063015754
0 0.18333333333333332 0.9103525881470368 0.03333333333333333 0.025506376594148537
0 0.22296666666666667 0.3858514628657165 0.030475 0.022243060765191298
0 0.2609666666666667 0.37114778694673667 0.025233333333333333 0.023705926481620405
0 0.26313333333333333 0.4239234808702176 0.033183333333333336 0.026046511627906974
0 0.2551 0.4030382595648912 0.029750000000000002 0.024921230307576894
0 0.44372500000000004 0.6124831207801951 0.029133333333333334 0.028019504876219056
0 0.77475 0.450847711927982 0.029291666666666664 0.01600900225056264
1 0.7465166666666667 0.4469392348087022 0.03265 0.016076519129782446
0 0.7944166666666667 0.5983270817704427 0.028483333333333333 0.02585146286571643
0 0.8429416666666666 0.6817479369842461 0.024833333333333332 0.019264816204051013
0 0.7333416666666667 0.7379519879969992 0.027475 0.020652663165791448
1 0.7841666666666667 0.7949662415603901 0.023308333333333334 0.03220555138784696
0 0.91815 0.9232483120780195 0.037316666666666665 0.019422355588897225
1 0.981225 0.8915228807201802 0.031391666666666665 0.017719429857464365
1 0.9511666666666667 0.8922805701425357 0.02965 0.02251312828207052
