0 0.17125 0.9906226556639159 0.0275 0.018754688672168042
1 0.835 0.7801950487621906 0.03666666666666667 0.03075768942235559
1 0.66625 0.9887471867966992 0.03166666666666667 0.02250562640660165
0 0.96 0.627906976744186 0.0225 0.021005251312828207
1 0.46125 0.5393848462115529 0.03833333333333333 0.03675918979744936
1 0.9195833333333333 0.5562640660165041 0.029166666666666667 0.02250562640660165
1 0.42375 0.4339834958739685 0.04083333333333333 0.042010502625656414
1 0.19791666666666666 0.991747936984246 0.0325 0.016504126031507877
0 0.9026250000000001 0.5788372093023256 0.01728333333333333 0.015558889722430606
0 0.9191666666666667 0.5787696924231058 0.024166666666666666 0.018754688672168042
1 0.5129166666666667 0.5723930982745686 0.04083333333333333 0.0345086271567892
1 0.42333333333333334 0.4748687171792948 0.049166666666666664 0.03900975243810953
0 0.945 0.6166541635408852 0.020833333333333332 0.016504126031507877
1 0.22083333333333333 0.9898724681170292 0.0275 0.020255063765941484
1 0.90375 0.8649662415603901 0.029166666666666667 0.019504876219054765
1 0.35333333333333333 0.5240060015003751 0.05 0.0345086271567892
1 0.96375 0.708927231807952 0.03916666666666667 0.03600900225056264
1 0.9858333333333333 0.6969242310577645 0.028333333333333332 0.03225806451612903
1 0.9758333333333333 0.8968492123030758 0.0325 0.029257314328582147
1 0.5595833333333333 0.7018004501125281 0.0275 0.03075768942235559
1 0.36916666666666664 0.4808702175543886 0.051666666666666666 0.04576144036009002
0 0.8833333333333333 0.5896474118529632 0.019166666666666665 0.019504876219054765
1 0.38458333333333333 0.4433608402100525 0.0425 0.03975993998499625
0 0.9008333333333334 0.5937734433608403 0.0225 0.02175543885971493
1 0.5383333333333333 0.6567891972993248 0.03333333333333333 0.024006001500375095
0 0.22458333333333333 0.8282070517629407 0.018333333333333333 0.014253563390847712
0 0.9195833333333333 0.6192798199549887 0.025 0.020255063765941484
1 0.35541666666666666 0.44036009002250565 0.0375 0.03825956489122281
1 0.5304166666666666 0.6916729182295573 0.035833333333333335 0.028507126781695424
0 0.6066666666666667 0.6882970742685671 0.025 0.025506376594148537
1 0.7416666666666667 0.6421605401350338 0.021666666666666667 0.019504876219054765
1 0.7470833333333333 0.5990247561890473 0.028333333333333332 0.02175543885971493
1 0.5233333333333333 0.5446361590397599 0.041666666666666664 0.03075768942235559
1 0.4554166666666667 0.44223555888972244 0.0325 0.029257314328582147
0 0.23708333333333334 0.8728432108027007 0.019166666666666665 0.015003750937734433
1 0.6270833333333333 0.6076519129782446 0.019166666666666665 0.016504126031507877
1 0.74 0.5221305326331583 0.018333333333333333 0.015003750937734433
1 0.6829166666666666 0.6342835708927231 0.030833333333333334 0.02625656414103526
0 0.42875 0.5378844711177795 0.028333333333333332 0.0277569392348087
0 0.3954166666666667 0.40922730682670666 0.04083333333333333 0.03225806451612903
1 0.6820833333333334 0.614403600900225 0.020833333333333332 0.0172543135783946
1 0.8766666666666667 0.5618904726181545 0.021666666666666667 0.020255063765941484
1 0.6745833333333333 0.7779444861215303 0.0275 0.02175543885971493
0 0.4125 0.6376594148537135 0.030833333333333334 0.025506376594148537
0 0.8954166666666666 0.5585146286571643 0.021666666666666667 0.01800450112528132
1 0.94 0.707801950487622 0.02666666666666667 0.030007501875468866
1 0.42333333333333334 0.6864216054013503 0.03666666666666667 0.02700675168792198
0 0.9375 0.5802700675168793 0.021666666666666667 0.020255063765941484
0 0.09208333333333334 0.8983495873968492 0.018333333333333333 0.015003750937734433
1 0.12083333333333333 0.768192048012003 0.019166666666666665 0.015003750937734433
1 0.8675 0.7948237059264817 0.025833333333333333 0.02250562640660165
0 0.3925 0.660165041260315 0.028333333333333332 0.024756189047261814
0 0.4441166666666667 0.41651912978244565 0.030383333333333335 0.022993248312078017
1 0.4479166666666667 0.4021005251312828 0.030833333333333334 0.025506376594148537
1 0.53375 0.7123030757689423 0.0375 0.023255813953488372
1 0.74375 0.49212303075768943 0.02 0.015753938484621154
1 0.5195833333333333 0.6751687921980495 0.03 0.02250562640660165
1 0.8654166666666666 0.5825206301575394 0.0225 0.02625656414103526
0 0.5845833333333333 0.7021755438859715 0.024166666666666666 0.020255063765941484
0 0.965 0.6102775693923481 0.02 0.01800450112528132
0 0.5766666666666667 0.6845461365341335 0.025 0.02625656414103526
0 0.21083333333333334 0.9756189047261815 0.025 0.01800450112528132
0 0.7385 0.6223930982745687 0.017225 0.018259564891222806
1 0.75375 0.6237809452363091 0.0225 0.018754688672168042
1 0.905 0.8447111777944486 0.025 0.018754688672168042
1 0.3875 0.5153788447111778 0.030833333333333334 0.03150787696924231
1 0.2554166666666667 0.8803450862715679 0.019166666666666665 0.015753938484621154
0 0.9941666666666666 0.8900975243810952 0.011666666666666667 0.029257314328582147
0 0.7029166666666666 0.618529632408102 0.02666666666666667 0.02250562640660165
0 0.21625 0.8195798949737434 0.018333333333333333 0.015753938484621154
1 0.34291666666666665 0.49474868717179293 0.03 0.03225806451612903
1 0.27416666666666667 0.8769692423105776 0.019166666666666665 0.015003750937734433
1 0.7395833333333334 0.4797449362340585 0.018333333333333333 0.01350337584396099
0 0.5745833333333333 0.7209302325581395 0.023333333333333334 0.02175543885971493
0 0.92375 0.8533383345836459 0.025 0.02175543885971493
0 0.17125 0.8203300825206301 0.018333333333333333 0.016504126031507877
1 0.7516666666666667 0.5408852213053263 0.015 0.014253563390847712
0 0.9133333333333333 0.6331582895723931 0.025833333333333333 0.019504876219054765
1 0.24041666666666667 0.9951237809452363 0.021666666666666667 0.009752438109527382
1 0.905 0.7963240810202551 0.020833333333333332 0.021005251312828207
1 0.9908333333333333 0.4894973743435859 0.016666666666666666 0.030007501875468866
1 0.8829166666666667 0.872093023255814 0.02 0.0172543135783946
0 0.18375 0.8319579894973743 0.018333333333333333 0.014253563390847712
1 0.19166666666666668 0.9868717179294824 0.025833333333333333 0.01800450112528132
1 0.075 0.9009752438109527 0.016666666666666666 0.014253563390847712
1 0.15083333333333335 0.7741935483870968 0.015833333333333335 0.014253563390847712
1 0.9890083333333333 0.46417854463615904 0.021983333333333334 0.02832708177044261
1 0.9875 0.4486121530382596 0.025 0.02175543885971493
1 0.24875 0.8525881470367592 0.0175 0.015003750937734433
1 0.64375 0.613278319579895 0.0175 0.01800450112528132
1 0.7679166666666667 0.5382595648912228 0.02 0.015753938484621154
0 0.9469416666666666 0.6079819954988748 0.02983333333333333 0.02288072018004501
0 0.9200499999999999 0.59655663915979 0.018516666666666667 0.015161290322580645
0 0.7223083333333333 0.6210802700675169 0.018466666666666666 0.016421605401350337
0 0.7344333333333334 0.6117629407351838 0.0197 0.01213053263315829
1 0.7251 0.6052363090772693 0.028458333333333332 0.014996249062265566
0 0.988125 0.7273068267066767 0.02375 0.029797449362340585
0 0.8852416666666666 0.740225056264066 0.01879166666666667 0.02059264816204051
0 0.9027166666666666 0.7436084021005251 0.01923333333333333 0.02019504876219055
1 0.56175 0.9878019504876219 0.029075 0.02439609902475619
0 0.31805833333333333 0.7065416354088523 0.022016666666666667 0.030472618154538632
0 0.25798333333333334 0.8666841710427606 0.012441666666666667 0.012303075768942235
0 0.2697 0.862423105776444 0.013766666666666667 0.012543135783945985
0 0.402075 0.5390247561890472 0.024333333333333332 0.015693923480870217
0 0.41630833333333334 0.5243210802700675 0.022783333333333333 0.018237059264816204
0 0.3954333333333333 0.5251837959489872 0.02015 0.015858964741185297
0 0.34179166666666666 0.4664666166541635 0.02521666666666667 0.02504876219054764
0 0.176125 0.29663165791447865 0.027525 0.016639159789947486
