1 0.9872029250457038 0.8828125 0.025594149908592323 0.029605263157894735
1 0.7967184643510055 0.9881661184210525 0.026645338208409506 0.023231907894736843
1 0.8295246800731262 0.9872532894736842 0.0356489945155393 0.02549342105263158
1 0.1540219378427788 0.7532894736842105 0.0283363802559415 0.02549342105263158
1 0.620201096892139 0.3490953947368421 0.031078610603290677 0.027138157894736843
1 0.9127056672760512 0.9572368421052632 0.0283363802559415 0.024671052631578948
1 0.09734917733089579 0.7384868421052632 0.025594149908592323 0.023026315789473683
1 0.9378427787934186 0.8955592105263158 0.03930530164533821 0.029605263157894735
0 0.3953382084095064 0.983141447368421 0.02010968921389397 0.01644736842105263
0 0.41544789762340034 0.9798519736842105 0.021937842778793418 0.02055921052631579
1 0.3126142595978062 0.6722861842105263 0.0356489945155393 0.03453947368421053
0 0.8852102376599634 0.3612335526315789 0.02872943327239488 0.023116776315789473
0 0.8884826325411335 0.33758223684210525 0.0283363802559415 0.022203947368421052
1 0.930073126142596 0.9432565789473685 0.029250457038391225 0.024671052631578948
1 0.5886654478976234 0.37582236842105265 0.031992687385740404 0.02631578947368421
1 0.3711151736745887 0.9136513157894737 0.019195612431444242 0.02055921052631579
0 0.11517367458866545 0.7458881578947368 0.021937842778793418 0.01644736842105263
1 0.113345521023766 0.7582236842105263 0.025594149908592323 0.019736842105263157
1 0.9638939670932358 0.889391447368421 0.022851919561243144 0.02631578947368421
0 0.9080530164533821 0.3589473684210526 0.023656307129798902 0.029087171052631578
0 0.9177330895795247 0.3363486842105263 0.025594149908592323 0.023026315789473683
1 0.8016453382084096 0.7134046052631579 0.02376599634369287 0.02138157894736842
0 0.3577056672760512 0.9641776315789474 0.016444241316270564 0.02305921052631579
0 0.396709323583181 0.9666940789473685 0.019195612431444242 0.015625
0 0.9396709323583181 0.865953947368421 0.037477148080438755 0.029605263157894735
1 0.8619744058500914 0.9740953947368421 0.03473491773308958 0.024671052631578948
0 0.4113345521023766 0.9650493421052632 0.01736745886654479 0.013980263157894737
0 0.1306398537477148 0.7367105263157895 0.01883912248628885 0.017804276315789472
0 0.38672760511883 0.9533799342105262 0.021352833638025592 0.01916940789473684
