1 0.9881170018281535 0.53125 0.02376599634369287 0.028782894736842105
1 0.9520109689213894 0.27179276315789475 0.031078610603290677 0.024671052631578948
1 0.14625228519195613 0.09827302631578948 0.024680073126142597 0.02138157894736842
1 0.1773308957952468 0.0912828947368421 0.031078610603290677 0.027138157894736843
1 0.16087751371115175 0.13692434210526316 0.021937842778793418 0.018914473684210526
1 0.19881170018281535 0.06044407894736842 0.027422303473491772 0.02549342105263158
0 0.9364716636197441 0.4555921052631579 0.021937842778793418 0.02055921052631579
0 0.22257769652650822 0.03495065789473684 0.031078610603290677 0.023026315789473683
1 0.9186471663619744 0.4486019736842105 0.02376599634369287 0.024671052631578948
1 0.07906764168190128 0.7166940789473685 0.029250457038391225 0.023848684210526317
1 0.0872943327239488 0.21299342105263158 0.027422303473491772 0.027960526315789474
0 0.3281535648994516 0.16324013157894737 0.02102376599634369 0.018092105263157895
1 0.23263254113345522 0.08717105263157894 0.02102376599634369 0.019736842105263157
1 0.8642595978062158 0.4790296052631579 0.026508226691042046 0.023848684210526317
1 0.07586837294332724 0.09169407894736842 0.03473491773308958 0.03125
1 0.9341864716636198 0.42680921052631576 0.0283363802559415 0.023026315789473683
1 0.1206581352833638 0.19860197368421054 0.0283363802559415 0.024671052631578948
1 0.03793418647166362 0.5361842105263158 0.021937842778793418 0.02138157894736842
1 0.9364716636197441 0.32648026315789475 0.027422303473491772 0.02549342105263158
1 0.8912248628884827 0.44243421052631576 0.024680073126142597 0.02055921052631579
0 0.09277879341864717 0.05962171052631579 0.031992687385740404 0.02631578947368421
1 0.09780621572212066 0.18708881578947367 0.027422303473491772 0.023848684210526317
1 0.1380255941499086 0.6829769736842105 0.021937842778793418 0.02055921052631579
1 0.9287020109689214 0.47162828947368424 0.025594149908592323 0.019736842105263157
0 0.9876599634369287 0.4214638157894737 0.024680073126142597 0.02138157894736842
1 0.010968921389396709 0.766858552631579 0.02102376599634369 0.02138157894736842
0 0.9351005484460695 0.2557565789473684 0.02376599634369287 0.02138157894736842
0 0.2143510054844607 0.015625 0.025594149908592323 0.018914473684210526
1 0.047989031078610606 0.08799342105263158 0.025594149908592323 0.03125
1 0.10511882998171847 0.14473684210526316 0.0283363802559415 0.022203947368421052
0 0.956581352833638 0.39473684210526316 0.021937842778793418 0.018914473684210526
1 0.26828153564899454 0.09046052631578948 0.02010968921389397 0.019736842105263157
1 0.23537477148080438 0.7240953947368421 0.022851919561243144 0.02138157894736842
0 0.03656307129798903 0.05263157894736842 0.027422303473491772 0.023026315789473683
0 0.08912248628884827 0.7430098684210527 0.021937842778793418 0.018914473684210526
0 0.32449725776965266 0.14884868421052633 0.019195612431444242 0.015625
0 0.011882998171846435 0.09745065789473684 0.021937842778793418 0.02138157894736842
1 0.8875685557586838 0.4231085526315789 0.024680073126142597 0.02138157894736842
1 0.12751371115173674 0.22327302631578946 0.02102376599634369 0.024671052631578948
1 0.8720292504570384 0.4152960526315789 0.02376599634369287 0.023026315789473683
0 0.010054844606946984 0.13733552631578946 0.018281535648994516 0.019736842105263157
1 0.9670932358318098 0.5407072368421053 0.02376599634369287 0.024671052631578948
1 0.23857404021937842 0.07442434210526316 0.016453382084095063 0.013157894736842105
1 0.10374771480804387 0.23684210526315788 0.031078610603290677 0.023848684210526317
1 0.09826325411334552 0.6998355263157895 0.025594149908592323 0.022203947368421052
1 0.8711151736745887 0.43832236842105265 0.021937842778793418 0.022203947368421052
0 0.9862888482632541 0.4440789473684211 0.022851919561243144 0.023026315789473683
0 0.353290676416819 0.13898026315789475 0.021937842778793418 0.017269736842105265
1 0.10923217550274222 0.21833881578947367 0.0283363802559415 0.023848684210526317
0 0.10786106032906764 0.16447368421052633 0.0283363802559415 0.022203947368421052
1 0.2509140767824497 0.08511513157894737 0.018281535648994516 0.018092105263157895
0 0.016910420475319928 0.07606907894736842 0.029250457038391225 0.024671052631578948
1 0.29021937842778794 0.7606907894736842 0.02102376599634369 0.02055921052631579
1 0.9401279707495429 0.5386513157894737 0.027422303473491772 0.02631578947368421
1 0.13071297989031078 0.17023026315789475 0.02102376599634369 0.018092105263157895
1 0.9680073126142597 0.3885690789473684 0.02102376599634369 0.02138157894736842
0 0.012340036563071298 0.15172697368421054 0.02010968921389397 0.017269736842105265
1 0.9351005484460695 0.6953125 0.024680073126142597 0.02055921052631579
0 0.9716636197440585 0.43462171052631576 0.019195612431444242 0.018092105263157895
1 0.008683729433272395 0.748766447368421 0.01736745886654479 0.018914473684210526
0 0.07952468007312614 0.756578947368421 0.019195612431444242 0.018092105263157895
1 0.16956124314442414 0.16241776315789475 0.021937842778793418 0.018914473684210526
1 0.34780621572212067 0.15460526315789475 0.021937842778793418 0.018092105263157895
0 0.9616087751371115 0.3001644736842105 0.026508226691042046 0.023026315789473683
1 0.9478976234003657 0.540296052631579 0.021937842778793418 0.02631578947368421
0 0.16087751371115175 0.2265625 0.018281535648994516 0.017269736842105265
1 0.9451553930530164 0.4087171052631579 0.027422303473491772 0.023026315789473683
1 0.7353747714808044 0.6023848684210527 0.02102376599634369 0.019736842105263157
0 0.08363802559414991 0.6533717105263158 0.025594149908592323 0.023026315789473683
1 0.18692870201096892 0.15542763157894737 0.015539305301645339 0.014802631578947368
1 0.9707495429616088 0.5201480263157895 0.021937842778793418 0.022203947368421052
