1 0.32952468007312613 0.8125 0.04021937842778794 0.03453947368421053
1 0.14716636197440586 0.4161184210526316 0.022851919561243144 0.02138157894736842
1 0.09963436928702012 0.5152138157894737 0.026508226691042046 0.024671052631578948
1 0.02696526508226691 0.29317434210526316 0.024680073126142597 0.023026315789473683
1 0.4524680073126143 0.24136513157894737 0.024680073126142597 0.02055921052631579
1 0.14990859232175502 0.29769736842105265 0.02102376599634369 0.019736842105263157
1 0.31855575868372943 0.3717105263157895 0.021937842778793418 0.018092105263157895
1 0.8697440585009141 0.22532894736842105 0.031992687385740404 0.03042763157894737
1 0.7646252285191956 0.0390625 0.03656307129798903 0.033717105263157895
1 0.5370201096892139 0.3248355263157895 0.031992687385740404 0.027138157894736843
1 0.8441499085923218 0.22450657894736842 0.0283363802559415 0.027960526315789474
1 0.10009140767824497 0.4946546052631579 0.022851919561243144 0.018092105263157895
1 0.8619744058500914 0.24958881578947367 0.031992687385740404 0.027138157894736843
1 0.07815356489945155 0.18544407894736842 0.031078610603290677 0.03125
1 0.6224862888482633 0.4243421052631579 0.027422303473491772 0.02549342105263158
1 0.015539305301645339 0.6961348684210527 0.02010968921389397 0.018914473684210526
1 0.8217550274223034 0.22327302631578946 0.026508226691042046 0.03125
0 0.22943327239488118 0.04481907894736842 0.0283363802559415 0.023848684210526317
1 0.8313528336380256 0.24671052631578946 0.029250457038391225 0.027138157894736843
1 0.022394881170018283 0.6328125 0.022851919561243144 0.019736842105263157
1 0.03473491773308958 0.704358552631579 0.02102376599634369 0.018092105263157895
1 0.5507312614259597 0.42598684210526316 0.025594149908592323 0.024671052631578948
1 0.048446069469835464 0.6879111842105263 0.019195612431444242 0.01644736842105263
1 0.07586837294332724 0.5345394736842105 0.02102376599634369 0.017269736842105265
1 0.04616087751371115 0.6768092105263158 0.02010968921389397 0.014802631578947368
1 0.21846435100548445 0.38116776315789475 0.018281535648994516 0.01644736842105263
1 0.09780621572212066 0.859375 0.026508226691042046 0.022203947368421052
1 0.3190127970749543 0.09333881578947369 0.025594149908592323 0.018914473684210526
1 0.23948811700182815 0.5501644736842105 0.02102376599634369 0.015625
1 0.008226691042047532 0.7372532894736842 0.015539305301645339 0.02631578947368421
1 0.09689213893967093 0.17064144736842105 0.021937842778793418 0.023026315789473683
1 0.07221206581352833 0.16200657894736842 0.024680073126142597 0.022203947368421052
1 0.0872943327239488 0.484375 0.019195612431444242 0.018092105263157895
1 0.11197440585009141 0.8540296052631579 0.02102376599634369 0.023026315789473683
0 0.5644424131627057 0.30304276315789475 0.02010968921389397 0.018092105263157895
1 0.13711151736745886 0.3988486842105263 0.018281535648994516 0.015625
1 0.08135283363802559 0.5016447368421053 0.02102376599634369 0.01644736842105263
1 0.3802559414990859 0.0078125 0.031078610603290677 0.015625
1 0.20749542961608775 0.813733552631579 0.026508226691042046 0.023026315789473683
1 0.0763254113345521 0.484375 0.02102376599634369 0.019736842105263157
0 0.07541133455210237 0.5139802631578947 0.02010968921389397 0.017269736842105265
1 0.3510054844606947 0.02919407894736842 0.026508226691042046 0.023848684210526317
0 0.6243144424131627 0.9132401315789473 0.021937842778793418 0.018914473684210526
1 0.07541133455210237 0.5633223684210527 0.026508226691042046 0.018914473684210526
1 0.23308957952468007 0.5538651315789473 0.018281535648994516 0.017269736842105265
1 0.36837294332723947 0.35855263157894735 0.01736745886654479 0.014802631578947368
1 0.08180987202925045 0.850328947368421 0.025594149908592323 0.02138157894736842
1 0.0740402193784278 0.0727796052631579 0.025594149908592323 0.02055921052631579
1 0.9314442413162706 0.30838815789473684 0.024680073126142597 0.023026315789473683
1 0.0690127970749543 0.15378289473684212 0.024680073126142597 0.02055921052631579
1 0.44744058500914075 0.2565789473684211 0.026508226691042046 0.018092105263157895
