0 0.1480804387568556 0.6032072368421053 0.02010968921389397 0.01644736842105263
1 0.9483546617915904 0.30180921052631576 0.044789762340036565 0.03536184210526316
1 0.13071297989031078 0.6138980263157895 0.021937842778793418 0.02055921052631579
1 0.7244058500914077 0.7685032894736842 0.027422303473491772 0.024671052631578948
0 0.19287020109689215 0.8421052631578947 0.02010968921389397 0.01644736842105263
1 0.9803473491773309 0.8285361842105263 0.024680073126142597 0.022203947368421052
1 0.07495429616087751 0.7195723684210527 0.031078610603290677 0.029605263157894735
1 0.7879341864716636 0.9884868421052632 0.031078610603290677 0.023026315789473683
1 0.2673674588665448 0.8096217105263158 0.029250457038391225 0.023848684210526317
1 0.5772394881170019 0.890625 0.0283363802559415 0.023848684210526317
1 0.12705667276051189 0.22245065789473684 0.022851919561243144 0.02055921052631579
1 0.8208409506398537 0.9498355263157895 0.029250457038391225 0.02631578947368421
1 0.35648994515539306 0.47820723684210525 0.037477148080438755 0.03289473684210526
1 0.025594149908592323 0.1981907894736842 0.02102376599634369 0.019736842105263157
1 0.05758683729433273 0.05797697368421053 0.03930530164533821 0.03042763157894737
1 0.7787934186471663 0.602796052631579 0.031078610603290677 0.024671052631578948
1 0.5589579524680073 0.046463815789473686 0.021937842778793418 0.019736842105263157
1 0.6128884826325411 0.7911184210526315 0.029250457038391225 0.023848684210526317
1 0.7536563071297989 0.9300986842105263 0.029250457038391225 0.024671052631578948
1 0.5210237659963437 0.7413651315789473 0.029250457038391225 0.027138157894736843
1 0.16316270566727606 0.819078947368421 0.024680073126142597 0.022203947368421052
1 0.9341864716636198 0.3490953947368421 0.038391224862888484 0.03700657894736842
1 0.9223034734917733 0.8125 0.022851919561243144 0.02138157894736842
1 0.9437842778793418 0.9547697368421053 0.03016453382084095 0.023848684210526317
1 0.476691042047532 0.9638157894736842 0.025594149908592323 0.022203947368421052
1 0.9588665447897623 0.6533717105263158 0.031078610603290677 0.024671052631578948
1 0.7426873857404022 0.06866776315789473 0.03290676416819013 0.029605263157894735
0 0.28884826325411334 0.4284539473684211 0.029250457038391225 0.02549342105263158
1 0.7883912248628885 0.12911184210526316 0.029250457038391225 0.027138157894736843
1 0.030621572212065813 0.7162828947368421 0.031992687385740404 0.027138157894736843
1 0.5443327239488117 0.4354440789473684 0.031992687385740404 0.032072368421052634
1 0.9136197440585009 0.915296052631579 0.0283363802559415 0.023026315789473683
1 0.4789762340036563 0.36554276315789475 0.02376599634369287 0.023026315789473683
1 0.5507312614259597 0.7549342105263158 0.019195612431444242 0.017269736842105265
1 0.7623400365630713 0.10526315789473684 0.029250457038391225 0.024671052631578948
1 0.7879341864716636 0.1015625 0.026508226691042046 0.023026315789473683
1 0.4625228519195612 0.3770559210526316 0.025594149908592323 0.019736842105263157
1 0.9451553930530164 0.6763980263157895 0.031992687385740404 0.02631578947368421
1 0.8989945155393053 0.6759868421052632 0.029250457038391225 0.024671052631578948
1 0.9387568555758684 0.011513157894736841 0.0283363802559415 0.023026315789473683
1 0.4812614259597806 0.18009868421052633 0.03016453382084095 0.029605263157894735
1 0.3903107861060329 0.4732730263157895 0.0356489945155393 0.032072368421052634
1 0.38254113345521024 0.5148026315789473 0.024680073126142597 0.023848684210526317
1 0.8551188299817185 0.7171052631578947 0.027422303473491772 0.023026315789473683
1 0.3217550274223035 0.4263980263157895 0.038391224862888484 0.03536184210526316
1 0.45886654478976235 0.16365131578947367 0.03016453382084095 0.027960526315789474
1 0.853290676416819 0.10361842105263158 0.03016453382084095 0.02549342105263158
1 0.01736745886654479 0.9913651315789473 0.029250457038391225 0.017269736842105265
1 0.476691042047532 0.623766447368421 0.029250457038391225 0.02631578947368421
1 0.720292504570384 0.7212171052631579 0.026508226691042046 0.022203947368421052
1 0.3903107861060329 0.03495065789473684 0.03016453382084095 0.02549342105263158
1 0.3692870201096892 0.9099506578947368 0.0283363802559415 0.023848684210526317
1 0.4085923217550274 0.15707236842105263 0.03473491773308958 0.02631578947368421
1 0.39351005484460694 0.8573190789473685 0.02376599634369287 0.019736842105263157
0 0.38939670932358317 0.08182565789473684 0.024680073126142597 0.02055921052631579
1 0.5370201096892139 0.6685855263157895 0.024680073126142597 0.022203947368421052
1 0.008226691042047532 0.9111842105263158 0.016453382084095063 0.02549342105263158
1 0.5722120658135283 0.5361842105263158 0.025594149908592323 0.019736842105263157
1 0.18372943327239488 0.553453947368421 0.022851919561243144 0.018914473684210526
0 0.07449725776965264 0.5719572368421053 0.018281535648994516 0.017269736842105265
1 0.7280621572212066 0.6866776315789473 0.026508226691042046 0.023848684210526317
1 0.7138939670932358 0.07524671052631579 0.029250457038391225 0.02549342105263158
1 0.04936014625228519 0.7298519736842105 0.026508226691042046 0.023848684210526317
1 0.2975319926873857 0.4954769736842105 0.038391224862888484 0.033717105263157895
1 0.7020109689213894 0.774671052631579 0.029250457038391225 0.028782894736842105
1 0.966636197440585 0.709703947368421 0.03290676416819013 0.024671052631578948
1 0.7221206581352834 0.052220394736842105 0.0283363802559415 0.02549342105263158
1 0.2545703839122486 0.7948190789473685 0.027422303473491772 0.023848684210526317
1 0.3240402193784278 0.9502467105263158 0.027422303473491772 0.023848684210526317
0 0.5703839122486288 0.5193256578947368 0.021937842778793418 0.017269736842105265
1 0.9218464351005484 0.6944901315789473 0.03656307129798903 0.03125
1 0.6622486288848263 0.936266447368421 0.026508226691042046 0.02138157894736842
0 0.3510054844606947 0.8651315789473685 0.022851919561243144 0.023026315789473683
1 0.4319012797074954 0.17105263157894737 0.0283363802559415 0.02549342105263158
1 0.4657221206581353 0.24465460526315788 0.0283363802559415 0.023026315789473683
1 0.7637111517367459 0.1377467105263158 0.029250457038391225 0.02549342105263158
1 0.529707495429616 0.05345394736842105 0.018281535648994516 0.018914473684210526
1 0.6320840950639853 0.7713815789473685 0.02376599634369287 0.02138157894736842
1 0.7317184643510055 0.14103618421052633 0.027422303473491772 0.02631578947368421
1 0.31672760511882997 0.48355263157894735 0.031992687385740404 0.032072368421052634
1 0.8907678244972578 0.4576480263157895 0.03290676416819013 0.024671052631578948
1 0.6617915904936015 0.9658717105263158 0.025594149908592323 0.022203947368421052
1 0.5511882998171846 0.03330592105263158 0.02010968921389397 0.01644736842105263
1 0.7097806215722121 0.7023026315789473 0.026508226691042046 0.023026315789473683
1 0.7394881170018281 0.6212993421052632 0.022851919561243144 0.02055921052631579
1 0.5214808043875686 0.8277138157894737 0.026508226691042046 0.024671052631578948
1 0.26828153564899454 0.21340460526315788 0.02010968921389397 0.018914473684210526
1 0.4812614259597806 0.897203947368421 0.029250457038391225 0.023848684210526317
1 0.6261425959780622 0.8087993421052632 0.027422303473491772 0.023848684210526317
1 0.9570383912248629 0.6348684210526315 0.029250457038391225 0.019736842105263157
1 0.5493601462522852 0.600328947368421 0.031992687385740404 0.027138157894736843
1 0.3688299817184644 0.8782894736842105 0.02376599634369287 0.023026315789473683
1 0.6942413162705667 0.9662828947368421 0.025594149908592323 0.02138157894736842
1 0.1476234003656307 0.6200657894736842 0.02102376599634369 0.018914473684210526
0 0.4506398537477148 0.5707236842105263 0.025594149908592323 0.02055921052631579
0 0.30347349177330896 0.4058388157894737 0.025594149908592323 0.02138157894736842
1 0.5310786106032906 0.8585526315789473 0.024680073126142597 0.023848684210526317
1 0.9090493601462523 0.012335526315789474 0.029250457038391225 0.023848684210526317
1 0.4515539305301645 0.5900493421052632 0.0283363802559415 0.024671052631578948
1 0.43555758683729434 0.6151315789473685 0.029250457038391225 0.023026315789473683
1 0.5639853747714808 0.42598684210526316 0.02376599634369287 0.023848684210526317
0 0.5109689213893968 0.8622532894736842 0.02102376599634369 0.018092105263157895
1 0.30895795246800734 0.24013157894736842 0.018281535648994516 0.018092105263157895
1 0.373400365630713 0.8129111842105263 0.03016453382084095 0.028782894736842105
0 0.17824497257769653 0.7294407894736842 0.022851919561243144 0.02055921052631579
0 0.2993601462522852 0.4473684210526316 0.024680073126142597 0.02138157894736842
1 0.5882084095063985 0.5230263157894737 0.021937842778793418 0.02138157894736842
1 0.4812614259597806 0.8556743421052632 0.022851919561243144 0.018914473684210526
1 0.4538391224862888 0.22738486842105263 0.031078610603290677 0.023026315789473683
1 0.20338208409506398 0.5472861842105263 0.019195612431444242 0.02138157894736842
0 0.3912248628884826 0.7578125 0.025594149908592323 0.02138157894736842
1 0.7463436928702011 0.640625 0.024680073126142597 0.018914473684210526
1 0.7989031078610603 0.6332236842105263 0.027422303473491772 0.02138157894736842
1 0.1453382084095064 0.22039473684210525 0.018281535648994516 0.018914473684210526
1 0.013254113345521023 0.21258223684210525 0.02102376599634369 0.02055921052631579
0 0.3592321755027422 0.7368421052631579 0.02376599634369287 0.019736842105263157
1 0.3953382084095064 0.09991776315789473 0.031078610603290677 0.022203947368421052
0 0.23446069469835465 0.899671052631579 0.02376599634369287 0.02055921052631579
0 0.4319012797074954 0.7976973684210527 0.022851919561243144 0.018092105263157895
1 0.6439670932358318 0.9823190789473685 0.02102376599634369 0.018092105263157895
1 0.6403107861060329 0.6451480263157895 0.02102376599634369 0.02055921052631579
1 0.18738574040219377 0.8297697368421053 0.026508226691042046 0.018914473684210526
1 0.5447897623400365 0.8334703947368421 0.025594149908592323 0.02055921052631579
1 0.010968921389396709 0.7208059210526315 0.021937842778793418 0.033717105263157895
1 0.2742230347349177 0.4407894736842105 0.0283363802559415 0.02631578947368421
0 0.4702925045703839 0.7989309210526315 0.025594149908592323 0.022203947368421052
1 0.7842778793418648 0.18421052631578946 0.029250457038391225 0.023026315789473683
1 0.3624314442413163 0.036595394736842105 0.026508226691042046 0.023848684210526317
1 0.018281535648994516 0.772203947368421 0.024680073126142597 0.022203947368421052
1 0.19195612431444242 0.5851151315789473 0.022851919561243144 0.019736842105263157
1 0.9542961608775137 0.9798519736842105 0.029250457038391225 0.023026315789473683
1 0.613345521023766 0.7709703947368421 0.021937842778793418 0.018092105263157895
1 0.36151736745886653 0.5230263157894737 0.024680073126142597 0.02055921052631579
1 0.6814442413162706 0.5797697368421053 0.03016453382084095 0.02631578947368421
1 0.4524680073126143 0.6311677631578947 0.0283363802559415 0.024671052631578948
1 0.37751371115173676 0.7911184210526315 0.02376599634369287 0.018092105263157895
1 0.7554844606946983 0.6817434210526315 0.031078610603290677 0.02631578947368421
1 0.573583180987203 0.6714638157894737 0.026508226691042046 0.023026315789473683
0 0.5013711151736746 0.8071546052631579 0.024680073126142597 0.018092105263157895
1 0.7719378427787934 0.9444901315789473 0.026508226691042046 0.023848684210526317
1 0.7207495429616088 0.11060855263157894 0.029250457038391225 0.02631578947368421
1 0.22989031078610603 0.9749177631578947 0.025594149908592323 0.02138157894736842
1 0.590036563071298 0.7664473684210527 0.018281535648994516 0.01644736842105263
1 0.39716636197440586 0.7927631578947368 0.02376599634369287 0.024671052631578948
1 0.7586837294332724 0.7080592105263158 0.031078610603290677 0.02631578947368421
1 0.01736745886654479 0.6138980263157895 0.02010968921389397 0.015625
1 0.43418647166361973 0.8301809210526315 0.02376599634369287 0.018092105263157895
1 0.6480804387568556 0.9506578947368421 0.024680073126142597 0.022203947368421052
1 0.29570383912248627 0.7372532894736842 0.018281535648994516 0.014802631578947368
0 0.17321755027422303 0.8474506578947368 0.025594149908592323 0.024671052631578948
1 0.27376599634369286 0.9901315789473685 0.02102376599634369 0.018914473684210526
1 0.5086837294332724 0.907483552631579 0.02010968921389397 0.02055921052631579
0 0.4524680073126143 0.962171052631579 0.027422303473491772 0.02549342105263158
0 0.3226691042047532 0.8634868421052632 0.02376599634369287 0.023026315789473683
1 0.9529250457038391 0.8129111842105263 0.021937842778793418 0.014802631578947368
1 0.5370201096892139 0.6895559210526315 0.027422303473491772 0.02549342105263158
0 0.013254113345521023 0.8791118421052632 0.02010968921389397 0.018914473684210526
1 0.8729433272394881 0.7117598684210527 0.02376599634369287 0.023848684210526317
0 0.8016453382084096 0.9592927631578947 0.021937842778793418 0.018914473684210526
0 0.5562157221206582 0.5764802631578947 0.021937842778793418 0.018092105263157895
1 0.4323583180987203 0.19449013157894737 0.024680073126142597 0.024671052631578948
1 0.7321755027422303 0.6615953947368421 0.029250457038391225 0.02138157894736842
1 0.4529250457038391 0.18791118421052633 0.029250457038391225 0.02549342105263158
1 0.4739488117001828 0.6455592105263158 0.029250457038391225 0.022203947368421052
1 0.6371115173674589 0.5357730263157895 0.024680073126142597 0.024671052631578948
0 0.4638939670932358 0.8153782894736842 0.024680073126142597 0.02138157894736842
0 0.43144424131627057 0.5777138157894737 0.02010968921389397 0.018914473684210526
1 0.5854661791590493 0.688733552631579 0.0283363802559415 0.019736842105263157
1 0.5744972577696527 0.7619243421052632 0.02010968921389397 0.018914473684210526
1 0.5644424131627057 0.673108552631579 0.026508226691042046 0.022203947368421052
0 0.2449725776965265 0.6912006578947368 0.018281535648994516 0.013980263157894737
0 0.3176416819012797 0.829358552631579 0.027422303473491772 0.023026315789473683
1 0.18372943327239488 0.054276315789473686 0.02376599634369287 0.02138157894736842
1 0.7659963436928702 0.15666118421052633 0.029250457038391225 0.022203947368421052
1 0.8825411334552102 0.05756578947368421 0.026508226691042046 0.02055921052631579
0 0.2253199268738574 0.7294407894736842 0.021937842778793418 0.018914473684210526
1 0.3263254113345521 0.7491776315789473 0.018281535648994516 0.017269736842105265
1 0.4904021937842779 0.8758223684210527 0.022851919561243144 0.023026315789473683
0 0.37294332723948814 0.7705592105263158 0.022851919561243144 0.02055921052631579
0 0.4012797074954296 0.06661184210526316 0.025594149908592323 0.02055921052631579
1 0.05987202925045704 0.7068256578947368 0.021937842778793418 0.014802631578947368
0 0.2006398537477148 0.7282072368421053 0.022851919561243144 0.02055921052631579
1 0.7084095063985375 0.9535361842105263 0.024680073126142597 0.022203947368421052
1 0.4305301645338208 0.8149671052631579 0.025594149908592323 0.019736842105263157
0 0.9241316270566727 0.026726973684210526 0.022851919561243144 0.02055921052631579
1 0.43144424131627057 0.5953947368421053 0.02376599634369287 0.02055921052631579
1 0.463436928702011 0.20271381578947367 0.031992687385740404 0.018914473684210526
1 0.7431444241316271 0.7208059210526315 0.025594149908592323 0.02549342105263158
1 0.20155393053016454 0.031661184210526314 0.03290676416819013 0.02631578947368421
1 0.649908592321755 0.6319901315789473 0.018281535648994516 0.017269736842105265
1 0.27925045703839124 0.24054276315789475 0.018281535648994516 0.018092105263157895
0 0.012340036563071298 0.8618421052631579 0.02102376599634369 0.018092105263157895
1 0.8756855575868373 0.11636513157894737 0.0283363802559415 0.023848684210526317
1 0.03244972577696526 0.881578947368421 0.02010968921389397 0.02055921052631579
0 0.7586837294332724 0.6258223684210527 0.02010968921389397 0.017269736842105265
0 0.8098720292504571 0.584703947368421 0.021937842778793418 0.018914473684210526
1 0.05393053016453382 0.5842927631578947 0.015539305301645339 0.017269736842105265
0 0.5402193784277879 0.813733552631579 0.021937842778793418 0.019736842105263157
1 0.011425959780621572 0.9584703947368421 0.018281535648994516 0.02138157894736842
0 0.3720292504570384 0.5662006578947368 0.027422303473491772 0.023848684210526317
1 0.38482632541133455 0.897203947368421 0.024680073126142597 0.019736842105263157
0 0.9314442413162706 0.27425986842105265 0.03473491773308958 0.02549342105263158
0 0.04296160877513711 0.8688322368421053 0.02376599634369287 0.02055921052631579
0 0.026051188299817184 0.9412006578947368 0.026508226691042046 0.019736842105263157
1 0.3272394881170018 0.631578947368421 0.018281535648994516 0.017269736842105265
0 0.9730347349177331 0.6854440789473685 0.019195612431444242 0.018092105263157895
0 0.46206581352833637 0.8322368421052632 0.021937842778793418 0.018092105263157895
1 0.4789762340036563 0.38651315789473684 0.021937842778793418 0.018914473684210526
0 0.019195612431444242 0.9412006578947368 0.018281535648994516 0.017269736842105265
0 0.8642595978062158 0.9124177631578947 0.031992687385740404 0.023848684210526317
1 0.07678244972577697 0.8819901315789473 0.019195612431444242 0.018092105263157895
1 0.6576782449725777 0.6644736842105263 0.02376599634369287 0.023026315789473683
1 0.5978062157221207 0.709703947368421 0.018281535648994516 0.015625
0 0.7783363802559415 0.9272203947368421 0.02010968921389397 0.017269736842105265
0 0.2952468007312614 0.24671052631578946 0.019195612431444242 0.013980263157894737
1 0.11151736745886655 0.665296052631579 0.021937842778793418 0.017269736842105265
0 0.7760511882998172 0.5111019736842105 0.025594149908592323 0.02055921052631579
0 0.41590493601462525 0.7886513157894737 0.02010968921389397 0.017269736842105265
0 0.9323583180987203 0.6533717105263158 0.024680073126142597 0.022203947368421052
0 0.3880255941499086 0.5493421052631579 0.03016453382084095 0.02549342105263158
0 0.39579524680073125 0.8244243421052632 0.02376599634369287 0.023026315789473683
1 0.08455210237659963 0.8865131578947368 0.01736745886654479 0.018092105263157895
1 0.03336380255941499 0.7685032894736842 0.02376599634369287 0.023848684210526317
0 0.021480804387568556 0.9247532894736842 0.02010968921389397 0.01644736842105263
1 0.970292504570384 0.8458059210526315 0.022851919561243144 0.018914473684210526
0 0.4309872029250457 0.23848684210526316 0.024680073126142597 0.023848684210526317
0 0.20521023765996343 0.039884868421052634 0.026508226691042046 0.019736842105263157
1 0.7979890310786106 0.6677631578947368 0.021937842778793418 0.018914473684210526
1 0.3423217550274223 0.8935032894736842 0.024680073126142597 0.024671052631578948
1 0.9387568555758684 0.8211348684210527 0.02102376599634369 0.014802631578947368
1 0.4657221206581353 0.3589638157894737 0.019195612431444242 0.019736842105263157
1 0.9090493601462523 0.4761513157894737 0.025594149908592323 0.023848684210526317
0 0.5260511882998172 0.9021381578947368 0.02102376599634369 0.017269736842105265
1 0.9872029250457038 0.842516447368421 0.02102376599634369 0.02138157894736842
0 0.01782449725776965 0.6533717105263158 0.01736745886654479 0.014802631578947368
1 0.3953382084095064 0.875 0.025594149908592323 0.018914473684210526
0 0.5452468007312614 0.055509868421052634 0.01736745886654479 0.015625
0 0.22074954296160879 0.7064144736842105 0.019195612431444242 0.015625
1 0.9410420475319927 0.594983552631579 0.031078610603290677 0.018914473684210526
1 0.5287934186471663 0.8926809210526315 0.022851919561243144 0.02055921052631579
0 0.9063071297989032 0.6541940789473685 0.0283363802559415 0.022203947368421052
1 0.26782449725776963 0.9383223684210527 0.02010968921389397 0.018092105263157895
1 0.27925045703839124 0.7504111842105263 0.02376599634369287 0.017269736842105265
1 0.4913162705667276 0.9107730263157895 0.025594149908592323 0.022203947368421052
0 0.1425959780621572 0.2060032894736842 0.019195612431444242 0.01644736842105263
0 0.47760511882998175 0.5892269736842105 0.021937842778793418 0.018092105263157895
1 0.3491773308957952 0.921875 0.025594149908592323 0.024671052631578948
1 0.3624314442413163 0.946546052631579 0.027422303473491772 0.023026315789473683
1 0.3852833638025594 0.02919407894736842 0.02376599634369287 0.019736842105263157
1 0.7801645338208409 0.5254934210526315 0.021937842778793418 0.018914473684210526
0 0.4218464351005484 0.9268092105263158 0.02376599634369287 0.018914473684210526
1 0.6042047531992687 0.7191611842105263 0.01736745886654479 0.013980263157894737
1 0.4127056672760512 0.805921052631579 0.021937842778793418 0.02055921052631579
0 0.20978062157221206 0.8824013157894737 0.02102376599634369 0.018914473684210526
0 0.4638939670932358 0.6015625 0.02010968921389397 0.018914473684210526
1 0.3829981718464351 0.9346217105263158 0.02376599634369287 0.022203947368421052
1 0.8057586837294333 0.5678453947368421 0.02010968921389397 0.017269736842105265
1 0.5859232175502742 0.8125 0.02376599634369287 0.018914473684210526
1 0.7705667276051188 0.7146381578947368 0.022851919561243144 0.023848684210526317
1 0.010968921389396709 0.9794407894736842 0.02010968921389397 0.022203947368421052
1 0.0603290676416819 0.5682565789473685 0.018281535648994516 0.01644736842105263
1 0.9570383912248629 0.9181743421052632 0.022851919561243144 0.02055921052631579
1 0.17321755027422303 0.6883223684210527 0.018281535648994516 0.01644736842105263
1 0.34780621572212067 0.8170230263157895 0.024680073126142597 0.023026315789473683
1 0.2952468007312614 0.7047697368421053 0.019195612431444242 0.018092105263157895
0 0.034277879341864714 0.9786184210526315 0.02102376599634369 0.01644736842105263
1 0.1576782449725777 0.4810855263157895 0.02010968921389397 0.017269736842105265
1 0.8117001828153565 0.17105263157894737 0.022851919561243144 0.02138157894736842
0 0.24040219378427788 0.7055921052631579 0.02102376599634369 0.015625
0 0.13345521023765997 0.6566611842105263 0.018281535648994516 0.01644736842105263
0 0.20292504570383912 0.7084703947368421 0.02102376599634369 0.017269736842105265
0 0.40585009140767825 0.936266447368421 0.02376599634369287 0.023026315789473683
1 0.058957952468007314 0.7520559210526315 0.02376599634369287 0.02138157894736842
0 0.04296160877513711 0.9913651315789473 0.02102376599634369 0.014802631578947368
1 0.30255941499085925 0.9851973684210527 0.021937842778793418 0.018914473684210526
1 0.17870201096892138 0.8055098684210527 0.018281535648994516 0.015625
1 0.4127056672760512 0.17557565789473684 0.021937842778793418 0.019736842105263157
