1 0.6828153564899452 0.05962171052631579 0.03473491773308958 0.027960526315789474
1 0.6188299817184644 0.027138157894736843 0.043875685557586835 0.032072368421052634
1 0.6627056672760512 0.07524671052631579 0.03656307129798903 0.02549342105263158
1 0.5845521023765996 0.047697368421052634 0.027422303473491772 0.027138157894736843
1 0.5475319926873857 0.03700657894736842 0.029250457038391225 0.027138157894736843
1 0.10557586837294333 0.05016447368421053 0.027422303473491772 0.02549342105263158
1 0.5630712979890311 0.052220394736842105 0.021937842778793418 0.019736842105263157
1 0.3720292504570384 0.005756578947368421 0.03290676416819013 0.011513157894736841
1 0.06489945155393052 0.49835526315789475 0.03016453382084095 0.02549342105263158
1 0.5347349177330896 0.047286184210526314 0.022851919561243144 0.022203947368421052
1 0.569926873857404 0.022203947368421052 0.025594149908592323 0.019736842105263157
