1 0.058957952468007314 0.2602796052631579 0.04204753199268738 0.032072368421052634
1 0.048446069469835464 0.30756578947368424 0.029250457038391225 0.03042763157894737
1 0.09506398537477148 0.9498355263157895 0.048446069469835464 0.039473684210526314
1 0.13071297989031078 0.9786184210526315 0.04296160877513711 0.039473684210526314
1 0.0740402193784278 0.3067434210526316 0.03290676416819013 0.028782894736842105
1 0.056672760511883 0.9716282894736842 0.044789762340036565 0.047697368421052634
1 0.19149908592321754 0.34662828947368424 0.031078610603290677 0.027138157894736843
1 0.9460694698354661 0.13980263157894737 0.04113345521023766 0.03125
1 0.08820840950639854 0.983141447368421 0.044789762340036565 0.03289473684210526
1 0.12248628884826325 0.9950657894736842 0.038391224862888484 0.009868421052631578
1 0.025137111517367458 0.983141447368421 0.03290676416819013 0.032072368421052634
1 0.11791590493601463 0.3384046052631579 0.027422303473491772 0.022203947368421052
0 0.06627056672760512 0.3285361842105263 0.031992687385740404 0.024671052631578948
