1 0.14333333333333334 0.9527381845461366 0.034166666666666665 0.03075768942235559
1 0.4125 0.873218304576144 0.03833333333333333 0.033008252063015754
0 0.2783333333333333 0.873218304576144 0.03333333333333333 0.0277569392348087
1 0.10625 0.9576144036009002 0.035 0.030007501875468866
0 0.2945833333333333 0.7119279819954989 0.0375 0.03150787696924231
0 0.8725 0.8953488372093024 0.03666666666666667 0.03075768942235559
1 0.32666666666666666 0.7678169542385597 0.041666666666666664 0.03150787696924231
0 0.5690916666666667 0.6714403600900225 0.019741666666666668 0.027989497374343586
0 0.5908333333333333 0.667291822955739 0.02666666666666667 0.02250562640660165
0 0.13375 0.9846211552888222 0.028333333333333332 0.02700675168792198
1 0.4266666666666667 0.9831207801950488 0.04416666666666667 0.03150787696924231
1 0.7295833333333334 0.8604651162790697 0.03666666666666667 0.03150787696924231
1 0.27541666666666664 0.8443360840210052 0.04083333333333333 0.03375843960990248
0 0.15666666666666668 0.9902475618904726 0.0275 0.019504876219054765
1 0.79625 0.9699924981245311 0.03916666666666667 0.03600900225056264
0 0.8479166666666667 0.9711177794448612 0.03166666666666667 0.0277569392348087
1 0.25708333333333333 0.8799699924981246 0.03916666666666667 0.03825956489122281
0 0.3075 0.86384096024006 0.03833333333333333 0.03150787696924231
0 0.6125 0.677794448612153 0.02 0.019504876219054765
0 0.3283333333333333 0.708927231807952 0.034166666666666665 0.030007501875468866
0 0.82625 0.9534883720930233 0.034166666666666665 0.02700675168792198
0 0.11458333333333333 0.9838709677419355 0.025 0.02625656414103526
0 0.8241666666666667 0.9849962490622656 0.03333333333333333 0.028507126781695424
0 0.4066666666666667 0.9302325581395349 0.03166666666666667 0.02625656414103526
1 0.47208333333333335 0.9549887471867967 0.041666666666666664 0.04576144036009002
0 0.5983333333333334 0.7010502625656414 0.0275 0.024006001500375095
0 0.8920833333333333 0.9808702175543886 0.0325 0.024756189047261814
0 0.5920833333333333 0.3900975243810953 0.035833333333333335 0.03075768942235559
0 0.5770833333333333 0.4118529632408102 0.034166666666666665 0.03150787696924231
0 0.27875 0.6905476369092273 0.04083333333333333 0.030007501875468866
0 0.5575 0.640285071267817 0.0225 0.018754688672168042
1 0.49666666666666665 0.7974493623405852 0.035 0.024756189047261814
0 0.6554166666666666 0.9906226556639159 0.03666666666666667 0.018754688672168042
0 0.6170833333333333 0.6965491372843211 0.0175 0.020255063765941484
0 0.8608333333333333 0.9898724681170292 0.0275 0.020255063765941484
0 0.69 0.86384096024006 0.025833333333333333 0.025506376594148537
0 0.6708333333333333 0.972993248312078 0.024166666666666666 0.020255063765941484
0 0.30375 0.6781695423855963 0.025 0.020255063765941484
0 0.5454166666666667 0.654913728432108 0.019166666666666665 0.018754688672168042
0 0.425 0.9441110277569392 0.03 0.02625656414103526
0 0.4091666666666667 0.9564891222805701 0.03166666666666667 0.028507126781695424
0 0.7075 0.858589647411853 0.02 0.024006001500375095
0 0.7658333333333334 0.9819954988747187 0.0325 0.025506376594148537
0 0.63625 0.9058514628657164 0.02666666666666667 0.023255813953488372
0 0.6291666666666667 0.8893473368342085 0.024166666666666666 0.024006001500375095
0 0.72625 0.9073518379594899 0.029166666666666667 0.02250562640660165
0 0.66375 0.9096024006001501 0.0325 0.02625656414103526
0 0.8570833333333333 0.9144786196549137 0.024166666666666666 0.02175543885971493
0 0.6254166666666666 0.9752438109527382 0.035833333333333335 0.030007501875468866
0 0.6345 0.9559639909977494 0.025833333333333333 0.024006001500375095
0 0.4440166666666667 0.9220330082520629 0.040375 0.033143285821455364
0 0.5158166666666667 0.9240960240060014 0.025008333333333334 0.02999249812453113
0 0.5340666666666667 0.9112378094523631 0.030525000000000004 0.023683420855213803
0 0.45263333333333333 0.9012978244561141 0.019899999999999998 0.023203300825206302
0 0.46745000000000003 0.7857914478619655 0.027975 0.021417854463615906
0 0.6590083333333333 0.9601650412603151 0.028483333333333333 0.020885221305326333
0 0.24854166666666666 0.715873968492123 0.041466666666666666 0.0331807951987997
