0 0.7417733089579525 0.9099506578947368 0.03930530164533821 0.03289473684210526
1 0.0923217550274223 0.5082236842105263 0.031992687385740404 0.029605263157894735
1 0.8989945155393053 0.015625 0.031992687385740404 0.027960526315789474
1 0.16956124314442414 0.9025493421052632 0.044789762340036565 0.03289473684210526
1 0.2216636197440585 0.04029605263157895 0.029250457038391225 0.02549342105263158
1 0.8112431444241316 0.25945723684210525 0.031078610603290677 0.028782894736842105
1 0.8103290676416819 0.3684210526315789 0.033820840950639856 0.032072368421052634
1 0.2006398537477148 0.09292763157894737 0.031992687385740404 0.02549342105263158
1 0.3962522851919561 0.13075657894736842 0.037477148080438755 0.033717105263157895
1 0.42413162705667273 0.10773026315789473 0.03656307129798903 0.03042763157894737
0 0.7431444241316271 0.936266447368421 0.027422303473491772 0.024671052631578948
1 0.600091407678245 0.4819078947368421 0.029250457038391225 0.028782894736842105
1 0.11974405850091407 0.29605263157894735 0.026508226691042046 0.023026315789473683
1 0.5036563071297989 0.6138980263157895 0.02376599634369287 0.024671052631578948
1 0.28153564899451555 0.25493421052631576 0.031078610603290677 0.02549342105263158
1 0.5310786106032906 0.20435855263157895 0.03016453382084095 0.027138157894736843
1 0.9387568555758684 0.3893914473684211 0.03290676416819013 0.027960526315789474
1 0.3272394881170018 0.2833059210526316 0.03290676416819013 0.027960526315789474
1 0.8916819012797075 0.5731907894736842 0.03473491773308958 0.03042763157894737
1 0.16042047531992687 0.18009868421052633 0.0283363802559415 0.024671052631578948
0 0.773308957952468 0.9243421052631579 0.03656307129798903 0.033717105263157895
1 0.10009140767824497 0.11759868421052631 0.031992687385740404 0.027960526315789474
1 0.29478976234003657 0.09004934210526316 0.031078610603290677 0.02631578947368421
1 0.48491773308957953 0.6171875 0.02376599634369287 0.023026315789473683
1 0.9552102376599635 0.2512335526315789 0.03016453382084095 0.02549342105263158
1 0.9712065813528337 0.32319078947368424 0.03016453382084095 0.029605263157894735
1 0.14122486288848263 0.28536184210526316 0.026508226691042046 0.023848684210526317
1 0.8903107861060329 0.1747532894736842 0.02376599634369287 0.02138157894736842
1 0.26919561243144424 0.0859375 0.025594149908592323 0.024671052631578948
1 0.8276965265082267 0.5415296052631579 0.03290676416819013 0.03042763157894737
1 0.7152650822669104 0.6439144736842105 0.025594149908592323 0.023848684210526317
1 0.6302559414990859 0.3638980263157895 0.031992687385740404 0.027960526315789474
1 0.20109689213893966 0.11554276315789473 0.0283363802559415 0.023848684210526317
1 0.6243144424131627 0.5086348684210527 0.027422303473491772 0.023848684210526317
0 0.26691042047531993 0.8248355263157895 0.031992687385740404 0.02631578947368421
1 0.19515539305301646 0.8680098684210527 0.029250457038391225 0.027960526315789474
1 0.23720292504570384 0.19407894736842105 0.0283363802559415 0.027138157894736843
1 0.9296160877513712 0.7150493421052632 0.026508226691042046 0.02138157894736842
1 0.2522851919561243 0.10238486842105263 0.0283363802559415 0.027138157894736843
1 0.25685557586837293 0.5267269736842105 0.02376599634369287 0.022203947368421052
1 0.7641681901279708 0.5982730263157895 0.031078610603290677 0.027960526315789474
1 0.2810786106032907 0.10978618421052631 0.03656307129798903 0.02631578947368421
1 0.13254113345521024 0.7808388157894737 0.0283363802559415 0.027138157894736843
1 0.7627970749542962 0.6990131578947368 0.026508226691042046 0.023026315789473683
1 0.8126142595978062 0.33429276315789475 0.03016453382084095 0.024671052631578948
1 0.8948811700182815 0.21669407894736842 0.03016453382084095 0.028782894736842105
1 0.16224862888482633 0.2944078947368421 0.02376599634369287 0.019736842105263157
1 0.7321755027422303 0.26973684210526316 0.031078610603290677 0.024671052631578948
1 0.9369287020109689 0.5102796052631579 0.033820840950639856 0.032072368421052634
1 0.9574954296160878 0.22902960526315788 0.027422303473491772 0.02631578947368421
1 0.1809872029250457 0.26192434210526316 0.0283363802559415 0.023026315789473683
1 0.9305301645338209 0.6981907894736842 0.022851919561243144 0.018914473684210526
1 0.7806215722120659 0.6928453947368421 0.02102376599634369 0.02138157894736842
1 0.2609689213893967 0.49917763157894735 0.02102376599634369 0.018914473684210526
1 0.2687385740402194 0.17351973684210525 0.031078610603290677 0.023026315789473683
1 0.25594149908592323 0.8478618421052632 0.029250457038391225 0.023848684210526317
1 0.7856489945155393 0.013980263157894737 0.031992687385740404 0.02631578947368421
1 0.7906764168190128 0.29605263157894735 0.025594149908592323 0.023848684210526317
1 0.19926873857404023 0.024671052631578948 0.03290676416819013 0.023026315789473683
1 0.44561243144424134 0.5226151315789473 0.029250457038391225 0.029605263157894735
1 0.6796160877513712 0.3285361842105263 0.031078610603290677 0.02631578947368421
1 0.9858318098720292 0.34457236842105265 0.0283363802559415 0.027138157894736843
1 0.7627970749542962 0.4370888157894737 0.029250457038391225 0.027138157894736843
1 0.746800731261426 0.11266447368421052 0.022851919561243144 0.02055921052631579
1 0.4904021937842779 0.9917763157894737 0.03290676416819013 0.01644736842105263
1 0.8930530164533821 0.6689967105263158 0.029250457038391225 0.023848684210526317
0 0.11380255941499086 0.07319078947368421 0.021937842778793418 0.02055921052631579
1 0.7244058500914077 0.15542763157894737 0.0283363802559415 0.02549342105263158
1 0.12202925045703839 0.7257401315789473 0.031992687385740404 0.027138157894736843
1 0.12797074954296161 0.31332236842105265 0.024680073126142597 0.018092105263157895
1 0.2742230347349177 0.5119243421052632 0.022851919561243144 0.02055921052631579
1 0.21709323583180987 0.8289473684210527 0.031992687385740404 0.028782894736842105
1 0.9159049360146252 0.40460526315789475 0.025594149908592323 0.023848684210526317
1 0.16453382084095064 0.8589638157894737 0.03656307129798903 0.027960526315789474
1 0.9648080438756855 0.905016447368421 0.031078610603290677 0.032072368421052634
1 0.9085923217550275 0.20435855263157895 0.02376599634369287 0.02138157894736842
1 0.17321755027422303 0.31085526315789475 0.02376599634369287 0.023026315789473683
1 0.399908592321755 0.4440789473684211 0.027422303473491772 0.027138157894736843
1 0.1905850091407678 0.04523026315789474 0.03656307129798903 0.028782894736842105
0 0.2216636197440585 0.90625 0.0283363802559415 0.023848684210526317
1 0.16224862888482633 0.11759868421052631 0.03473491773308958 0.02549342105263158
1 0.720292504570384 0.756578947368421 0.02376599634369287 0.022203947368421052
1 0.920018281535649 0.24629934210526316 0.02376599634369287 0.023026315789473683
1 0.4236745886654479 0.08018092105263158 0.03290676416819013 0.027138157894736843
1 0.4693784277879342 0.34004934210526316 0.027422303473491772 0.027960526315789474
1 0.23583180987202926 0.5226151315789473 0.025594149908592323 0.022203947368421052
0 0.21389396709323583 0.0625 0.0283363802559415 0.023026315789473683
1 0.9360146252285192 0.7927631578947368 0.0283363802559415 0.029605263157894735
1 0.7285191956124314 0.44037828947368424 0.026508226691042046 0.024671052631578948
0 0.49497257769652653 0.3433388157894737 0.03290676416819013 0.029605263157894735
1 0.5347349177330896 0.22902960526315788 0.027422303473491772 0.024671052631578948
0 0.6485374771480804 0.5049342105263158 0.024680073126142597 0.023026315789473683
0 0.7746800731261426 0.8992598684210527 0.0283363802559415 0.024671052631578948
1 0.5585009140767825 0.10814144736842106 0.02376599634369287 0.022203947368421052
0 0.7495429616087751 0.8889802631578947 0.031992687385740404 0.022203947368421052
0 0.9908592321755028 0.32319078947368424 0.018281535648994516 0.02055921052631579
1 0.1956124314442413 0.5719572368421053 0.03016453382084095 0.029605263157894735
1 0.9808043875685558 0.84375 0.02010968921389397 0.018914473684210526
1 0.9337294332723949 0.23108552631578946 0.022851919561243144 0.022203947368421052
0 0.23491773308957953 0.8877467105263158 0.029250457038391225 0.023848684210526317
1 0.906764168190128 0.7874177631578947 0.02376599634369287 0.02138157894736842
0 0.7042961608775137 0.2902960526315789 0.03016453382084095 0.02631578947368421
0 0.8263254113345521 0.47286184210526316 0.026508226691042046 0.02631578947368421
1 0.4616087751371115 0.7327302631578947 0.019195612431444242 0.01644736842105263
1 0.8482632541133455 0.48273026315789475 0.03016453382084095 0.027138157894736843
1 0.3053016453382084 0.2935855263157895 0.026508226691042046 0.024671052631578948
1 0.6005484460694699 0.46175986842105265 0.0283363802559415 0.022203947368421052
1 0.6215722120658135 0.47820723684210525 0.026508226691042046 0.024671052631578948
1 0.7600548446069469 0.5711348684210527 0.029250457038391225 0.024671052631578948
1 0.2554844606946984 0.2109375 0.0283363802559415 0.02549342105263158
1 0.9611517367458866 0.43832236842105265 0.029250457038391225 0.02549342105263158
0 0.14442413162705667 0.08264802631578948 0.029250457038391225 0.023026315789473683
1 0.44744058500914075 0.03289473684210526 0.0356489945155393 0.03125
1 0.3720292504570384 0.4453125 0.02376599634369287 0.022203947368421052
1 0.1809872029250457 0.24629934210526316 0.027422303473491772 0.017269736842105265
0 0.048446069469835464 0.5629111842105263 0.02376599634369287 0.02055921052631579
1 0.41316270566727603 0.26398026315789475 0.03473491773308958 0.024671052631578948
0 0.7595978062157221 0.01274671052631579 0.02376599634369287 0.02138157894736842
1 0.14670932358318098 0.3046875 0.024680073126142597 0.018914473684210526
0 0.7180073126142597 0.9395559210526315 0.031992687385740404 0.03125
1 0.7426873857404022 0.6007401315789473 0.02376599634369287 0.022203947368421052
1 0.4753199268738574 0.5160361842105263 0.027422303473491772 0.023848684210526317
1 0.41773308957952465 0.2886513157894737 0.037477148080438755 0.028782894736842105
1 0.08820840950639854 0.10115131578947369 0.026508226691042046 0.02631578947368421
1 0.7372029250457038 0.4074835526315789 0.026508226691042046 0.02138157894736842
1 0.2742230347349177 0.19284539473684212 0.031992687385740404 0.024671052631578948
0 0.7006398537477148 0.265625 0.029250457038391225 0.024671052631578948
0 0.24177330895795246 0.8297697368421053 0.024680073126142597 0.023026315789473683
1 0.9698354661791591 0.2759046052631579 0.024680073126142597 0.023848684210526317
1 0.4904021937842779 0.709703947368421 0.02010968921389397 0.01644736842105263
1 0.9319012797074955 0.4165296052631579 0.026508226691042046 0.023026315789473683
1 0.24862888482632542 0.044407894736842105 0.02376599634369287 0.02055921052631579
0 0.9387568555758684 0.47944078947368424 0.02376599634369287 0.02055921052631579
1 0.14716636197440586 0.3236019736842105 0.02102376599634369 0.019736842105263157
0 0.1476234003656307 0.22697368421052633 0.022851919561243144 0.017269736842105265
1 0.4209323583180987 0.4453125 0.024680073126142597 0.023026315789473683
1 0.25502742230347347 0.5123355263157895 0.02376599634369287 0.014802631578947368
0 0.8706581352833638 0.6180098684210527 0.026508226691042046 0.02138157894736842
1 0.7801645338208409 0.3384046052631579 0.022851919561243144 0.023848684210526317
1 0.15950639853747714 0.31537828947368424 0.02010968921389397 0.019736842105263157
1 0.4556672760511883 0.7212171052631579 0.019195612431444242 0.017269736842105265
1 0.05301645338208409 0.32319078947368424 0.02102376599634369 0.018092105263157895
1 0.7623400365630713 0.15008223684210525 0.02010968921389397 0.018914473684210526
0 0.6092321755027422 0.24300986842105263 0.024680073126142597 0.022203947368421052
1 0.9163619744058501 0.22738486842105263 0.019195612431444242 0.017269736842105265
1 0.8327239488117002 0.26726973684210525 0.025594149908592323 0.028782894736842105
0 0.17687385740402195 0.7047697368421053 0.02376599634369287 0.02055921052631579
0 0.3962522851919561 0.09457236842105263 0.029250457038391225 0.02631578947368421
1 0.26371115173674586 0.5583881578947368 0.027422303473491772 0.023848684210526317
0 0.0740402193784278 0.5180921052631579 0.02010968921389397 0.018092105263157895
1 0.11471663619744059 0.32648026315789475 0.021937842778793418 0.018914473684210526
1 0.2673674588665448 0.0649671052631579 0.027422303473491772 0.019736842105263157
1 0.1563071297989031 0.7076480263157895 0.02010968921389397 0.02055921052631579
0 0.9163619744058501 0.47738486842105265 0.024680073126142597 0.02138157894736842
0 0.3939670932358318 0.530016447368421 0.02376599634369287 0.02138157894736842
1 0.2819926873857404 0.6661184210526315 0.024680073126142597 0.019736842105263157
1 0.9748628884826326 0.23067434210526316 0.021937842778793418 0.023848684210526317
0 0.09414990859232175 0.07113486842105263 0.022851919561243144 0.02055921052631579
1 0.7042961608775137 0.47245065789473684 0.02376599634369287 0.022203947368421052
1 0.21617915904936014 0.5744243421052632 0.02376599634369287 0.024671052631578948
0 0.8002742230347349 0.6287006578947368 0.025594149908592323 0.018914473684210526
0 0.2746800731261426 0.5304276315789473 0.022851919561243144 0.019736842105263157
0 0.22074954296160879 0.22615131578947367 0.02376599634369287 0.02138157894736842
1 0.17093235831809872 0.8766447368421053 0.031992687385740404 0.023026315789473683
0 0.22074954296160879 0.13240131578947367 0.021937842778793418 0.019736842105263157
0 0.6558500914076782 0.2890625 0.025594149908592323 0.02055921052631579
0 0.6384826325411335 0.4876644736842105 0.02102376599634369 0.018914473684210526
0 0.8519195612431444 0.6212993421052632 0.021937842778793418 0.02138157894736842
0 0.10237659963436929 0.7874177631578947 0.025594149908592323 0.02055921052631579
1 0.8820840950639853 0.6541940789473685 0.022851919561243144 0.019736842105263157
1 0.15310786106032906 0.3207236842105263 0.025594149908592323 0.02055921052631579
0 0.1636197440585009 0.09539473684210527 0.03290676416819013 0.027960526315789474
1 0.41910420475319926 0.06620065789473684 0.026508226691042046 0.017269736842105265
1 0.24451553930530165 0.17269736842105263 0.022851919561243144 0.019736842105263157
1 0.8537477148080439 0.6665296052631579 0.025594149908592323 0.02055921052631579
0 0.7600548446069469 0.9502467105263158 0.03473491773308958 0.023848684210526317
0 0.10968921389396709 0.05797697368421053 0.029250457038391225 0.018914473684210526
1 0.926873857404022 0.46504934210526316 0.025594149908592323 0.019736842105263157
1 0.909963436928702 0.18379934210526316 0.02376599634369287 0.019736842105263157
0 0.38711151736745886 0.3384046052631579 0.02376599634369287 0.019736842105263157
1 0.033820840950639856 0.39432565789473684 0.022851919561243144 0.015625
0 0.4716636197440585 0.7203947368421053 0.018281535648994516 0.01644736842105263
1 0.9181901279707495 0.17146381578947367 0.018281535648994516 0.017269736842105265
0 0.666819012797075 0.47738486842105265 0.026508226691042046 0.024671052631578948
0 0.7408592321755028 0.5818256578947368 0.027422303473491772 0.024671052631578948
