1 0.15996343692870202 0.7294407894736842 0.031992687385740404 0.02549342105263158
1 0.7047531992687386 0.9103618421052632 0.0356489945155393 0.02631578947368421
1 0.1425959780621572 0.4790296052631579 0.031992687385740404 0.02631578947368421
1 0.37294332723948814 0.4457236842105263 0.037477148080438755 0.03042763157894737
1 0.9035648994515539 0.8688322368421053 0.04021937842778794 0.033717105263157895
1 0.20383912248628885 0.37417763157894735 0.024680073126142597 0.019736842105263157
1 0.018281535648994516 0.8643092105263158 0.025594149908592323 0.023848684210526317
1 0.9163619744058501 0.891858552631579 0.04296160877513711 0.024671052631578948
1 0.7783363802559415 0.5604440789473685 0.038391224862888484 0.03289473684210526
1 0.7454296160877514 0.9025493421052632 0.031078610603290677 0.02631578947368421
1 0.09460694698354662 0.8030427631578947 0.03656307129798903 0.02549342105263158
1 0.13482632541133455 0.9720394736842105 0.024680073126142597 0.019736842105263157
1 0.5772394881170019 0.7335526315789473 0.027422303473491772 0.023848684210526317
1 0.4337294332723949 0.9481907894736842 0.031078610603290677 0.02631578947368421
1 0.8085009140767825 0.5682565789473685 0.0356489945155393 0.028782894736842105
1 0.37385740402193784 0.9905427631578947 0.037477148080438755 0.018914473684210526
1 0.06535648994515539 0.6796875 0.029250457038391225 0.022203947368421052
1 0.5457038391224863 0.6019736842105263 0.027422303473491772 0.023026315789473683
1 0.05850091407678245 0.7911184210526315 0.031992687385740404 0.028782894736842105
1 0.19926873857404023 0.8466282894736842 0.024680073126142597 0.02055921052631579
1 0.3679159049360146 0.6430921052631579 0.0356489945155393 0.03042763157894737
1 0.40676416819012795 0.938733552631579 0.029250457038391225 0.02631578947368421
1 0.21709323583180987 0.5345394736842105 0.0283363802559415 0.02055921052631579
1 0.3843692870201097 0.930921052631579 0.027422303473491772 0.02631578947368421
1 0.7056672760511883 0.625 0.029250457038391225 0.023848684210526317
1 0.5082266910420475 0.8976151315789473 0.021937842778793418 0.018092105263157895
1 0.7198354661791591 0.8930921052631579 0.033820840950639856 0.029605263157894735
1 0.5379341864716636 0.5275493421052632 0.03656307129798903 0.028782894736842105
1 0.9634369287020109 0.8992598684210527 0.031992687385740404 0.03042763157894737
1 0.08638025594149909 0.5662006578947368 0.029250457038391225 0.02549342105263158
1 0.055758683729433274 0.9588815789473685 0.02102376599634369 0.018914473684210526
1 0.11060329067641682 0.8264802631578947 0.027422303473491772 0.024671052631578948
1 0.5306215722120659 0.8832236842105263 0.031992687385740404 0.023026315789473683
1 0.5813528336380256 0.7927631578947368 0.0283363802559415 0.023848684210526317
1 0.14524680073126142 0.8593174342105264 0.027084095063985375 0.016768092105263158
1 0.1480804387568556 0.8359375 0.033820840950639856 0.027960526315789474
1 0.5237659963436929 0.7360197368421053 0.038391224862888484 0.029605263157894735
0 0.7244058500914077 0.8486842105263158 0.026508226691042046 0.018092105263157895
1 0.6421389396709324 0.9416118421052632 0.03656307129798903 0.032072368421052634
1 0.06307129798903108 0.7269736842105263 0.022851919561243144 0.02055921052631579
1 0.7659963436928702 0.9823190789473685 0.031992687385740404 0.024671052631578948
1 0.10420475319926874 0.579358552631579 0.0283363802559415 0.023848684210526317
1 0.23217550274223034 0.5242598684210527 0.024680073126142597 0.019736842105263157
1 0.6809872029250457 0.6463815789473685 0.03473491773308958 0.024671052631578948
1 0.056672760511883 0.6620065789473685 0.027422303473491772 0.02138157894736842
1 0.12340036563071298 0.5263157894736842 0.0283363802559415 0.02631578947368421
1 0.4986288848263254 0.8811677631578947 0.019195612431444242 0.02138157894736842
1 0.025594149908592323 0.9950657894736842 0.0283363802559415 0.009868421052631578
1 0.8775137111517367 0.6879111842105263 0.031078610603290677 0.02549342105263158
1 0.6581352833638026 0.8655427631578947 0.024680073126142597 0.02055921052631579
1 0.48171846435100546 0.6805098684210527 0.03656307129798903 0.027960526315789474
1 0.12888482632541134 0.743421052631579 0.0283363802559415 0.029605263157894735
0 0.7102376599634369 0.8675986842105263 0.02010968921389397 0.018092105263157895
1 0.6430530164533821 0.8787006578947368 0.027422303473491772 0.022203947368421052
1 0.676873857404022 0.625 0.027422303473491772 0.022203947368421052
1 0.28016453382084094 0.31537828947368424 0.02376599634369287 0.02055921052631579
1 0.04250457038391225 0.8634868421052632 0.02010968921389397 0.02055921052631579
1 0.9689213893967094 0.8079769736842105 0.031992687385740404 0.027138157894736843
1 0.9460694698354661 0.8273026315789473 0.03290676416819013 0.024671052631578948
1 0.2893053016453382 0.6048519736842105 0.029250457038391225 0.023848684210526317
1 0.8188391224862888 0.7189638157894737 0.019844606946983548 0.022064144736842106
1 0.8391224862888482 0.7146381578947368 0.025594149908592323 0.018914473684210526
1 0.5246800731261426 0.6953125 0.0356489945155393 0.027138157894736843
1 0.4031078610603291 0.5045230263157895 0.026508226691042046 0.018914473684210526
1 0.8217550274223034 0.7635690789473685 0.029250457038391225 0.023026315789473683
1 0.08957952468007313 0.704358552631579 0.024680073126142597 0.02055921052631579
1 0.9885740402193784 0.8930921052631579 0.022851919561243144 0.03125
1 0.753199268738574 0.9646381578947368 0.027422303473491772 0.02138157894736842
1 0.4008226691042048 0.5230263157894737 0.03473491773308958 0.027960526315789474
1 0.673217550274223 0.9432565789473685 0.025594149908592323 0.02138157894736842
1 0.08546617915904936 0.7364309210526315 0.025594149908592323 0.018092105263157895
1 0.56672760511883 0.9872532894736842 0.024680073126142597 0.02055921052631579
1 0.649908592321755 0.9046052631578947 0.022851919561243144 0.014802631578947368
1 0.716636197440585 0.6558388157894737 0.033820840950639856 0.028782894736842105
1 0.36060329067641683 0.7890625 0.024680073126142597 0.02055921052631579
1 0.005941499085923218 0.8622532894736842 0.011882998171846435 0.024671052631578948
1 0.0726691042047532 0.7088815789473685 0.02376599634369287 0.02055921052631579
0 0.9840036563071298 0.9165296052631579 0.0283363802559415 0.023026315789473683
1 0.6375685557586838 0.9222861842105263 0.027422303473491772 0.017269736842105265
1 0.6540219378427788 0.6517269736842105 0.02376599634369287 0.02138157894736842
1 0.8171846435100548 0.9646381578947368 0.029250457038391225 0.023848684210526317
1 0.8802559414990859 0.7520559210526315 0.02376599634369287 0.018914473684210526
1 0.062157221206581355 0.3392269736842105 0.025594149908592323 0.02138157894736842
1 0.6563071297989032 0.8943256578947368 0.026508226691042046 0.018092105263157895
1 0.09506398537477148 0.5567434210526315 0.0283363802559415 0.02138157894736842
1 0.5726691042047533 0.9950657894736842 0.03473491773308958 0.009868421052631578
0 0.7271480804387569 0.8733552631578947 0.022851919561243144 0.015625
1 0.803016453382084 0.9938322368421053 0.03290676416819013 0.012335526315789474
1 0.12751371115173674 0.5760690789473685 0.018281535648994516 0.023026315789473683
0 0.22212065813528337 0.3828125 0.019195612431444242 0.018914473684210526
0 0.7438939670932359 0.9465542763157895 0.027559414990859232 0.027796052631578944
1 0.983254113345521 0.8507319078947368 0.030767824497257765 0.032031250000000004
1 0.7923948811700183 0.7774917763157895 0.03641681901279708 0.03337171052631579
1 0.9839305301645339 0.8195476973684211 0.03212979890310786 0.030953947368421053
1 0.9190127970749543 0.7726726973684211 0.02784277879341865 0.021324013157894738
0 0.5494972577696526 0.49700657894736844 0.02614259597806216 0.019185855263157893
1 0.6776508226691043 0.5371381578947368 0.043345521023766 0.03214638157894737
1 0.3553382084095064 0.8264967105263158 0.029186471663619745 0.028034539473684214
