1 0.5783333333333334 0.5832708177044261 0.0375 0.033008252063015754
1 0.6804166666666667 0.7081770442610653 0.0425 0.037509377344336084
1 0.425 0.27344336084021004 0.04416666666666667 0.037509377344336084
0 0.6016666666666667 0.6534133533383346 0.028333333333333332 0.024756189047261814
1 0.5929166666666666 0.6125281320330083 0.03833333333333333 0.03150787696924231
1 0.2679166666666667 0.30607651912978245 0.0375 0.033008252063015754
0 0.49875 0.6451612903225806 0.030833333333333334 0.021005251312828207
1 0.5695833333333333 0.10202550637659415 0.0375 0.03075768942235559
1 0.7954166666666667 0.3300825206301575 0.0375 0.03375843960990248
1 0.33416666666666667 0.4088522130532633 0.03666666666666667 0.03225806451612903
1 0.535 0.052138034508627154 0.04833333333333333 0.04051012753188297
0 0.6725 0.1159039759939985 0.035833333333333335 0.033008252063015754
1 0.9425 0.9879969992498124 0.03833333333333333 0.024006001500375095
0 0.07541666666666667 0.16279069767441862 0.03166666666666667 0.030007501875468866
1 0.7770833333333333 0.4283570892723181 0.03333333333333333 0.03075768942235559
1 0.5283333333333333 0.6492873218304576 0.034166666666666665 0.028507126781695424
1 0.08041666666666666 0.8248312078019505 0.035 0.028507126781695424
1 0.8433333333333334 0.2921980495123781 0.04083333333333333 0.0345086271567892
1 0.27625 0.5303825956489122 0.035833333333333335 0.033008252063015754
0 0.09208333333333334 0.44298574643660915 0.04 0.03075768942235559
1 0.11 0.15866466616654162 0.0425 0.037509377344336084
1 0.9379166666666666 0.9624906226556639 0.03666666666666667 0.03150787696924231
0 0.4454166666666667 0.21417854463615904 0.0325 0.029257314328582147
1 0.9733333333333334 0.9909977494373593 0.030833333333333334 0.01800450112528132
0 0.9345833333333333 0.5172543135783946 0.030833333333333334 0.025506376594148537
1 0.78 0.3983495873968492 0.0375 0.03225806451612903
0 0.5804166666666667 0.4377344336084021 0.030833333333333334 0.0277569392348087
0 0.82625 0.2509377344336084 0.04 0.03375843960990248
1 0.13625 0.7336834208552138 0.04 0.03150787696924231
1 0.83625 0.8402100525131283 0.028333333333333332 0.03075768942235559
1 0.8041666666666667 0.3600900225056264 0.0375 0.030007501875468866
1 0.6420833333333333 0.6009002250562641 0.028333333333333332 0.029257314328582147
0 0.8995833333333333 0.15866466616654162 0.0375 0.0345086271567892
1 0.4533333333333333 0.7085521380345087 0.035833333333333335 0.030007501875468866
0 0.8716666666666667 0.14928732183045762 0.03333333333333333 0.03075768942235559
1 0.2529166666666667 0.08102025506376594 0.04 0.03150787696924231
1 0.9704166666666667 0.9696174043510878 0.034166666666666665 0.030007501875468866
0 0.6016666666666667 0.5866466616654163 0.0275 0.023255813953488372
0 0.6516666666666666 0.6897974493623406 0.035 0.029257314328582147
1 0.08833333333333333 0.8488372093023255 0.03666666666666667 0.02700675168792198
0 0.6208333333333333 0.5986496624156039 0.024166666666666666 0.024756189047261814
1 0.2995833333333333 0.11290322580645161 0.03833333333333333 0.033008252063015754
1 0.4866666666666667 0.9257314328582146 0.0325 0.0277569392348087
1 0.8191666666666667 0.30982745686421603 0.03333333333333333 0.0277569392348087
0 0.6445833333333333 0.10615153788447111 0.034166666666666665 0.03225806451612903
1 0.48083333333333333 0.04876219054763691 0.03666666666666667 0.033008252063015754
1 0.80875 0.858589647411853 0.0375 0.02700675168792198
1 0.056666666666666664 0.8364591147786947 0.030833333333333334 0.03600900225056264
1 0.9458333333333333 0.8312078019504876 0.03833333333333333 0.03375843960990248
0 0.38875 0.2003000750187547 0.03166666666666667 0.0277569392348087
1 0.8083333333333333 0.4392348087021755 0.034166666666666665 0.03075768942235559
0 0.4791666666666667 0.07651912978244561 0.034166666666666665 0.02625656414103526
0 0.6025 0.2786946736684171 0.035 0.03075768942235559
1 0.41875 0.9317329332333083 0.02666666666666667 0.02625656414103526
1 0.7841666666666667 0.8368342085521381 0.029166666666666667 0.03150787696924231
0 0.57625 0.6504126031507877 0.0325 0.03150787696924231
0 0.42041666666666666 0.2250562640660165 0.029166666666666667 0.023255813953488372
0 0.12 0.4602400600150037 0.03666666666666667 0.03375843960990248
0 0.8925 0.1301575393848462 0.029166666666666667 0.02625656414103526
0 0.3829166666666667 0.1744186046511628 0.0275 0.023255813953488372
1 0.82375 0.7111777944486122 0.030833333333333334 0.030007501875468866
0 0.16958333333333334 0.795198799699925 0.024166666666666666 0.02175543885971493
0 0.16708333333333333 0.18267066766691673 0.029166666666666667 0.024756189047261814
0 0.6029166666666667 0.42385596399099773 0.03 0.025506376594148537
0 0.6333333333333333 0.7111777944486122 0.03333333333333333 0.029257314328582147
0 0.4395833333333333 0.37509377344336087 0.03916666666666667 0.033008252063015754
1 0.35208333333333336 0.3893473368342086 0.03 0.024006001500375095
1 0.5379166666666667 0.45911477869467365 0.028333333333333332 0.030007501875468866
0 0.10625 0.6852963240810203 0.024166666666666666 0.024756189047261814
1 0.7595833333333334 0.7663165791447862 0.03166666666666667 0.02700675168792198
1 0.57625 0.25993998499624904 0.03666666666666667 0.035258814703675916
0 0.86625 0.12490622655663916 0.035833333333333335 0.0277569392348087
1 0.14416666666666667 0.5318829707426856 0.03 0.0345086271567892
1 0.4533333333333333 0.9193548387096774 0.034166666666666665 0.024006001500375095
1 0.16625 0.5345086271567892 0.03833333333333333 0.0345086271567892
0 0.2604166666666667 0.11027756939234809 0.03666666666666667 0.029257314328582147
0 0.505 0.03113278319579895 0.04 0.035258814703675916
1 0.75875 0.7891972993248312 0.03833333333333333 0.02625656414103526
1 0.4345833333333333 0.9066016504126031 0.03 0.02625656414103526
1 0.27791666666666665 0.72768192048012 0.03166666666666667 0.02625656414103526
0 0.19 0.7584396099024756 0.03333333333333333 0.02625656414103526
0 0.30041666666666667 0.5157539384846211 0.023333333333333334 0.02175543885971493
1 0.38458333333333333 0.13728432108027006 0.034166666666666665 0.02250562640660165
0 0.15 0.16204051012753187 0.0325 0.02700675168792198
0 0.5529166666666666 0.48124531132783194 0.03666666666666667 0.0277569392348087
0 0.5641666666666667 0.4189797449362341 0.03166666666666667 0.025506376594148537
1 0.05541666666666667 0.6087771942985747 0.03833333333333333 0.03150787696924231
1 0.6079166666666667 0.25131282820705175 0.035 0.028507126781695424
1 0.46875 0.8964741185296324 0.03333333333333333 0.029257314328582147
0 0.5633333333333334 0.4576144036009002 0.03333333333333333 0.029257314328582147
0 0.12958333333333333 0.6762940735183796 0.029166666666666667 0.02250562640660165
0 0.34125 0.5056264066016504 0.02666666666666667 0.02250562640660165
1 0.285 0.08852213053263316 0.02666666666666667 0.025506376594148537
0 0.10166666666666667 0.6687921980495124 0.025 0.0172543135783946
0 0.39958333333333335 0.16316579144786197 0.025833333333333333 0.02175543885971493
0 0.39666666666666667 0.24081020255063765 0.030833333333333334 0.02700675168792198
0 0.8308333333333333 0.2243060765191298 0.0325 0.023255813953488372
1 0.755 0.6999249812453113 0.03166666666666667 0.03225806451612903
1 0.4220833333333333 0.24568642160540136 0.02666666666666667 0.02175543885971493
1 0.2675 0.13203300825206302 0.035833333333333335 0.02625656414103526
0 0.025 0.4317329332333083 0.028333333333333332 0.023255813953488372
0 0.14375 0.7955738934733684 0.03 0.025506376594148537
0 0.9541666666666667 0.5311327831957989 0.025833333333333333 0.02175543885971493
0 0.13166666666666665 0.21380345086271568 0.03333333333333333 0.02625656414103526
0 0.31583333333333335 0.5063765941485371 0.0275 0.024006001500375095
1 0.3193666666666667 0.5399399849962491 0.04 0.03150787696924231
1 0.7116666666666667 0.7456864216054013 0.035833333333333335 0.028507126781695424
1 0.4483333333333333 0.7693173293323331 0.030833333333333334 0.02625656414103526
1 0.40041666666666664 0.8443360840210052 0.030833333333333334 0.024756189047261814
0 0.49833333333333335 0.6594148537134283 0.03 0.019504876219054765
0 0.9720833333333333 0.9437359339834959 0.03 0.025506376594148537
0 0.45125 0.350337584396099 0.025 0.0277569392348087
1 0.06208333333333333 0.7576894223555889 0.024166666666666666 0.019504876219054765
0 0.06541666666666666 0.46249062265566393 0.035833333333333335 0.03150787696924231
0 0.31708333333333333 0.22168042010502625 0.03666666666666667 0.024006001500375095
0 0.7941666666666667 0.18042010502625658 0.02666666666666667 0.023255813953488372
0 0.38 0.40585146286571644 0.034166666666666665 0.030007501875468866
0 0.5833333333333334 0.2888222055513878 0.029166666666666667 0.02700675168792198
0 0.8570833333333333 0.2524381095273818 0.03166666666666667 0.030007501875468866
0 0.7704166666666666 0.1706676669167292 0.024166666666666666 0.021005251312828207
0 0.8441666666666666 0.3649662415603901 0.03333333333333333 0.029257314328582147
0 0.47291666666666665 0.3477119279819955 0.03 0.0277569392348087
1 0.78 0.15941485371342837 0.024166666666666666 0.018754688672168042
0 0.24255833333333332 0.9949587396849212 0.029233333333333333 0.010082520630157538
0 0.23666666666666666 0.9861215303825956 0.025 0.018754688672168042
0 0.6195833333333334 0.6807951987997 0.0325 0.028507126781695424
1 0.3729166666666667 0.8484621155288822 0.035833333333333335 0.019504876219054765
1 0.8933333333333333 0.3623405851462866 0.035 0.028507126781695424
0 0.9141666666666667 0.513503375843961 0.020833333333333332 0.02250562640660165
1 0.16 0.81807951987997 0.035 0.0277569392348087
0 0.8333333333333334 0.3439609902475619 0.021666666666666667 0.019504876219054765
1 0.18458333333333332 0.5236309077269318 0.029166666666666667 0.024756189047261814
0 0.8104166666666667 0.8334583645911477 0.0325 0.030007501875468866
0 0.5258333333333334 0.08139534883720931 0.028333333333333332 0.02175543885971493
1 0.8008333333333333 0.2854463615903976 0.03666666666666667 0.035258814703675916
1 0.4841666666666667 0.016129032258064516 0.03 0.03075768942235559
1 0.79125 0.28169542385596397 0.025833333333333333 0.030007501875468866
0 0.08625 0.18342085521380344 0.0325 0.023255813953488372
0 0.89125 0.77344336084021 0.025 0.021005251312828207
0 0.32958333333333334 0.20255063765941486 0.041666666666666664 0.029257314328582147
1 0.44 0.9471117779444861 0.0325 0.025506376594148537
1 0.3854166666666667 0.336834208552138 0.024166666666666666 0.021005251312828207
0 0.7479166666666667 0.43135783945986494 0.028333333333333332 0.025506376594148537
0 0.5666666666666667 0.08139534883720931 0.025 0.019504876219054765
1 0.38666666666666666 0.2828207051762941 0.03333333333333333 0.02700675168792198
1 0.6520833333333333 0.6661665416354089 0.0325 0.019504876219054765
1 0.295 0.2524381095273818 0.025833333333333333 0.02175543885971493
0 0.8683333333333333 0.34621155288822203 0.025833333333333333 0.024006001500375095
0 0.7516666666666667 0.04576144036009002 0.030833333333333334 0.024756189047261814
1 0.1875 0.9894973743435859 0.025833333333333333 0.020255063765941484
0 0.47041666666666665 0.10127531882970743 0.034166666666666665 0.03150787696924231
1 0.5416666666666666 0.436609152288072 0.021666666666666667 0.020255063765941484
1 0.41083333333333333 0.1849212303075769 0.028333333333333332 0.028507126781695424
0 0.08416666666666667 0.6796699174793699 0.024166666666666666 0.020255063765941484
0 0.18125 0.7790697674418605 0.02 0.0172543135783946
0 0.7529166666666667 0.7250562640660165 0.03333333333333333 0.02625656414103526
1 0.12541666666666668 0.7595648912228057 0.034166666666666665 0.030007501875468866
0 0.07708333333333334 0.6946736684171043 0.024166666666666666 0.02175543885971493
0 0.80125 0.04538634658664666 0.02666666666666667 0.02700675168792198
1 0.3983333333333333 0.8162040510127532 0.029166666666666667 0.024006001500375095
1 0.6220833333333333 0.6511627906976745 0.0225 0.024006001500375095
0 0.5079166666666667 0.009377344336084021 0.03333333333333333 0.018754688672168042
0 0.36541666666666667 0.19242310577644411 0.02666666666666667 0.025506376594148537
1 0.6191666666666666 0.7209302325581395 0.02666666666666667 0.021005251312828207
1 0.28708333333333336 0.5007501875468867 0.025 0.01800450112528132
0 0.041591666666666666 0.44822955738934733 0.022775 0.02474118529632408
0 0.01701666666666667 0.45632408102025507 0.025133333333333334 0.020495123780945236
0 0.005541666666666667 0.45541635408852216 0.011083333333333334 0.02418604651162791
0 0.032558333333333335 0.41101275318829705 0.026525 0.025753938484621153
0 0.0501 0.42864966241560387 0.028441666666666667 0.022520630157539384
0 0.366025 0.4281470367591898 0.0326 0.024651162790697675
0 0.5104666666666666 0.7440735183795949 0.026408333333333336 0.024643660915228807
0 0.4927916666666667 0.8299624906226556 0.030341666666666663 0.021950487621905476
0 0.4372666666666667 0.8860615153788446 0.031049999999999998 0.02099774943735934
1 0.41968333333333335 0.7729857464366092 0.026425 0.032183045761440356
0 0.7230333333333333 0.7784921230307577 0.0339 0.028259564891222808
1 0.696675 0.7756639159789948 0.021683333333333332 0.02888972243060765
0 0.24635833333333332 0.9760165041260315 0.023733333333333332 0.020150037509377345
0 0.22540833333333335 0.9715828957239309 0.016758333333333333 0.024628657164291072
0 0.805075 0.409774943735934 0.028066666666666667 0.031095273818454616
0 0.7481916666666667 0.4168867216804201 0.026475 0.02264066016504126
0 0.9234916666666667 0.3716579144786197 0.019966666666666667 0.02387846961740435
0 0.9537 0.5077119279819955 0.02364166666666667 0.02437359339834959
0 0.9414833333333333 0.5441860465116279 0.023725 0.017741935483870968
0 0.9658416666666667 0.5178094523630907 0.018966666666666666 0.019152288072018006
0 0.9747916666666666 0.5307501875468867 0.021266666666666666 0.018949737434358592
0 0.9302333333333334 0.5033683420855214 0.021275000000000002 0.017021755438859715
0 0.817975 0.3422355588897224 0.016608333333333333 0.022385596399099775
0 0.722375 0.055048762190547634 0.026558333333333333 0.025506376594148537
0 0.741675 0.06650412603150788 0.026058333333333333 0.0240960240060015
0 0.7062833333333333 0.150735183795949 0.026341666666666666 0.02042760690172543
0 0.655775 0.0199549887471868 0.033383333333333334 0.024426106526631658
0 0.5451750000000001 0.07184546136534133 0.02940833333333333 0.02264816204051013
0 0.398575 0.3428057014253563 0.022766666666666668 0.017794448612153037
0 0.3931 0.3127906976744186 0.027058333333333334 0.02447111777944486
0 0.33069166666666666 0.2515978994748687 0.024575 0.022925731432858212
0 0.2732 0.28612153038259563 0.033666666666666664 0.022213053263315827
