1 0.9748628884826326 0.24342105263157895 0.048446069469835464 0.03618421052631579
1 0.1563071297989031 0.3236019736842105 0.03290676416819013 0.03042763157894737
1 0.13528336380255943 0.5789473684210527 0.0356489945155393 0.03125
1 0.583180987202925 0.14309210526315788 0.038391224862888484 0.03289473684210526
1 0.09917733089579525 0.6274671052631579 0.050274223034734916 0.046052631578947366
1 0.4369287020109689 0.7438322368421053 0.03473491773308958 0.029605263157894735
0 0.746800731261426 0.2635690789473684 0.043875685557586835 0.03536184210526316
1 0.2664533820840951 0.2709703947368421 0.03473491773308958 0.02631578947368421
1 0.8939670932358318 0.6986019736842105 0.026508226691042046 0.024671052631578948
1 0.620201096892139 0.13322368421052633 0.03473491773308958 0.029605263157894735
1 0.2509140767824497 0.3384046052631579 0.04021937842778794 0.03042763157894737
0 0.7116087751371115 0.3684210526315789 0.031078610603290677 0.02549342105263158
1 0.10603290676416818 0.30180921052631576 0.03930530164533821 0.03700657894736842
1 0.7426873857404022 0.9794407894736842 0.031078610603290677 0.02138157894736842
1 0.6334552102376599 0.8252467105263158 0.043875685557586835 0.03536184210526316
1 0.2586837294332724 0.6957236842105263 0.02376599634369287 0.022203947368421052
1 0.5205667276051188 0.4058388157894737 0.025594149908592323 0.023848684210526317
1 0.5173674588665448 0.9194078947368421 0.026508226691042046 0.027138157894736843
1 0.8706581352833638 0.6624177631578947 0.02376599634369287 0.02138157894736842
1 0.6919561243144424 0.65625 0.027422303473491772 0.023026315789473683
1 0.2920475319926874 0.8877467105263158 0.033820840950639856 0.029605263157894735
1 0.4227605118829982 0.8540296052631579 0.029250457038391225 0.023026315789473683
1 0.06718464351005485 0.18421052631578946 0.03016453382084095 0.027960526315789474
1 0.46983546617915906 0.9046052631578947 0.0283363802559415 0.02549342105263158
1 0.06672760511882998 0.6570723684210527 0.051188299817184646 0.047697368421052634
1 0.4840036563071298 0.7619243421052632 0.0356489945155393 0.032072368421052634
1 0.5539305301645339 0.4317434210526316 0.031078610603290677 0.029605263157894735
0 0.8802559414990859 0.14967105263157895 0.024680073126142597 0.023026315789473683
1 0.03016453382084095 0.6620065789473685 0.03930530164533821 0.038651315789473686
1 0.38619744058500916 0.04358552631578947 0.0283363802559415 0.02631578947368421
0 0.06627056672760512 0.14761513157894737 0.026508226691042046 0.019736842105263157
0 0.7010968921389397 0.709703947368421 0.04204753199268738 0.03453947368421053
1 0.29113345521023765 0.5797697368421053 0.026508226691042046 0.02138157894736842
1 0.9227605118829981 0.3026315789473684 0.021937842778793418 0.018914473684210526
1 0.29250457038391225 0.6920230263157895 0.025594149908592323 0.024671052631578948
1 0.28793418647166363 0.6282894736842105 0.03473491773308958 0.029605263157894735
1 0.8455210237659964 0.7047697368421053 0.0283363802559415 0.024671052631578948
0 0.8418647166361974 0.3490953947368421 0.021937842778793418 0.018092105263157895
0 0.3510054844606947 0.08100328947368421 0.021937842778793418 0.018914473684210526
1 0.5246800731261426 0.3059210526315789 0.02376599634369287 0.022203947368421052
1 0.16042047531992687 0.7220394736842105 0.02102376599634369 0.019736842105263157
1 0.48308957952468007 0.3951480263157895 0.029250457038391225 0.027138157894736843
1 0.33089579524680074 0.07976973684210527 0.022851919561243144 0.019736842105263157
1 0.24314442413162707 0.21340460526315788 0.031078610603290677 0.028782894736842105
1 0.9305301645338209 0.9888980263157895 0.029250457038391225 0.02138157894736842
0 0.22577696526508226 0.29605263157894735 0.031992687385740404 0.027960526315789474
1 0.7705667276051188 0.8597861842105263 0.03016453382084095 0.022203947368421052
1 0.6974405850091407 0.3256578947368421 0.03016453382084095 0.028782894736842105
1 0.7600548446069469 0.9917763157894737 0.033820840950639856 0.01644736842105263
1 0.46115173674588666 0.725328947368421 0.03473491773308958 0.032072368421052634
1 0.8592321755027422 0.33963815789473684 0.03016453382084095 0.02549342105263158
0 0.03153564899451554 0.2602796052631579 0.03016453382084095 0.027960526315789474
1 0.0740402193784278 0.5583881578947368 0.029250457038391225 0.027960526315789474
0 0.6837294332723949 0.3729440789473684 0.029250457038391225 0.022203947368421052
1 0.5059414990859232 0.30057565789473684 0.02102376599634369 0.02055921052631579
1 0.2797074954296161 0.6040296052631579 0.03290676416819013 0.028782894736842105
1 0.3007312614259598 0.8634868421052632 0.0283363802559415 0.02549342105263158
1 0.2659963436928702 0.876233552631579 0.03290676416819013 0.03042763157894737
1 0.2952468007312614 0.2643914473684211 0.0283363802559415 0.02549342105263158
1 0.34095063985374774 0.6114309210526315 0.03290676416819013 0.027138157894736843
1 0.2746800731261426 0.9107730263157895 0.0356489945155393 0.03042763157894737
1 0.06946983546617916 0.9424342105263158 0.0283363802559415 0.024671052631578948
0 0.6841864716636198 0.24917763157894737 0.0356489945155393 0.028782894736842105
1 0.2673674588665448 0.3573190789473684 0.025594149908592323 0.02138157894736842
0 0.2042961608775137 0.41899671052631576 0.024680073126142597 0.02138157894736842
1 0.8528336380255942 0.3651315789473684 0.02102376599634369 0.02138157894736842
0 0.16179159049360145 0.8063322368421053 0.022851919561243144 0.02138157894736842
1 0.048446069469835464 0.2944078947368421 0.03016453382084095 0.03125
1 0.1563071297989031 0.3803453947368421 0.026508226691042046 0.023848684210526317
1 0.5840950639853748 0.45024671052631576 0.03016453382084095 0.02549342105263158
1 0.19469835466179158 0.3745888157894737 0.031992687385740404 0.027138157894736843
1 0.3459780621572212 0.6377467105263158 0.031078610603290677 0.028782894736842105
1 0.543418647166362 0.6620065789473685 0.029250457038391225 0.023848684210526317
1 0.18327239488117003 0.3334703947368421 0.03016453382084095 0.02549342105263158
0 0.011425959780621572 0.26850328947368424 0.022851919561243144 0.023026315789473683
1 0.30347349177330896 0.5970394736842105 0.027422303473491772 0.024671052631578948
0 0.41042047531992687 0.7347861842105263 0.029250457038391225 0.02631578947368421
1 0.25 0.9029605263157895 0.03016453382084095 0.03042763157894737
1 0.4936014625228519 0.9399671052631579 0.03290676416819013 0.027138157894736843
1 0.8875685557586838 0.7894736842105263 0.02376599634369287 0.02055921052631579
0 0.8656307129798904 0.17105263157894737 0.0356489945155393 0.028782894736842105
1 0.9035648994515539 0.8022203947368421 0.021937842778793418 0.018914473684210526
1 0.3327239488117002 0.5571546052631579 0.026508226691042046 0.02055921052631579
1 0.8528336380255942 0.6624177631578947 0.02102376599634369 0.02055921052631579
1 0.8811700182815356 0.6291118421052632 0.027422303473491772 0.022203947368421052
0 0.44104204753199266 0.3717105263157895 0.024680073126142597 0.022203947368421052
0 0.6860146252285192 0.27837171052631576 0.0356489945155393 0.027138157894736843
0 0.4922303473491773 0.9169407894736842 0.0283363802559415 0.02549342105263158
1 0.4323583180987203 0.3581414473684211 0.031078610603290677 0.02138157894736842
0 0.16773308957952468 0.15830592105263158 0.02376599634369287 0.018914473684210526
0 0.0763254113345521 0.06949013157894737 0.022851919561243144 0.018914473684210526
0 0.793418647166362 0.7195723684210527 0.03656307129798903 0.03042763157894737
1 0.9693784277879341 0.19695723684210525 0.022851919561243144 0.02138157894736842
0 0.8957952468007313 0.41899671052631576 0.022851919561243144 0.018914473684210526
1 0.7847349177330896 0.78125 0.04661791590493602 0.03700657894736842
1 0.37294332723948814 0.8791118421052632 0.031078610603290677 0.027138157894736843
1 0.3473491773308958 0.5760690789473685 0.024680073126142597 0.018914473684210526
1 0.46617915904936014 0.9280427631578947 0.03016453382084095 0.02631578947368421
1 0.9104204753199269 0.31949013157894735 0.022851919561243144 0.023848684210526317
1 0.4264168190127971 0.05057565789473684 0.026508226691042046 0.02055921052631579
1 0.44424131627056673 0.3285361842105263 0.025594149908592323 0.022203947368421052
1 0.296617915904936 0.18585526315789475 0.03016453382084095 0.02549342105263158
0 0.7097806215722121 0.26973684210526316 0.03016453382084095 0.03453947368421053
0 0.10923217550274222 0.5542763157894737 0.024680073126142597 0.02138157894736842
1 0.17276051188299818 0.18133223684210525 0.021937842778793418 0.018914473684210526
1 0.37614259597806216 0.5333059210526315 0.03290676416819013 0.027138157894736843
0 0.9675502742230347 0.2870065789473684 0.0283363802559415 0.023026315789473683
1 0.32586837294332727 0.5863486842105263 0.0283363802559415 0.02631578947368421
0 0.6604204753199269 0.24835526315789475 0.024680073126142597 0.023848684210526317
0 0.2463436928702011 0.25411184210526316 0.0283363802559415 0.023848684210526317
1 0.3583180987202925 0.8992598684210527 0.031078610603290677 0.02631578947368421
1 0.29387568555758686 0.7129934210526315 0.027422303473491772 0.018092105263157895
0 0.05850091407678245 0.2635690789473684 0.031078610603290677 0.028782894736842105
1 0.9913162705667276 0.1875 0.01736745886654479 0.02549342105263158
0 0.7947897623400365 0.3569078947368421 0.019195612431444242 0.015625
1 0.0370201096892139 0.6324013157894737 0.04570383912248629 0.03289473684210526
1 0.5228519195612431 0.29070723684210525 0.02376599634369287 0.01644736842105263
1 0.3194698354661792 0.6291118421052632 0.031078610603290677 0.028782894736842105
0 0.8103290676416819 0.3618421052631579 0.02010968921389397 0.019736842105263157
1 0.31215722120658135 0.6488486842105263 0.037477148080438755 0.027960526315789474
0 0.6508226691042047 0.32648026315789475 0.03016453382084095 0.024671052631578948
1 0.2819926873857404 0.37088815789473684 0.022851919561243144 0.018914473684210526
0 0.7486288848263254 0.8564967105263158 0.02102376599634369 0.019736842105263157
0 0.823126142595978 0.3495065789473684 0.021937842778793418 0.02055921052631579
1 0.1329981718464351 0.46463815789473684 0.03473491773308958 0.023848684210526317
1 0.6279707495429616 0.6657072368421053 0.025594149908592323 0.023848684210526317
0 0.038391224862888484 0.06866776315789473 0.021937842778793418 0.018092105263157895
1 0.090036563071298 0.5727796052631579 0.031078610603290677 0.02631578947368421
1 0.12202925045703839 0.5427631578947368 0.0283363802559415 0.024671052631578948
1 0.12614259597806216 0.6007401315789473 0.0283363802559415 0.018914473684210526
1 0.6092321755027422 0.2713815789473684 0.0283363802559415 0.022203947368421052
1 0.3546617915904936 0.5501644736842105 0.024680073126142597 0.02138157894736842
0 0.5470749542961609 0.4074835526315789 0.026508226691042046 0.019736842105263157
0 0.9287020109689214 0.25945723684210525 0.027422303473491772 0.023848684210526317
0 0.8898537477148081 0.7742598684210527 0.022851919561243144 0.018914473684210526
0 0.2655393053016453 0.29276315789473684 0.024680073126142597 0.023026315789473683
1 0.9236745886654479 0.9736842105263158 0.0283363802559415 0.018914473684210526
1 0.07175502742230347 0.3026315789473684 0.029250457038391225 0.03618421052631579
0 0.18647166361974407 0.16940789473684212 0.021937842778793418 0.02055921052631579
0 0.6229433272394881 0.32319078947368424 0.026508226691042046 0.022203947368421052
1 0.32586837294332727 0.7865953947368421 0.024680073126142597 0.02549342105263158
0 0.9314442413162706 0.7660361842105263 0.021937842778793418 0.02055921052631579
1 0.970292504570384 0.936266447368421 0.0283363802559415 0.02549342105263158
0 0.4913162705667276 0.8926809210526315 0.0283363802559415 0.023026315789473683
1 0.926873857404022 0.31866776315789475 0.02010968921389397 0.018914473684210526
1 0.7317184643510055 0.3022203947368421 0.024680073126142597 0.018092105263157895
0 0.40036563071297987 0.873766447368421 0.02102376599634369 0.017269736842105265
0 0.7216636197440585 0.7360197368421053 0.03656307129798903 0.028782894736842105
0 0.3907678244972578 0.07319078947368421 0.026508226691042046 0.02138157894736842
1 0.9081352833638026 0.9950657894736842 0.025594149908592323 0.009868421052631578
1 0.17824497257769653 0.3885690789473684 0.025594149908592323 0.02138157894736842
1 0.018281535648994516 0.2989309210526316 0.03290676416819013 0.039473684210526314
1 0.6179159049360147 0.07401315789473684 0.024680073126142597 0.024671052631578948
1 0.2340036563071298 0.6846217105263158 0.02376599634369287 0.024671052631578948
1 0.7116087751371115 0.7611019736842105 0.026508226691042046 0.019736842105263157
0 0.7911334552102377 0.7458881578947368 0.051188299817184646 0.029605263157894735
1 0.4351005484460695 0.7689144736842105 0.03656307129798903 0.02549342105263158
0 0.8290676416819013 0.7302631578947368 0.03930530164533821 0.033717105263157895
0 0.2746800731261426 0.8396381578947368 0.031078610603290677 0.024671052631578948
0 0.2472577696526508 0.29523026315789475 0.02010968921389397 0.023026315789473683
0 0.9579524680073126 0.748766447368421 0.0283363802559415 0.023848684210526317
0 0.9113345521023766 0.6324013157894737 0.022851919561243144 0.019736842105263157
1 0.3126142595978062 0.5678453947368421 0.024680073126142597 0.022203947368421052
0 0.8651736745886655 0.14638157894736842 0.02376599634369287 0.02055921052631579
1 0.4538391224862888 0.3137335526315789 0.02102376599634369 0.019736842105263157
0 0.6595063985374772 0.2722039473684211 0.029250457038391225 0.027138157894736843
1 0.41361974405850094 0.9954769736842105 0.02102376599634369 0.009046052631578948
1 0.7705667276051188 0.4342105263157895 0.021937842778793418 0.018092105263157895
1 0.7262340036563071 0.32113486842105265 0.033820840950639856 0.03042763157894737
1 0.8578610603290676 0.20518092105263158 0.025594149908592323 0.023026315789473683
0 0.8528336380255942 0.7541118421052632 0.024680073126142597 0.019736842105263157
1 0.9117915904936015 0.772203947368421 0.024680073126142597 0.023848684210526317
0 0.9894881170018281 0.2886513157894737 0.02102376599634369 0.018914473684210526
0 0.6517367458866545 0.29523026315789475 0.031078610603290677 0.027138157894736843
1 0.047074954296160876 0.7680921052631579 0.02376599634369287 0.019736842105263157
1 0.6645338208409507 0.8289473684210527 0.024680073126142597 0.023026315789473683
0 0.1736745886654479 0.6842105263157895 0.02102376599634369 0.017269736842105265
1 0.8016453382084096 0.008223684210526315 0.03016453382084095 0.01644736842105263
0 0.07038391224862889 0.16200657894736842 0.027422303473491772 0.018092105263157895
1 0.870201096892139 0.6484375 0.02376599634369287 0.015625
0 0.4012797074954296 0.09457236842105263 0.018281535648994516 0.015625
1 0.3304387568555759 0.6657072368421053 0.024680073126142597 0.023026315789473683
1 0.4309872029250457 0.9921875 0.02010968921389397 0.014802631578947368
0 0.6860146252285192 0.3902138157894737 0.03016453382084095 0.02055921052631579
0 0.2742230347349177 0.3852796052631579 0.02102376599634369 0.015625
0 0.8793418647166362 0.5513980263157895 0.033820840950639856 0.02631578947368421
1 0.5964351005484461 0.4354440789473684 0.02376599634369287 0.022203947368421052
1 0.26508226691042047 0.16735197368421054 0.02102376599634369 0.017269736842105265
1 0.8994515539305301 0.6196546052631579 0.026508226691042046 0.02138157894736842
1 0.8802559414990859 0.13116776315789475 0.02376599634369287 0.018914473684210526
1 0.8665447897623401 0.3729440789473684 0.021937842778793418 0.02055921052631579
0 0.9136197440585009 0.38569078947368424 0.019195612431444242 0.014802631578947368
1 0.2536563071297989 0.7787828947368421 0.025594149908592323 0.018914473684210526
1 0.3030164533820841 0.90625 0.022851919561243144 0.02549342105263158
0 0.26188299817184646 0.3129111842105263 0.027422303473491772 0.022203947368421052
0 0.6179159049360147 0.30756578947368424 0.031992687385740404 0.023026315789473683
0 0.8939670932358318 0.38363486842105265 0.02010968921389397 0.02055921052631579
1 0.3793418647166362 0.10855263157894737 0.021937842778793418 0.018914473684210526
1 0.28016453382084094 0.3013980263157895 0.021937842778793418 0.023848684210526317
1 0.9597806215722121 0.3363486842105263 0.02102376599634369 0.01644736842105263
1 0.8409506398537477 0.171875 0.021937842778793418 0.024671052631578948
1 0.43875685557586835 0.06825657894736842 0.02102376599634369 0.01644736842105263
0 0.7120658135283364 0.3001644736842105 0.021937842778793418 0.019736842105263157
1 0.2152650822669104 0.6780427631578947 0.022851919561243144 0.02138157894736842
1 0.5105118829981719 0.31620065789473684 0.021937842778793418 0.018914473684210526
1 0.4127056672760512 0.9851973684210527 0.02010968921389397 0.01644736842105263
1 0.5507312614259597 0.6792763157894737 0.021937842778793418 0.018092105263157895
1 0.350091407678245 0.5904605263157895 0.025594149908592323 0.018092105263157895
0 0.4195612431444241 0.06578947368421052 0.022851919561243144 0.018092105263157895
1 0.526508226691042 0.6763980263157895 0.025594149908592323 0.02055921052631579
1 0.4026508226691042 0.33881578947368424 0.02010968921389397 0.018914473684210526
0 0.9424131627056673 0.2833059210526316 0.024680073126142597 0.02055921052631579
0 0.7952468007312614 0.3725328947368421 0.02102376599634369 0.018092105263157895
1 0.4716636197440585 0.29769736842105265 0.02102376599634369 0.018914473684210526
0 0.0603290676416819 0.07606907894736842 0.02010968921389397 0.017269736842105265
1 0.9223034734917733 0.8013980263157895 0.019195612431444242 0.019736842105263157
0 0.909963436928702 0.40254934210526316 0.02102376599634369 0.018914473684210526
1 0.4702925045703839 0.6163651315789473 0.026508226691042046 0.02138157894736842
0 0.9881170018281535 0.3067434210526316 0.02376599634369287 0.023026315789473683
1 0.3944241316270567 0.9942434210526315 0.021937842778793418 0.011513157894736841
0 0.7353747714808044 0.6254111842105263 0.026508226691042046 0.022203947368421052
1 0.6119744058500914 0.8063322368421053 0.03016453382084095 0.02138157894736842
0 0.9597806215722121 0.31332236842105265 0.02102376599634369 0.018914473684210526
1 0.9414990859232175 0.34457236842105265 0.026508226691042046 0.023026315789473683
1 0.5891224862888482 0.5382401315789473 0.024680073126142597 0.023026315789473683
1 0.8839122486288848 0.40995065789473684 0.018281535648994516 0.018092105263157895
1 0.4163619744058501 0.10773026315789473 0.02102376599634369 0.019736842105263157
0 0.753199268738574 0.766858552631579 0.03016453382084095 0.027960526315789474
1 0.15950639853747714 0.4629934210526316 0.024680073126142597 0.02055921052631579
1 0.803016453382084 0.6747532894736842 0.02376599634369287 0.018914473684210526
1 0.4616087751371115 0.3815789473684211 0.0283363802559415 0.027960526315789474
0 0.44424131627056673 0.9806743421052632 0.021937842778793418 0.018914473684210526
0 0.943327239488117 0.24876644736842105 0.01736745886654479 0.017269736842105265
0 0.3875685557586837 0.09210526315789473 0.01736745886654479 0.01644736842105263
0 0.15082266910420475 0.6825657894736842 0.02102376599634369 0.01644736842105263
0 0.8194698354661791 0.7088815789473685 0.027422303473491772 0.023026315789473683
0 0.6128884826325411 0.3433388157894737 0.03016453382084095 0.028782894736842105
0 0.399908592321755 0.8601973684210527 0.022851919561243144 0.015625
0 0.7915904936014625 0.6883223684210527 0.02010968921389397 0.015625
1 0.19149908592321754 0.4058388157894737 0.024680073126142597 0.022203947368421052
0 0.1910420475319927 0.7976973684210527 0.022851919561243144 0.019736842105263157
1 0.729890310786106 0.790296052631579 0.024680073126142597 0.022203947368421052
1 0.5630712979890311 0.540296052631579 0.02376599634369287 0.019736842105263157
1 0.16956124314442414 0.6677631578947368 0.018281535648994516 0.01644736842105263
1 0.13711151736745886 0.3840460526315789 0.022851919561243144 0.018092105263157895
1 0.42138939670932357 0.3807565789473684 0.026508226691042046 0.02631578947368421
