1 0.22719166666666665 0.7250787696924231 0.050541666666666665 0.04154538634658665
1 0.22208333333333333 0.6897974493623406 0.059166666666666666 0.05251312828207052
1 0.18875 0.24006001500375093 0.055 0.047261815453863466
1 0.050416666666666665 0.687171792948237 0.04666666666666667 0.03825956489122281
0 0.30083333333333334 0.8739684921230307 0.0325 0.0277569392348087
1 0.305 0.8443360840210052 0.04666666666666667 0.0345086271567892
1 0.23333333333333334 0.9606151537884471 0.045 0.04051012753188297
1 0.2425 0.45311327831957987 0.049166666666666664 0.0450112528132033
0 0.48 0.2798199549887472 0.03833333333333333 0.0345086271567892
0 0.18583333333333332 0.47561890472618157 0.04583333333333333 0.042010502625656414
0 0.49416666666666664 0.24868717179294825 0.03916666666666667 0.029257314328582147
1 0.2683333333333333 0.8724681170292573 0.03833333333333333 0.035258814703675916
0 0.20375 0.981245311327832 0.0375 0.03075768942235559
1 0.029166666666666667 0.7168042010502625 0.041666666666666664 0.04126031507876969
1 0.3325 0.6177794448612153 0.04583333333333333 0.051762940735183796
0 0.17916666666666667 0.4081020255063766 0.035 0.030007501875468866
0 0.2 0.9512378094523631 0.03333333333333333 0.029257314328582147
0 0.5175 0.26894223555888974 0.0375 0.0277569392348087
0 0.5395833333333333 0.29669917479369845 0.03666666666666667 0.03375843960990248
0 0.21333333333333335 0.39122280570142537 0.043333333333333335 0.033008252063015754
1 0.03958333333333333 0.2779444861215304 0.03916666666666667 0.03825956489122281
0 0.06375 0.7186796699174793 0.03916666666666667 0.033008252063015754
0 0.5079166666666667 0.2948237059264816 0.035833333333333335 0.030007501875468866
0 0.35541666666666666 0.7366841710427607 0.035833333333333335 0.030007501875468866
0 0.11041666666666666 0.3600900225056264 0.035833333333333335 0.033008252063015754
0 0.30083333333333334 0.6057764441110277 0.03833333333333333 0.03375843960990248
0 0.3104166666666667 0.5307576894223556 0.043333333333333335 0.037509377344336084
0 0.0125 0.24868717179294825 0.025 0.033008252063015754
0 0.17041666666666666 0.6054013503375844 0.03916666666666667 0.033008252063015754
0 0.17583333333333334 0.7044261065266316 0.04666666666666667 0.042010502625656414
1 0.09125 0.6961740435108777 0.0375 0.03150787696924231
0 0.07625 0.34846211552888223 0.0425 0.037509377344336084
0 0.16375 0.886721680420105 0.035 0.03150787696924231
0 0.18125 0.6376594148537135 0.04833333333333333 0.04126031507876969
0 0.11958333333333333 0.5888972243060765 0.04083333333333333 0.03225806451612903
0 0.3416666666666667 0.7123030757689423 0.035833333333333335 0.029257314328582147
0 0.28541666666666665 0.7010502625656414 0.041666666666666664 0.04051012753188297
1 0.26125 0.978244561140285 0.03166666666666667 0.03150787696924231
0 0.19333333333333333 0.904351087771943 0.035833333333333335 0.03150787696924231
0 0.27375 0.5255063765941486 0.035833333333333335 0.030007501875468866
0 0.21833333333333332 0.8807201800450113 0.04 0.035258814703675916
0 0.3329166666666667 0.6582895723930983 0.0425 0.03225806451612903
0 0.22083333333333333 0.8507126781695424 0.035833333333333335 0.02625656414103526
1 0.010458333333333333 0.8288147036759189 0.01925 0.0432258064516129
0 0.09916666666666667 0.559264816204051 0.041666666666666664 0.03900975243810953
0 0.3333333333333333 0.8683420855213804 0.03916666666666667 0.03600900225056264
0 0.34833333333333333 0.5172543135783946 0.04583333333333333 0.03675918979744936
0 0.28458333333333335 0.6650412603150788 0.04583333333333333 0.035258814703675916
0 0.3225 0.7393098274568642 0.035 0.033008252063015754
0 0.26416666666666666 0.613278319579895 0.0425 0.037509377344336084
0 0.20833333333333334 0.6099024756189048 0.04666666666666667 0.04351087771942986
0 0.15333333333333332 0.6545386346586647 0.041666666666666664 0.037509377344336084
0 0.18625 0.8728432108027007 0.03166666666666667 0.029257314328582147
0 0.5254166666666666 0.2490622655663916 0.028333333333333332 0.02175543885971493
0 0.23083333333333333 0.8240810202550638 0.03833333333333333 0.03075768942235559
0 0.3125 0.7096774193548387 0.030833333333333334 0.030007501875468866
0 0.2225 0.48237059264816207 0.03833333333333333 0.03150787696924231
0 0.5425 0.1984246061515379 0.0275 0.024006001500375095
0 0.2975 0.8214553638409603 0.0325 0.02175543885971493
0 0.45875 0.27156789197299325 0.03833333333333333 0.03600900225056264
0 0.28791666666666665 0.5498874718679669 0.03916666666666667 0.030007501875468866
0 0.09583333333333334 0.6695423855963991 0.03916666666666667 0.03150787696924231
0 0.29125 0.804576144036009 0.0375 0.025506376594148537
0 0.10375 0.3342085521380345 0.0325 0.029257314328582147
0 0.2175 0.6474118529632408 0.041666666666666664 0.037509377344336084
0 0.2625 0.68192048012003 0.034166666666666665 0.03675918979744936
0 0.2075 0.43210802700675166 0.0325 0.030007501875468866
0 0.15625 0.39722430607651915 0.030833333333333334 0.028507126781695424
0 0.18708333333333332 0.4441110277569392 0.03666666666666667 0.030007501875468866
0 0.05625 0.7426856714178545 0.034166666666666665 0.025506376594148537
0 0.24291666666666667 0.918979744936234 0.0375 0.028507126781695424
0 0.23666666666666666 0.4257314328582146 0.034166666666666665 0.02625656414103526
0 0.04625 0.532258064516129 0.034166666666666665 0.03150787696924231
0 0.09083333333333334 0.735933983495874 0.03666666666666667 0.0345086271567892
1 0.0825 0.3132033008252063 0.03666666666666667 0.0277569392348087
0 0.2633333333333333 0.8289572393098275 0.028333333333333332 0.02700675168792198
0 0.24291666666666667 0.9883720930232558 0.04666666666666667 0.023255813953488372
0 0.06583333333333333 0.4981245311327832 0.03916666666666667 0.03150787696924231
1 0.05583333333333333 0.32633158289572395 0.03 0.02250562640660165
0 0.34208333333333335 0.4988747186796699 0.045 0.03075768942235559
0 0.3775 0.5165041260315079 0.04083333333333333 0.03975993998499625
0 0.295 0.6387846961740435 0.05416666666666667 0.03825956489122281
0 0.16166666666666665 0.4579894973743436 0.028333333333333332 0.030007501875468866
