1 0.3145833333333333 0.9182295573893473 0.05583333333333333 0.04876219054763691
1 0.03625 0.7044261065266316 0.0575 0.04576144036009002
1 0.2629166666666667 0.40097524381095273 0.043333333333333335 0.04051012753188297
0 0.7995833333333333 0.42273068267066766 0.0325 0.03225806451612903
1 0.5879166666666666 0.7644411102775694 0.045 0.042010502625656414
0 0.7741666666666667 0.4148537134283571 0.030833333333333334 0.02700675168792198
1 0.66375 0.7314328582145536 0.035 0.0277569392348087
0 0.7745833333333333 0.4643660915228807 0.04416666666666667 0.0345086271567892
0 0.017916666666666668 0.6665416354088523 0.034166666666666665 0.04051012753188297
0 0.056666666666666664 0.6744186046511628 0.03166666666666667 0.029257314328582147
1 0.21791666666666668 0.44711177794448614 0.04 0.03975993998499625
0 0.22416666666666665 0.9384846211552889 0.035833333333333335 0.03375843960990248
0 0.3358333333333333 0.8953488372093024 0.034166666666666665 0.033008252063015754
1 0.5875 0.42085521380345087 0.041666666666666664 0.02700675168792198
0 0.18833333333333332 0.963615903975994 0.04 0.033008252063015754
0 0.7710583333333333 0.4364666166541635 0.0429 0.02984246061515379
