1 0.8691666666666666 0.6879219804951238 0.056666666666666664 0.04426106526631658
0 0.8891666666666667 0.7505626406601651 0.03166666666666667 0.024756189047261814
0 0.7341666666666666 0.7584396099024756 0.030833333333333334 0.024006001500375095
1 0.8970833333333333 0.6481620405101275 0.05416666666666667 0.046511627906976744
1 0.8104166666666667 0.7393098274568642 0.058333333333333334 0.03975993998499625
0 0.9108333333333334 0.609152288072018 0.04833333333333333 0.037509377344336084
1 0.9325 0.6800450112528132 0.05416666666666667 0.03975993998499625
1 0.82375 0.7055513878469617 0.0475 0.037509377344336084
1 0.9079166666666667 0.7213053263315828 0.04083333333333333 0.03600900225056264
1 0.7645833333333333 0.7614403600900225 0.03666666666666667 0.03375843960990248
0 0.48291666666666666 0.5022505626406601 0.0375 0.03225806451612903
1 0.9104166666666667 0.9714928732183046 0.03916666666666667 0.03225806451612903
1 0.815 0.8023255813953488 0.051666666666666666 0.03900975243810953
1 0.07041666666666667 0.9748687171792948 0.06583333333333333 0.05026256564141035
1 0.8208333333333333 0.7726931732933233 0.049166666666666664 0.0345086271567892
1 0.16585833333333333 0.8256939234808703 0.06495 0.041485371342835704
1 0.77625 0.7081770442610653 0.045 0.03825956489122281
1 0.9416666666666667 0.6376594148537135 0.04583333333333333 0.04951237809452363
1 0.05333333333333334 0.7115528882220555 0.04583333333333333 0.035258814703675916
0 0.6704166666666667 0.9366091522880721 0.03333333333333333 0.025506376594148537
1 0.84875 0.6474118529632408 0.05583333333333333 0.03900975243810953
0 0.8608333333333333 0.9857464366091523 0.02666666666666667 0.024756189047261814
0 0.83 0.6747936984246061 0.034166666666666665 0.028507126781695424
1 0.93 0.9613653413353338 0.0325 0.03075768942235559
1 0.11708333333333333 0.708927231807952 0.05 0.05401350337584396
0 0.905 0.8023255813953488 0.029166666666666667 0.024006001500375095
0 0.0875 0.686046511627907 0.0375 0.03225806451612903
0 0.68625 0.8885971492873218 0.029166666666666667 0.024006001500375095
0 0.9333333333333333 0.9894973743435859 0.03833333333333333 0.021005251312828207
0 0.8729166666666667 0.7243060765191298 0.035 0.025506376594148537
1 0.88125 0.9763690922730682 0.035 0.04126031507876969
1 0.7979166666666667 0.673668417104276 0.03833333333333333 0.03225806451612903
1 0.03375 0.7636909227306826 0.034166666666666665 0.04126031507876969
1 0.06166666666666667 0.673668417104276 0.041666666666666664 0.033008252063015754
1 0.9291666666666667 0.7505626406601651 0.03 0.035258814703675916
0 0.71 0.7483120780195048 0.028333333333333332 0.025506376594148537
1 0.87875 0.7749437359339835 0.035 0.03075768942235559
0 0.7266666666666667 0.8837209302325582 0.0275 0.021005251312828207
1 0.6616666666666666 0.9669917479369843 0.025 0.024756189047261814
0 0.7183333333333334 0.9036009002250562 0.03166666666666667 0.023255813953488372
1 0.5829166666666666 0.9332333083270817 0.0425 0.035258814703675916
0 0.5833333333333334 0.9328582145536384 0.04083333333333333 0.03375843960990248
1 0.8641666666666666 0.7501875468867217 0.028333333333333332 0.028507126781695424
1 0.15 0.7936984246061516 0.04416666666666667 0.035258814703675916
0 0.6716666666666666 0.9017254313578394 0.02666666666666667 0.021005251312828207
0 0.7233333333333334 0.872093023255814 0.035833333333333335 0.0277569392348087
1 0.8791666666666667 0.6177794448612153 0.03166666666666667 0.03150787696924231
0 0.6466666666666666 0.9362340585146287 0.019166666666666665 0.0172543135783946
0 0.8783333333333333 0.7741935483870968 0.035 0.029257314328582147
0 0.9278416666666668 0.793450862715679 0.019583333333333335 0.019512378094523632
0 0.917075 0.7829107276819204 0.02998333333333333 0.01759939984996249
0 0.9034416666666668 0.7656264066016505 0.023191666666666666 0.02504876219054764
0 0.9113833333333334 0.7452063015753938 0.01778333333333333 0.021807951987997
0 0.93935 0.8102925731432857 0.018841666666666666 0.02075768942235559
