1 0.09414990859232175 0.27960526315789475 0.03656307129798903 0.027138157894736843
1 0.32541133455210236 0.5678453947368421 0.04113345521023766 0.03042763157894737
1 0.2920475319926874 0.02549342105263158 0.03290676416819013 0.033717105263157895
1 0.36654478976234006 0.07113486842105263 0.03930530164533821 0.03453947368421053
1 0.7874771480804388 0.2393092105263158 0.038391224862888484 0.03042763157894737
1 0.603290676416819 0.3050986842105263 0.0356489945155393 0.03042763157894737
1 0.13528336380255943 0.07894736842105263 0.03473491773308958 0.028782894736842105
1 0.29981718464351004 0.10731907894736842 0.031992687385740404 0.044407894736842105
1 0.2970749542961609 0.4449013157894737 0.04113345521023766 0.03536184210526316
1 0.5429616087751371 0.28824013157894735 0.033820840950639856 0.03289473684210526
1 0.4428702010968921 0.4300986842105263 0.03290676416819013 0.03042763157894737
1 0.32541133455210236 0.10649671052631579 0.037477148080438755 0.03536184210526316
1 0.2655393053016453 0.4720394736842105 0.04113345521023766 0.032072368421052634
1 0.09506398537477148 0.30879934210526316 0.0356489945155393 0.028782894736842105
1 0.16087751371115175 0.47820723684210525 0.0356489945155393 0.03125
1 0.0740402193784278 0.26069078947368424 0.031078610603290677 0.03042763157894737
1 0.3912248628884826 0.09251644736842106 0.044789762340036565 0.04276315789473684
1 0.2317184643510055 0.17228618421052633 0.03016453382084095 0.027960526315789474
1 0.38711151736745886 0.41241776315789475 0.03290676416819013 0.02631578947368421
1 0.0850091407678245 0.09991776315789473 0.027422303473491772 0.02631578947368421
1 0.8094149908592322 0.025082236842105265 0.033820840950639856 0.024671052631578948
1 0.3414076782449726 0.125 0.037477148080438755 0.023026315789473683
1 0.11243144424131626 0.13075657894736842 0.0356489945155393 0.027138157894736843
1 0.47212065813528337 0.18585526315789475 0.0283363802559415 0.027960526315789474
1 0.19195612431444242 0.4083059210526316 0.03290676416819013 0.027138157894736843
1 0.7344606946983546 0.05263157894736842 0.03016453382084095 0.028782894736842105
1 0.30255941499085925 0.34991776315789475 0.027422303473491772 0.023026315789473683
1 0.11197440585009141 0.10567434210526316 0.03016453382084095 0.027138157894736843
1 0.43875685557586835 0.1981907894736842 0.031078610603290677 0.027960526315789474
1 0.18921389396709323 0.37212171052631576 0.033820840950639856 0.03042763157894737
1 0.6978976234003657 0.31414473684210525 0.0283363802559415 0.024671052631578948
1 0.9721206581352834 0.14103618421052633 0.025594149908592323 0.027138157894736843
1 0.24085923217550273 0.4934210526315789 0.029250457038391225 0.027138157894736843
1 0.3071297989031079 0.5444078947368421 0.0356489945155393 0.02549342105263158
1 0.49314442413162707 0.3828125 0.03656307129798903 0.028782894736842105
1 0.5744972577696527 0.2902960526315789 0.03016453382084095 0.022203947368421052
1 0.11060329067641682 0.07319078947368421 0.024680073126142597 0.024671052631578948
1 0.16819012797074953 0.3963815789473684 0.0283363802559415 0.02631578947368421
1 0.3555758683729433 0.09991776315789473 0.029250457038391225 0.032072368421052634
1 0.15356489945155394 0.5082236842105263 0.031078610603290677 0.02549342105263158
1 0.4437842778793419 0.17598684210526316 0.026508226691042046 0.023026315789473683
1 0.14351005484460694 0.05674342105263158 0.0283363802559415 0.022203947368421052
1 0.30027422303473494 0.5275493421052632 0.031992687385740404 0.023848684210526317
1 0.7257769652650823 0.03412828947368421 0.024680073126142597 0.017269736842105265
0 0.32586837294332727 0.03330592105263158 0.026508226691042046 0.023848684210526317
1 0.18190127970749542 0.10649671052631579 0.024680073126142597 0.023026315789473683
1 0.19926873857404023 0.10279605263157894 0.02010968921389397 0.02138157894736842
0 0.43921389396709326 0.15666118421052633 0.02102376599634369 0.01644736842105263
0 0.8112431444241316 0.1591282894736842 0.026508226691042046 0.02631578947368421
0 0.9053930530164533 0.3573190789473684 0.027422303473491772 0.02549342105263158
1 0.5585009140767825 0.2730263157894737 0.031078610603290677 0.023026315789473683
1 0.48308957952468007 0.17845394736842105 0.024680073126142597 0.02631578947368421
1 0.3459780621572212 0.16570723684210525 0.024680073126142597 0.02138157894736842
1 0.07495429616087751 0.19654605263157895 0.02102376599634369 0.018914473684210526
1 0.43327239488117003 0.14432565789473684 0.021937842778793418 0.015625
1 0.8363802559414991 0.24753289473684212 0.022851919561243144 0.017269736842105265
1 0.6873857404021938 0.296875 0.027422303473491772 0.018914473684210526
1 0.0210054844606947 0.13446546052631578 0.02140767824497258 0.02241776315789474
1 0.03705667276051188 0.13507401315789475 0.023089579524680076 0.02363486842105263
