1 0.9762340036563071 0.7586348684210527 0.04753199268738574 0.05098684210526316
1 0.9323583180987203 0.7615131578947368 0.05758683729433273 0.05674342105263158
1 0.38939670932358317 0.41899671052631576 0.03656307129798903 0.033717105263157895
1 0.6604204753199269 0.06866776315789473 0.04753199268738574 0.04194078947368421
1 0.9693784277879341 0.7154605263157895 0.05758683729433273 0.05263157894736842
1 0.7097806215722121 0.15871710526315788 0.04661791590493602 0.03618421052631579
1 0.6755027422303473 0.039884868421052634 0.04204753199268738 0.03289473684210526
1 0.5210237659963437 0.3910361842105263 0.031078610603290677 0.027138157894736843
1 0.27696526508226693 0.05756578947368421 0.031078610603290677 0.032072368421052634
1 0.17915904936014626 0.31949013157894735 0.038391224862888484 0.03289473684210526
1 0.3139853747714808 0.04399671052631579 0.037477148080438755 0.03042763157894737
1 0.7911334552102377 0.03248355263157895 0.03290676416819013 0.029605263157894735
1 0.30027422303473494 0.06949013157894737 0.04021937842778794 0.032072368421052634
1 0.10054844606946983 0.37335526315789475 0.04204753199268738 0.032072368421052634
1 0.8555758683729433 0.3873355263157895 0.031078610603290677 0.03042763157894737
1 0.090036563071298 0.3067434210526316 0.04296160877513711 0.032072368421052634
1 0.07541133455210237 0.3618421052631579 0.043875685557586835 0.03618421052631579
0 0.6572212065813529 0.23314144736842105 0.03656307129798903 0.029605263157894735
1 0.4538391224862888 0.07730263157894737 0.03473491773308958 0.028782894736842105
1 0.4186471663619744 0.2894736842105263 0.03656307129798903 0.032072368421052634
1 0.4492687385740402 0.2791940789473684 0.03656307129798903 0.03289473684210526
1 0.8382084095063985 0.36800986842105265 0.03016453382084095 0.024671052631578948
1 0.6960694698354661 0.18338815789473684 0.038391224862888484 0.03453947368421053
0 0.6654478976234004 0.1611842105263158 0.04113345521023766 0.03289473684210526
1 0.3537477148080439 0.07976973684210527 0.03930530164533821 0.033717105263157895
1 0.21069469835466179 0.3207236842105263 0.03473491773308958 0.033717105263157895
1 0.6627056672760512 0.26069078947368424 0.04204753199268738 0.03042763157894737
1 0.33455210237659966 0.4037828947368421 0.03473491773308958 0.029605263157894735
1 0.8203839122486288 0.02549342105263158 0.033820840950639856 0.03125
1 0.6224862888482633 0.06332236842105263 0.03656307129798903 0.03700657894736842
1 0.486745886654479 0.5505756578947368 0.04296160877513711 0.03700657894736842
1 0.44972577696526506 0.5662006578947368 0.04570383912248629 0.03125
1 0.399908592321755 0.5752467105263158 0.048446069469835464 0.047697368421052634
0 0.6307129798903108 0.25493421052631576 0.03473491773308958 0.03042763157894737
1 0.5146252285191956 0.5435855263157895 0.031078610603290677 0.027960526315789474
1 0.4437842778793419 0.537828947368421 0.04570383912248629 0.032072368421052634
0 0.6896709323583181 0.21422697368421054 0.038391224862888484 0.032072368421052634
1 0.6110603290676416 0.16077302631578946 0.04296160877513711 0.03289473684210526
1 0.7193784277879341 0.1981907894736842 0.031078610603290677 0.03125
1 0.2129798903107861 0.28495065789473684 0.03473491773308958 0.024671052631578948
1 0.33226691042047535 0.06085526315789474 0.0283363802559415 0.027138157894736843
1 0.07815356489945155 0.3326480263157895 0.03473491773308958 0.027138157894736843
1 0.4844606946983547 0.5851151315789473 0.03473491773308958 0.029605263157894735
0 0.6160877513711152 0.1328125 0.038391224862888484 0.03042763157894737
1 0.3962522851919561 0.17722039473684212 0.0283363802559415 0.02631578947368421
0 0.6535648994515539 0.18955592105263158 0.04113345521023766 0.03125
1 0.36608775137111516 0.4050164473684211 0.029250457038391225 0.023848684210526317
1 0.6540219378427788 0.3120888157894737 0.031992687385740404 0.02631578947368421
1 0.2929616087751371 0.3782894736842105 0.031078610603290677 0.024671052631578948
1 0.6448811700182815 0.019736842105263157 0.03473491773308958 0.027960526315789474
0 0.6078610603290676 0.20764802631578946 0.031992687385740404 0.03289473684210526
0 0.6238574040219378 0.18215460526315788 0.027422303473491772 0.024671052631578948
1 0.5109689213893968 0.5703125 0.031992687385740404 0.032072368421052634
0 0.5196526508226691 0.37088815789473684 0.02010968921389397 0.018092105263157895
1 0.8011882998171846 0.39679276315789475 0.027422303473491772 0.029605263157894735
1 0.17184643510054845 0.2956414473684211 0.037477148080438755 0.02055921052631579
1 0.6448811700182815 0.09786184210526316 0.03656307129798903 0.027960526315789474
1 0.4812614259597806 0.5259046052631579 0.031992687385740404 0.023026315789473683
1 0.930073126142596 0.3379934210526316 0.027422303473491772 0.027138157894736843
1 0.13391224862888482 0.33182565789473684 0.03473491773308958 0.03125
1 0.8391224862888482 0.40995065789473684 0.029250457038391225 0.024671052631578948
0 0.6585923217550275 0.13610197368421054 0.0356489945155393 0.027960526315789474
1 0.3921389396709324 0.6122532894736842 0.0283363802559415 0.03042763157894737
1 0.4643510054844607 0.296875 0.029250457038391225 0.022203947368421052
1 0.3802559414990859 0.5625 0.031078610603290677 0.03289473684210526
1 0.6540219378427788 0.016036184210526317 0.038391224862888484 0.032072368421052634
1 0.4977148080438757 0.6048519736842105 0.03290676416819013 0.023026315789473683
0 0.5351919561243145 0.1015625 0.02376599634369287 0.02055921052631579
