1 0.9041666666666667 0.5513878469617405 0.06166666666666667 0.06376594148537135
1 0.96375 0.5555138784696174 0.05416666666666667 0.05776444111027757
1 0.6970833333333334 0.37884471117779445 0.04583333333333333 0.03600900225056264
1 0.86375 0.26294073518379596 0.05 0.03825956489122281
1 0.04125 0.9613653413353338 0.025833333333333333 0.02700675168792198
1 0.78875 0.47336834208552137 0.06 0.058514628657164294
1 0.9629166666666666 0.36084021005251316 0.05416666666666667 0.05026256564141035
1 0.9158333333333334 0.3810952738184546 0.049166666666666664 0.03975993998499625
1 0.9 0.3387096774193548 0.06 0.05026256564141035
1 0.5066666666666667 0.2348087021755439 0.0625 0.0450112528132033
1 0.695 0.4062265566391598 0.04 0.037509377344336084
1 0.9566666666666667 0.2996999249812453 0.04083333333333333 0.03375843960990248
1 0.009583333333333333 0.9534883720930233 0.0175 0.023255813953488372
1 0.9116666666666666 0.25618904726181546 0.0475 0.028507126781695424
1 0.00875 0.9756189047261815 0.0175 0.018754688672168042
1 0.9125 0.2903225806451613 0.0625 0.05401350337584396
1 0.05875 0.9778694673668417 0.019166666666666665 0.016504126031507877
1 0.8605750000000001 0.2955513878469618 0.03750833333333333 0.044898724681170295
1 0.044583333333333336 0.9838709677419355 0.023333333333333334 0.01800450112528132
