1 0.21125 0.5630157539384846 0.049166666666666664 0.03675918979744936
0 0.30125 0.6282820705176294 0.03333333333333333 0.028507126781695424
1 0.28875 0.9021005251312828 0.035 0.030007501875468866
1 0.6345833333333334 0.8229557389347337 0.030833333333333334 0.03075768942235559
1 0.6029166666666667 0.8304576144036009 0.035 0.028507126781695424
1 0.23458333333333334 0.6076519129782446 0.049166666666666664 0.03975993998499625
1 0.8358333333333333 0.8383345836459115 0.0175 0.015003750937734433
1 0.96125 0.9354838709677419 0.019166666666666665 0.015753938484621154
1 0.5166666666666667 0.654913728432108 0.0275 0.021005251312828207
0 0.24458333333333335 0.5772693173293323 0.03 0.02625656414103526
0 0.27291666666666664 0.6380345086271568 0.03333333333333333 0.028507126781695424
1 0.6695833333333333 0.6541635408852213 0.03833333333333333 0.03075768942235559
1 0.2579166666666667 0.8953488372093024 0.034166666666666665 0.03075768942235559
1 0.97125 0.9238559639909978 0.016666666666666666 0.015003750937734433
0 0.31333333333333335 0.7160540135033758 0.03333333333333333 0.028507126781695424
1 0.34791666666666665 0.5723930982745686 0.030833333333333334 0.02625656414103526
0 0.27375 0.5930232558139535 0.03333333333333333 0.0277569392348087
0 0.34625 0.6084021005251313 0.03333333333333333 0.02625656414103526
1 0.27291666666666664 0.9294823705926482 0.0375 0.03375843960990248
1 0.5841666666666666 0.5330082520630157 0.020833333333333332 0.0172543135783946
1 0.5008333333333334 0.8132033008252063 0.025833333333333333 0.023255813953488372
1 0.30333333333333334 0.9332333083270817 0.035 0.03900975243810953
0 0.29875 0.6541635408852213 0.03833333333333333 0.024756189047261814
0 0.5508333333333333 0.7824456114028507 0.035 0.02700675168792198
0 0.3875 0.6740435108777194 0.03 0.025506376594148537
0 0.3754166666666667 0.608027006751688 0.02666666666666667 0.020255063765941484
1 0.20083333333333334 0.5896474118529632 0.03166666666666667 0.024006001500375095
1 0.7275 0.8859714928732183 0.0175 0.014253563390847712
0 0.3620833333333333 0.6650412603150788 0.0225 0.021005251312828207
1 0.7175 0.8750937734433608 0.0175 0.015003750937734433
0 0.25125 0.6342835708927231 0.0225 0.02625656414103526
1 0.73875 0.86384096024006 0.0175 0.012753188297074268
0 0.5233333333333333 0.7925731432858214 0.029166666666666667 0.023255813953488372
0 0.23208333333333334 0.6406601650412603 0.029166666666666667 0.025506376594148537
0 0.5229166666666667 0.7996999249812453 0.0275 0.019504876219054765
0 0.61625 0.8117029257314329 0.021666666666666667 0.0172543135783946
1 0.364875 0.5788597149287322 0.028333333333333332 0.023255813953488372
0 0.6195833333333334 0.8424606151537885 0.020833333333333332 0.0172543135783946
1 0.85125 0.8510877719429858 0.0175 0.015753938484621154
1 0.8195833333333333 0.8334583645911477 0.018333333333333333 0.015753938484621154
1 0.9820833333333333 0.7573143285821455 0.015833333333333335 0.014253563390847712
1 0.9875 0.9321080270067517 0.019166666666666665 0.019504876219054765
0 0.2925 0.6005251312828207 0.019166666666666665 0.018754688672168042
1 0.53125 0.9463615903975994 0.023333333333333334 0.019504876219054765
1 0.96 0.9497374343585896 0.0225 0.0172543135783946
1 0.9754166666666667 0.9426106526631658 0.015 0.01350337584396099
1 0.73875 0.8507126781695424 0.018333333333333333 0.014253563390847712
0 0.275 0.6136534133533383 0.035 0.021005251312828207
1 0.041666666666666664 0.4748687171792948 0.019166666666666665 0.01800450112528132
1 0.7583333333333333 0.5165041260315079 0.0225 0.016504126031507877
1 0.14041666666666666 0.49174793698424607 0.02 0.015753938484621154
0 0.2744 0.8721080270067517 0.0339 0.02252813203300825
1 0.23748333333333335 0.9350037509377344 0.034675 0.02498124531132783
1 0.22400833333333334 0.9000600150037509 0.0397 0.029099774943735935
1 0.5965333333333334 0.528529632408102 0.015908333333333333 0.017914478619654912
1 0.5395249999999999 0.6544711177794449 0.019116666666666667 0.014868717179294824
