1 0.28473491773308957 0.7023026315789473 0.04021937842778794 0.03453947368421053
1 0.2842778793418647 0.766858552631579 0.04113345521023766 0.038651315789473686
1 0.666819012797075 0.061677631578947366 0.03473491773308958 0.03125
1 0.6759597806215722 0.3548519736842105 0.033820840950639856 0.029605263157894735
1 0.6412248628884827 0.2894736842105263 0.03016453382084095 0.027960526315789474
1 0.5580438756855576 0.30838815789473684 0.0283363802559415 0.028782894736842105
1 0.37477148080438755 0.6069078947368421 0.037477148080438755 0.03700657894736842
1 0.5776965265082267 0.30057565789473684 0.027422303473491772 0.02549342105263158
1 0.18510054844606946 0.6710526315789473 0.03656307129798903 0.03536184210526316
1 0.40219378427787933 0.6167763157894737 0.0356489945155393 0.03125
1 0.9309872029250457 0.07072368421052631 0.022851919561243144 0.023026315789473683
1 0.7641681901279708 0.4634046052631579 0.026508226691042046 0.023848684210526317
1 0.45429616087751373 0.3696546052631579 0.03290676416819013 0.027960526315789474
1 0.4369287020109689 0.34662828947368424 0.025594149908592323 0.02138157894736842
1 0.9008226691042047 0.11800986842105263 0.029250457038391225 0.02549342105263158
1 0.19881170018281535 0.6455592105263158 0.025594149908592323 0.022203947368421052
1 0.7618829981718465 0.4440789473684211 0.026508226691042046 0.022203947368421052
0 0.17550274223034734 0.5287828947368421 0.033820840950639856 0.027960526315789474
1 0.062157221206581355 0.2676809210526316 0.03290676416819013 0.03042763157894737
1 0.9762340036563071 0.43133223684210525 0.024680073126142597 0.024671052631578948
1 0.7632541133455211 0.3675986842105263 0.024680073126142597 0.02055921052631579
0 0.7541133455210237 0.29070723684210525 0.02376599634369287 0.019736842105263157
1 0.05987202925045704 0.21792763157894737 0.025594149908592323 0.02138157894736842
1 0.5548446069469836 0.2759046052631579 0.0283363802559415 0.02631578947368421
0 0.28793418647166363 0.7380756578947368 0.03016453382084095 0.023026315789473683
1 0.7280621572212066 0.4518914473684211 0.02102376599634369 0.02055921052631579
0 0.2340036563071298 0.6414473684210527 0.031078610603290677 0.02549342105263158
0 0.9478976234003657 0.07524671052631579 0.019195612431444242 0.017269736842105265
0 0.33089579524680074 0.640625 0.03290676416819013 0.027138157894736843
0 0.3290676416819013 0.6241776315789473 0.025594149908592323 0.01644736842105263
1 0.7093235831809872 0.3696546052631579 0.029250457038391225 0.027138157894736843
1 0.26782449725776963 0.6254111842105263 0.03656307129798903 0.027138157894736843
1 0.6576782449725777 0.27960526315789475 0.018281535648994516 0.022203947368421052
1 0.9021937842778793 0.3462171052631579 0.024680073126142597 0.018092105263157895
1 0.743601462522852 0.4354440789473684 0.019195612431444242 0.01644736842105263
