1 0.6403107861060329 0.8511513157894737 0.03930530164533821 0.03536184210526316
1 0.6663619744058501 0.8869243421052632 0.033820840950639856 0.027138157894736843
1 0.5804387568555759 0.4613486842105263 0.031078610603290677 0.02549342105263158
1 0.9867458866544789 0.45230263157894735 0.026508226691042046 0.027960526315789474
1 0.6622486288848263 0.9111842105263158 0.03930530164533821 0.033717105263157895
1 0.3743144424131627 0.4214638157894737 0.027422303473491772 0.024671052631578948
1 0.34552102376599636 0.40254934210526316 0.025594149908592323 0.023848684210526317
1 0.973491773308958 0.5522203947368421 0.027422303473491772 0.024671052631578948
1 0.6430530164533821 0.015213815789473685 0.031078610603290677 0.02631578947368421
1 0.6215722120658135 0.5826480263157895 0.024680073126142597 0.023848684210526317
0 0.3624314442413163 0.40625 0.019195612431444242 0.01644736842105263
