1 0.012340036563071298 0.7960526315789473 0.024680073126142597 0.03042763157894737
1 0.8793418647166362 0.2865953947368421 0.027422303473491772 0.022203947368421052
1 0.6489945155393053 0.5476973684210527 0.021937842778793418 0.022203947368421052
1 0.27513711151736747 0.4231085526315789 0.03290676416819013 0.03125
1 0.5882084095063985 0.8688322368421053 0.0356489945155393 0.03289473684210526
1 0.7358318098720292 0.4753289473684211 0.026508226691042046 0.023026315789473683
1 0.8148994515539305 0.24465460526315788 0.02376599634369287 0.023848684210526317
1 0.6179159049360147 0.5678453947368421 0.02102376599634369 0.019736842105263157
1 0.5955210237659964 0.30756578947368424 0.027422303473491772 0.024671052631578948
0 0.5991773308957953 0.563733552631579 0.021937842778793418 0.02055921052631579
0 0.6147166361974405 0.5357730263157895 0.019195612431444242 0.01644736842105263
1 0.8574040219378428 0.28741776315789475 0.024680073126142597 0.023026315789473683
1 0.22257769652650822 0.4699835526315789 0.025594149908592323 0.023026315789473683
1 0.8811700182815356 0.30879934210526316 0.031078610603290677 0.027960526315789474
0 0.7970749542961609 0.24753289473684212 0.019195612431444242 0.019736842105263157
1 0.8491773308957953 0.30838815789473684 0.021937842778793418 0.024671052631578948
1 0.6361974405850092 0.561266447368421 0.022851919561243144 0.018092105263157895
1 0.6526508226691042 0.8610197368421053 0.02376599634369287 0.029605263157894735
1 0.7294332723948812 0.3840460526315789 0.022851919561243144 0.022203947368421052
1 0.12477148080438757 0.39761513157894735 0.0356489945155393 0.028782894736842105
0 0.629798903107861 0.548108552631579 0.02102376599634369 0.01644736842105263
0 0.6339122486288848 0.5353618421052632 0.02102376599634369 0.015625
1 0.03290676416819013 0.11225328947368421 0.02376599634369287 0.022203947368421052
0 0.6343692870201096 0.8585526315789473 0.027422303473491772 0.027138157894736843
1 0.7404021937842779 0.36800986842105265 0.02102376599634369 0.01644736842105263
1 0.3171846435100548 0.2574013157894737 0.024680073126142597 0.024671052631578948
0 0.23583180987202926 0.47738486842105265 0.02010968921389397 0.01644736842105263
0 0.1329981718464351 0.3737664473684211 0.0283363802559415 0.023848684210526317
