1 0.9419561243144424 0.5172697368421053 0.03016453382084095 0.024671052631578948
1 0.6526508226691042 0.9120065789473685 0.031992687385740404 0.02631578947368421
1 0.443327239488117 0.8108552631578947 0.029250457038391225 0.024671052631578948
1 0.8706581352833638 0.8573190789473685 0.04021937842778794 0.03125
1 0.9131627056672761 0.5259046052631579 0.025594149908592323 0.022203947368421052
1 0.673217550274223 0.8256578947368421 0.024680073126142597 0.019736842105263157
1 0.5630712979890311 0.7997532894736842 0.03656307129798903 0.028782894736842105
1 0.3720292504570384 0.8100328947368421 0.031078610603290677 0.024671052631578948
1 0.9008226691042047 0.8828125 0.04113345521023766 0.033717105263157895
1 0.8130712979890311 0.8523848684210527 0.037477148080438755 0.032072368421052634
1 0.6311700182815356 0.8186677631578947 0.02102376599634369 0.018092105263157895
1 0.6846435100548446 0.9095394736842105 0.0283363802559415 0.024671052631578948
1 0.7193784277879341 0.7076480263157895 0.04113345521023766 0.029605263157894735
1 0.1910420475319927 0.7150493421052632 0.03016453382084095 0.023848684210526317
0 0.3912248628884826 0.891858552631579 0.021937842778793418 0.02138157894736842
1 0.6887568555758684 0.6899671052631579 0.033820840950639856 0.03125
0 0.3720292504570384 0.8885690789473685 0.02102376599634369 0.018914473684210526
1 0.7175502742230347 0.6772203947368421 0.033820840950639856 0.03125
1 0.8802559414990859 0.7841282894736842 0.037477148080438755 0.03042763157894737
0 0.4680073126142596 0.8610197368421053 0.027422303473491772 0.022203947368421052
0 0.4913162705667276 0.8667763157894737 0.02376599634369287 0.018092105263157895
0 0.8537477148080439 0.790296052631579 0.03656307129798903 0.029605263157894735
0 0.34963436928702013 0.8758223684210527 0.021937842778793418 0.01644736842105263
0 0.576782449725777 0.40460526315789475 0.02102376599634369 0.018914473684210526
0 0.08180987202925045 0.655016447368421 0.03473491773308958 0.02549342105263158
1 0.6576782449725777 0.8597861842105263 0.025594149908592323 0.023848684210526317
0 0.7175502742230347 0.5139802631578947 0.018281535648994516 0.015625
0 0.8816270566727605 0.8096217105263158 0.03473491773308958 0.03125
1 0.055758683729433274 0.6052631578947368 0.031992687385740404 0.024671052631578948
1 0.16910420475319926 0.9305098684210527 0.0283363802559415 0.022203947368421052
0 0.9227605118829981 0.5435855263157895 0.02376599634369287 0.019736842105263157
0 0.08957952468007313 0.634046052631579 0.031992687385740404 0.024671052631578948
1 0.95018281535649 0.5398848684210527 0.0283363802559415 0.023848684210526317
0 0.15173674588665448 0.889391447368421 0.02376599634369287 0.019736842105263157
0 0.8240402193784278 0.803453947368421 0.03290676416819013 0.027138157894736843
0 0.6160877513711152 0.8490953947368421 0.021937842778793418 0.017269736842105265
1 0.7367458866544789 0.6685855263157895 0.022851919561243144 0.022203947368421052
1 0.6640767824497258 0.9494243421052632 0.025594149908592323 0.023026315789473683
0 0.07815356489945155 0.6167763157894737 0.026508226691042046 0.018914473684210526
1 0.9136197440585009 0.6912006578947368 0.031078610603290677 0.02138157894736842
1 0.5703839122486288 0.7228618421052632 0.024680073126142597 0.02138157894736842
1 0.6576782449725777 0.41324013157894735 0.021937842778793418 0.019736842105263157
0 0.34552102376599636 0.84375 0.025594149908592323 0.02055921052631579
0 0.04661791590493602 0.6332236842105263 0.0283363802559415 0.027138157894736843
0 0.41042047531992687 0.852796052631579 0.025594149908592323 0.02138157894736842
0 0.5790676416819013 0.7783717105263158 0.031078610603290677 0.024671052631578948
0 0.9282449725776966 0.5666118421052632 0.02010968921389397 0.014802631578947368
1 0.7486288848263254 0.9551809210526315 0.02376599634369287 0.018914473684210526
0 0.24040219378427788 0.7055921052631579 0.031078610603290677 0.02549342105263158
0 0.6489945155393053 0.43914473684210525 0.01736745886654479 0.013157894736842105
1 0.6042047531992687 0.7072368421052632 0.026508226691042046 0.023848684210526317
0 0.8528336380255942 0.8153782894736842 0.0283363802559415 0.023848684210526317
0 0.7993601462522852 0.9366776315789473 0.018281535648994516 0.01644736842105263
1 0.7212065813528337 0.5361842105263158 0.02102376599634369 0.019736842105263157
0 0.5429616087751371 0.7689144736842105 0.027422303473491772 0.022203947368421052
0 0.034277879341864714 0.6114309210526315 0.025594149908592323 0.02138157894736842
0 0.4287020109689214 0.828125 0.021937842778793418 0.018092105263157895
0 0.9561243144424132 0.5620888157894737 0.022851919561243144 0.019736842105263157
0 0.7897623400365631 0.9247532894736842 0.02010968921389397 0.015625
1 0.6416819012797075 0.8614309210526315 0.019195612431444242 0.02138157894736842
1 0.3487202925045704 0.8030427631578947 0.02102376599634369 0.022203947368421052
0 0.3619744058500914 0.7911184210526315 0.021937842778793418 0.018092105263157895
0 0.773308957952468 0.9523026315789473 0.018281535648994516 0.013980263157894737
1 0.3697440585009141 0.7853618421052632 0.026508226691042046 0.018914473684210526
1 0.41316270566727603 0.8092105263157895 0.029250457038391225 0.024671052631578948
1 0.6503656307129799 0.8227796052631579 0.022851919561243144 0.02138157894736842
0 0.7248628884826326 0.9580592105263158 0.019195612431444242 0.018092105263157895
0 0.5415904936014625 0.7865953947368421 0.02376599634369287 0.019736842105263157
0 0.3569469835466179 0.9033717105263158 0.027422303473491772 0.023848684210526317
1 0.8148994515539305 0.790296052631579 0.0356489945155393 0.023848684210526317
0 0.649908592321755 0.8219572368421053 0.022851919561243144 0.018914473684210526
1 0.9748628884826326 0.6583059210526315 0.027422303473491772 0.02549342105263158
0 0.3281535648994516 0.9510690789473685 0.019195612431444242 0.01644736842105263
0 0.3391224862888483 0.8902138157894737 0.02102376599634369 0.018914473684210526
1 0.583180987202925 0.6949013157894737 0.02010968921389397 0.019736842105263157
0 0.7010968921389397 0.6537828947368421 0.025594149908592323 0.02055921052631579
0 0.826782449725777 0.8314144736842105 0.03290676416819013 0.02549342105263158
0 0.3555758683729433 0.829358552631579 0.02010968921389397 0.018914473684210526
0 0.5763254113345521 0.7508223684210527 0.024680073126142597 0.019736842105263157
0 0.9414990859232175 0.5773026315789473 0.016453382084095063 0.014802631578947368
