1 0.0875 0.33645911477869467 0.04833333333333333 0.04276069017254314
1 0.041666666666666664 0.43210802700675166 0.04833333333333333 0.03975993998499625
1 0.09958333333333333 0.8165791447861965 0.06 0.05251312828207052
1 0.11833333333333333 0.9073518379594899 0.04833333333333333 0.04051012753188297
1 0.08416666666666667 0.9069767441860465 0.045 0.0450112528132033
1 0.15 0.826331582895724 0.049166666666666664 0.03975993998499625
1 0.38 0.9924981245311327 0.043333333333333335 0.015003750937734433
1 0.20166666666666666 0.9617404351087772 0.04083333333333333 0.0277569392348087
1 0.51 0.8713428357089272 0.04666666666666667 0.04801200300075019
1 0.3304 0.9909977494373593 0.057541666666666665 0.01800450112528132
1 0.3625 0.9861215303825956 0.034166666666666665 0.023255813953488372
1 0.24708333333333332 0.7771942985746436 0.03916666666666667 0.03150787696924231
1 0.20458333333333334 0.7573143285821455 0.051666666666666666 0.04126031507876969
1 0.33208333333333334 0.9718679669917479 0.04 0.0277569392348087
1 0.125 0.8514628657164292 0.03833333333333333 0.029257314328582147
1 0.43833333333333335 0.8559639909977494 0.035833333333333335 0.04351087771942986
1 0.4066666666666667 0.9587396849212303 0.035833333333333335 0.0277569392348087
1 0.46708333333333335 0.8552138034508627 0.03666666666666667 0.042010502625656414
1 0.36791666666666667 0.8513653413353337 0.04000833333333333 0.031305326331582894
1 0.030833333333333334 0.4576144036009002 0.04666666666666667 0.035258814703675916
1 0.39125 0.8649662415603901 0.030833333333333334 0.02175543885971493
0 0.22916666666666666 0.7235558889722431 0.03166666666666667 0.025506376594148537
1 0.49333333333333335 0.7809452363090773 0.04416666666666667 0.02700675168792198
1 0.3958333333333333 0.8780945236309077 0.025 0.019504876219054765
1 0.30583333333333335 0.9587396849212303 0.0475 0.04051012753188297
1 0.37214166666666665 0.6630832708177045 0.036950000000000004 0.03682670667666917
0 0.4881166666666667 0.825476369092273 0.04948333333333334 0.03678919729932483
1 0.35200833333333337 0.8756489122280571 0.04148333333333334 0.03969242310577644
