1 0.07625 0.23218304576144036 0.03666666666666667 0.03150787696924231
1 0.13791666666666666 0.11627906976744186 0.030833333333333334 0.028507126781695424
0 0.9708333333333333 0.17404351087771944 0.029166666666666667 0.025506376594148537
1 0.5854166666666667 0.1005251312828207 0.030833333333333334 0.02625656414103526
1 0.5920833333333333 0.12790697674418605 0.035 0.028507126781695424
1 0.8 0.6909227306826706 0.03916666666666667 0.035258814703675916
0 0.9925 0.18192048012003 0.015 0.024006001500375095
1 0.16833333333333333 0.08214553638409602 0.03333333333333333 0.0277569392348087
1 0.48083333333333333 0.7689422355588897 0.035 0.03150787696924231
1 0.9641666666666666 0.21305326331582897 0.03166666666666667 0.03150787696924231
0 0.9770833333333333 0.1541635408852213 0.025 0.01800450112528132
1 0.4675 0.8349587396849212 0.04583333333333333 0.03825956489122281
1 0.5608333333333333 0.12228057014253563 0.0325 0.033008252063015754
0 0.18708333333333332 0.17891972993248312 0.029166666666666667 0.024756189047261814
1 0.9629166666666666 0.14103525881470366 0.030833333333333334 0.025506376594148537
0 0.6033333333333334 0.1485371342835709 0.028333333333333332 0.024756189047261814
1 0.9429166666666666 0.15678919729932483 0.028333333333333332 0.025506376594148537
1 0.11541666666666667 0.1121530382595649 0.023333333333333334 0.033008252063015754
1 0.0475 0.231807951987997 0.0325 0.03825956489122281
1 0.07333333333333333 0.2584396099024756 0.035 0.02625656414103526
0 0.9925 0.16279069767441862 0.014166666666666666 0.016504126031507877
1 0.43166666666666664 0.8368342085521381 0.035833333333333335 0.03075768942235559
0 0.6479166666666667 0.20817704426106526 0.028333333333333332 0.023255813953488372
0 0.08291666666666667 0.20442610652663165 0.0325 0.02625656414103526
1 0.145 0.14403600900225055 0.024166666666666666 0.025506376594148537
0 0.9554166666666667 0.5412603150787697 0.025833333333333333 0.02700675168792198
1 0.9358333333333333 0.18154538634658665 0.0275 0.02625656414103526
1 0.3458333333333333 0.6054013503375844 0.0325 0.0277569392348087
0 0.19625 0.13465866466616655 0.03166666666666667 0.024756189047261814
0 0.4870833333333333 0.858589647411853 0.03166666666666667 0.02700675168792198
1 0.43833333333333335 0.9107276819204801 0.035833333333333335 0.029257314328582147
0 0.7520833333333333 0.9767441860465116 0.0225 0.02250562640660165
0 0.60625 0.4808702175543886 0.0325 0.029257314328582147
1 0.7683333333333333 0.9804951237809453 0.0225 0.02250562640660165
0 0.13416666666666666 0.09227306826706677 0.0275 0.023255813953488372
1 0.04041666666666666 0.21380345086271568 0.03333333333333333 0.028507126781695424
1 0.16416666666666666 0.14328582145536384 0.021666666666666667 0.02175543885971493
1 0.5708333333333333 0.1504126031507877 0.0375 0.03075768942235559
0 0.12208333333333334 0.2659414853713428 0.020833333333333332 0.018754688672168042
1 0.53 0.8244561140285072 0.025833333333333333 0.02250562640660165
0 0.16041666666666668 0.17366841710427608 0.020833333333333332 0.02250562640660165
1 0.47708333333333336 0.8960990247561891 0.029166666666666667 0.029257314328582147
0 0.5905416666666666 0.1981020255063766 0.019183333333333333 0.017876969242310577
0 0.6109916666666667 0.19081770442610654 0.018525 0.01512378094523631
0 0.6175 0.17929482370592648 0.029166666666666667 0.02250562640660165
0 0.9820833333333333 0.5420105026256564 0.029166666666666667 0.0277569392348087
0 0.155 0.09939984996249063 0.021666666666666667 0.019504876219054765
1 0.18332500000000002 0.12060765191297826 0.02655 0.018102025506376594
0 0.18545 0.1060390097524381 0.024358333333333333 0.013338334583645913
0 0.154525 0.1254913728432108 0.018616666666666667 0.018559639909977492
0 0.10230833333333333 0.263728432108027 0.016758333333333333 0.014546136534133534
1 0.585725 0.17220555138784696 0.040183333333333335 0.02714178544636159
1 0.5634166666666667 0.43704426106526634 0.021825 0.024081020255063767
0 0.99055 0.22547636909227306 0.0185 0.0204351087771943
1 0.9887333333333334 0.147006751687922 0.022533333333333332 0.019077269317329334
1 0.9460916666666667 0.4898274568642161 0.022558333333333333 0.02525881470367592
0 0.8169666666666667 0.900345086271568 0.027941666666666667 0.027014253563390846
0 0.8366583333333334 0.8817854463615904 0.032308333333333335 0.022385596399099775
1 0.56265 0.8489572393098275 0.02685 0.01975243810952738
1 0.43183333333333335 0.8719429857464366 0.03211666666666667 0.035206301575393846
0 0.5251750000000001 0.8057764441110277 0.028466666666666664 0.02498124531132783
