1 0.08089579524680073 0.5958059210526315 0.026508226691042046 0.023026315789473683
1 0.5914076782449725 0.20929276315789475 0.03290676416819013 0.027960526315789474
1 0.6275137111517367 0.8100328947368421 0.037477148080438755 0.03125
1 0.723491773308958 0.3384046052631579 0.03473491773308958 0.028782894736842105
1 0.7335466179159049 0.19736842105263158 0.026508226691042046 0.023026315789473683
1 0.8203839122486288 0.2730263157894737 0.0356489945155393 0.03125
1 0.6407678244972578 0.8536184210526315 0.048446069469835464 0.03453947368421053
1 0.8647166361974405 0.3137335526315789 0.031078610603290677 0.027960526315789474
1 0.5996343692870201 0.6011513157894737 0.029250457038391225 0.023848684210526317
1 0.583180987202925 0.42804276315789475 0.02376599634369287 0.024671052631578948
1 0.3176416819012797 0.2911184210526316 0.027422303473491772 0.024671052631578948
1 0.34186471663619744 0.6932565789473685 0.04204753199268738 0.03618421052631579
1 0.8939670932358318 0.4888980263157895 0.031992687385740404 0.028782894736842105
1 0.896709323583181 0.5209703947368421 0.0356489945155393 0.03042763157894737
1 0.803473491773309 0.8273026315789473 0.027422303473491772 0.024671052631578948
1 0.10191956124314443 0.21792763157894737 0.026508226691042046 0.022203947368421052
1 0.6101462522851919 0.13486842105263158 0.026508226691042046 0.022203947368421052
0 0.034277879341864714 0.024671052631578948 0.022851919561243144 0.02055921052631579
1 0.5447897623400365 0.29070723684210525 0.03290676416819013 0.03125
1 0.4040219378427788 0.9584703947368421 0.031078610603290677 0.027960526315789474
1 0.02102376599634369 0.06949013157894737 0.029250457038391225 0.027138157894736843
1 0.79981718464351 0.15460526315789475 0.029250457038391225 0.024671052631578948
1 0.5553016453382084 0.5986842105263158 0.026508226691042046 0.023026315789473683
1 0.8912248628884827 0.8445723684210527 0.037477148080438755 0.032072368421052634
1 0.13208409506398539 0.5444078947368421 0.022851919561243144 0.02055921052631579
0 0.3679159049360146 0.6747532894736842 0.03473491773308958 0.029605263157894735
1 0.4593235831809872 0.018092105263157895 0.0283363802559415 0.023848684210526317
1 0.7810786106032906 0.31743421052631576 0.03473491773308958 0.03042763157894737
1 0.476691042047532 0.03042763157894737 0.031078610603290677 0.02631578947368421
1 0.4744058500914077 0.05756578947368421 0.03656307129798903 0.028782894736842105
1 0.37614259597806216 0.24300986842105263 0.026508226691042046 0.023026315789473683
1 0.8871115173674589 0.4309210526315789 0.031078610603290677 0.027138157894736843
1 0.1823583180987203 0.6500822368421053 0.024680073126142597 0.023026315789473683
1 0.3802559414990859 0.9461348684210527 0.031078610603290677 0.027960526315789474
1 0.5836380255941499 0.12541118421052633 0.025594149908592323 0.022203947368421052
1 0.5946069469835467 0.7557565789473685 0.025594149908592323 0.022203947368421052
1 0.6924131627056673 0.8988486842105263 0.0283363802559415 0.02631578947368421
1 0.0726691042047532 0.06949013157894737 0.027422303473491772 0.024671052631578948
1 0.06444241316270567 0.7787828947368421 0.031078610603290677 0.027138157894736843
1 0.7760511882998172 0.16611842105263158 0.037477148080438755 0.03125
1 0.08455210237659963 0.4309210526315789 0.025594149908592323 0.023026315789473683
1 0.5996343692870201 0.6192434210526315 0.029250457038391225 0.022203947368421052
1 0.7559414990859232 0.7886513157894737 0.0283363802559415 0.023848684210526317
1 0.012340036563071298 0.983141447368421 0.024680073126142597 0.03125
1 0.5137111517367459 0.7993421052631579 0.031992687385740404 0.029605263157894735
1 0.7120658135283364 0.9025493421052632 0.026508226691042046 0.022203947368421052
1 0.95018281535649 0.8153782894736842 0.024680073126142597 0.022203947368421052
1 0.022394881170018283 0.5805921052631579 0.021937842778793418 0.018914473684210526
1 0.8313528336380256 0.013980263157894737 0.027422303473491772 0.024671052631578948
1 0.5726691042047533 0.41241776315789475 0.027422303473491772 0.023026315789473683
1 0.23491773308957953 0.31661184210526316 0.03016453382084095 0.02549342105263158
0 0.28244972577696525 0.6924342105263158 0.037477148080438755 0.032072368421052634
1 0.8528336380255942 0.850328947368421 0.027422303473491772 0.022203947368421052
1 0.5022851919561243 0.7783717105263158 0.03016453382084095 0.027138157894736843
1 0.8893967093235832 0.17310855263157895 0.03656307129798903 0.029605263157894735
1 0.6051188299817185 0.42886513157894735 0.025594149908592323 0.02549342105263158
1 0.44515539305301643 0.10567434210526316 0.0283363802559415 0.023026315789473683
1 0.9314442413162706 0.17722039473684212 0.03016453382084095 0.02549342105263158
1 0.956581352833638 0.38651315789473684 0.03016453382084095 0.024671052631578948
1 0.8478062157221207 0.8725328947368421 0.03290676416819013 0.027138157894736843
1 0.08775137111517367 0.23643092105263158 0.029250457038391225 0.027960526315789474
1 0.1503656307129799 0.5452302631578947 0.02010968921389397 0.02055921052631579
1 0.7728519195612431 0.13692434210526316 0.033820840950639856 0.02631578947368421
1 0.4826325411334552 0.8869243421052632 0.024680073126142597 0.02055921052631579
1 0.09917733089579525 0.16611842105263158 0.029250457038391225 0.02549342105263158
1 0.4638939670932358 0.8988486842105263 0.026508226691042046 0.024671052631578948
1 0.23217550274223034 0.6990131578947368 0.025594149908592323 0.022203947368421052
1 0.7787934186471663 0.48149671052631576 0.0283363802559415 0.024671052631578948
1 0.3487202925045704 0.44449013157894735 0.031992687385740404 0.03042763157894737
1 0.4844606946983547 0.90625 0.026508226691042046 0.023026315789473683
1 0.5159963436928702 0.6920230263157895 0.024680073126142597 0.02055921052631579
1 0.13848263254113347 0.3972039473684211 0.02102376599634369 0.018914473684210526
1 0.1910420475319927 0.7314967105263158 0.027422303473491772 0.023026315789473683
1 0.09872029250457039 0.0834703947368421 0.031078610603290677 0.027960526315789474
1 0.930073126142596 0.8149671052631579 0.021937842778793418 0.022203947368421052
1 0.9675502742230347 0.4584703947368421 0.026508226691042046 0.027960526315789474
1 0.6197440585009141 0.21628289473684212 0.031992687385740404 0.028782894736842105
1 0.2230347349177331 0.47491776315789475 0.027422303473491772 0.024671052631578948
1 0.02696526508226691 0.5518092105263158 0.024680073126142597 0.02138157894736842
1 0.5845521023765996 0.548108552631579 0.03290676416819013 0.027960526315789474
1 0.8455210237659964 0.047286184210526314 0.02376599634369287 0.022203947368421052
0 0.04524680073126142 0.8741776315789473 0.022851919561243144 0.02055921052631579
1 0.5319926873857403 0.5945723684210527 0.027422303473491772 0.02549342105263158
1 0.4460694698354662 0.45805921052631576 0.0283363802559415 0.023848684210526317
0 0.061243144424131625 0.03618421052631579 0.025594149908592323 0.022203947368421052
1 0.8679159049360147 0.3536184210526316 0.0283363802559415 0.02549342105263158
1 0.7838208409506399 0.6287006578947368 0.02376599634369287 0.02055921052631579
1 0.8875685557586838 0.8717105263157895 0.025594149908592323 0.023848684210526317
1 0.5703839122486288 0.2870065789473684 0.029250457038391225 0.03042763157894737
1 0.5036563071297989 0.13322368421052633 0.02102376599634369 0.018092105263157895
1 0.6860146252285192 0.45600328947368424 0.0283363802559415 0.023026315789473683
1 0.6444241316270567 0.390625 0.027422303473491772 0.024671052631578948
1 0.5022851919561243 0.6328125 0.021937842778793418 0.018092105263157895
1 0.6174588665447898 0.2779605263157895 0.03016453382084095 0.02631578947368421
1 0.7225776965265083 0.6747532894736842 0.031992687385740404 0.02549342105263158
1 0.05987202925045704 0.5953947368421053 0.018281535648994516 0.017269736842105265
1 0.6549360146252285 0.4654605263157895 0.025594149908592323 0.024671052631578948
1 0.7262340036563071 0.6451480263157895 0.031992687385740404 0.023026315789473683
0 0.022394881170018283 0.8675986842105263 0.026508226691042046 0.022203947368421052
1 0.870201096892139 0.8844572368421053 0.0283363802559415 0.027138157894736843
1 0.30347349177330896 0.1015625 0.02102376599634369 0.018092105263157895
1 0.743601462522852 0.27055921052631576 0.025594149908592323 0.023026315789473683
1 0.5402193784277879 0.796875 0.027422303473491772 0.023848684210526317
1 0.8130712979890311 0.025904605263157895 0.029250457038391225 0.027960526315789474
1 0.08272394881170018 0.047697368421052634 0.0283363802559415 0.02631578947368421
1 0.876599634369287 0.2265625 0.031078610603290677 0.023848684210526317
1 0.5402193784277879 0.5131578947368421 0.027422303473491772 0.023848684210526317
1 0.6851005484460695 0.43585526315789475 0.0283363802559415 0.023848684210526317
1 0.5658135283363802 0.4321546052631579 0.025594149908592323 0.023026315789473683
1 0.703382084095064 0.9210526315789473 0.031992687385740404 0.02631578947368421
1 0.39716636197440586 0.24671052631578946 0.026508226691042046 0.023848684210526317
1 0.8839122486288848 0.053865131578947366 0.029250457038391225 0.02549342105263158
1 0.7861060329067642 0.6587171052631579 0.024680073126142597 0.019736842105263157
1 0.6549360146252285 0.24588815789473684 0.024680073126142597 0.023026315789473683
1 0.10786106032906764 0.24383223684210525 0.027422303473491772 0.024671052631578948
1 0.29890310786106034 0.21299342105263158 0.02102376599634369 0.019736842105263157
0 0.1613345521023766 0.6657072368421053 0.022851919561243144 0.02138157894736842
1 0.6485374771480804 0.828125 0.033820840950639856 0.02631578947368421
0 0.16773308957952468 0.7393092105263158 0.022851919561243144 0.018914473684210526
1 0.676873857404022 0.38569078947368424 0.031078610603290677 0.027960526315789474
1 0.48857404021937845 0.31537828947368424 0.033820840950639856 0.028782894736842105
0 0.8194698354661791 0.4284539473684211 0.021937842778793418 0.02055921052631579
0 0.03884826325411334 0.8536184210526315 0.02376599634369287 0.022203947368421052
0 0.9474405850091407 0.45805921052631576 0.02376599634369287 0.02055921052631579
1 0.07038391224862889 0.5838815789473685 0.02010968921389397 0.014802631578947368
1 0.9355575868372943 0.7701480263157895 0.025594149908592323 0.02138157894736842
1 0.9570383912248629 0.1171875 0.0283363802559415 0.02631578947368421
1 0.506398537477148 0.15090460526315788 0.021937842778793418 0.019736842105263157
1 0.9277879341864717 0.19901315789473684 0.029250457038391225 0.024671052631578948
1 0.01782449725776965 0.6410361842105263 0.021937842778793418 0.018092105263157895
1 0.04890310786106033 0.06866776315789473 0.022851919561243144 0.02549342105263158
1 0.7157221206581352 0.19654605263157895 0.022851919561243144 0.02549342105263158
1 0.5571297989031079 0.5563322368421053 0.026508226691042046 0.03042763157894737
1 0.6855575868372943 0.7364309210526315 0.026508226691042046 0.023026315789473683
0 0.773308957952468 0.8149671052631579 0.0283363802559415 0.023848684210526317
0 0.015996343692870202 0.17886513157894737 0.02010968921389397 0.018092105263157895
1 0.008683729433272395 0.054276315789473686 0.01736745886654479 0.029605263157894735
1 0.19652650822669104 0.3980263157894737 0.033820840950639856 0.027960526315789474
0 0.015082266910420476 0.02261513157894737 0.02102376599634369 0.018092105263157895
0 0.693327239488117 0.837171052631579 0.031992687385740404 0.02549342105263158
1 0.113345521023766 0.15995065789473684 0.02102376599634369 0.022203947368421052
0 0.6704753199268738 0.5777138157894737 0.021937842778793418 0.018092105263157895
1 0.850091407678245 0.027549342105263157 0.02102376599634369 0.023026315789473683
0 0.058957952468007314 0.8610197368421053 0.02376599634369287 0.024671052631578948
1 0.1773308957952468 0.5505756578947368 0.02376599634369287 0.02138157894736842
1 0.6581352833638026 0.6229440789473685 0.0283363802559415 0.023848684210526317
1 0.6750457038391224 0.4708059210526316 0.025594149908592323 0.023848684210526317
1 0.7230347349177331 0.46504934210526316 0.027422303473491772 0.02549342105263158
1 0.7582266910420475 0.4839638157894737 0.022851919561243144 0.023848684210526317
0 0.5164533820840951 0.548108552631579 0.025594149908592323 0.02055921052631579
1 0.2020109689213894 0.6204769736842105 0.025594149908592323 0.018914473684210526
0 0.44149908592321757 0.04399671052631579 0.027422303473491772 0.02631578947368421
0 0.5703839122486288 0.9124177631578947 0.026508226691042046 0.023026315789473683
0 0.3273674588665448 0.16344572368421054 0.020310786106032905 0.016348684210526314
1 0.32586837294332727 0.15213815789473684 0.024680073126142597 0.017269736842105265
0 0.9181901279707495 0.8499177631578947 0.02376599634369287 0.02055921052631579
0 0.32769652650822667 0.657483552631579 0.031078610603290677 0.024671052631578948
1 0.340036563071298 0.6726973684210527 0.03016453382084095 0.018914473684210526
0 0.007312614259597806 0.16488486842105263 0.013711151736745886 0.015625
0 0.06809872029250456 0.6986019736842105 0.021937842778793418 0.018914473684210526
0 0.7984460694698354 0.4272203947368421 0.026508226691042046 0.02055921052631579
1 0.56672760511883 0.5213815789473685 0.0283363802559415 0.022203947368421052
1 0.5287934186471663 0.5287828947368421 0.026508226691042046 0.02055921052631579
0 0.6846435100548446 0.8556743421052632 0.0283363802559415 0.023848684210526317
1 0.5612431444241316 0.7216282894736842 0.024680073126142597 0.019736842105263157
1 0.18921389396709323 0.5423519736842105 0.02010968921389397 0.02055921052631579
1 0.6910420475319927 0.3149671052631579 0.029250457038391225 0.02549342105263158
0 0.5539305301645339 0.44449013157894735 0.02010968921389397 0.02138157894736842
0 0.47074954296160876 0.6229440789473685 0.019195612431444242 0.018092105263157895
0 0.8542047531992687 0.4214638157894737 0.029250457038391225 0.02631578947368421
1 0.06170018281535649 0.24671052631578946 0.022851919561243144 0.023848684210526317
0 0.006398537477148081 0.033717105263157895 0.012797074954296161 0.013157894736842105
1 0.6508226691042047 0.8186677631578947 0.031992687385740404 0.02549342105263158
0 0.13848263254113347 0.19449013157894737 0.02010968921389397 0.017269736842105265
0 0.19149908592321754 0.7467105263157895 0.018281535648994516 0.013157894736842105
1 0.4337294332723949 0.1225328947368421 0.021937842778793418 0.018914473684210526
0 0.3423217550274223 0.2944078947368421 0.031078610603290677 0.02631578947368421
0 0.5703839122486288 0.4551809210526316 0.025594149908592323 0.023026315789473683
0 0.3053016453382084 0.07401315789473684 0.019195612431444242 0.014802631578947368
0 0.463436928702011 0.6044407894736842 0.02376599634369287 0.019736842105263157
0 0.3903107861060329 0.06825657894736842 0.02376599634369287 0.018914473684210526
0 0.5475319926873857 0.774671052631579 0.022851919561243144 0.023848684210526317
1 0.8258683729433273 0.04810855263157895 0.021937842778793418 0.023026315789473683
1 0.5329067641681902 0.3589638157894737 0.029250457038391225 0.02549342105263158
0 0.45521023765996343 0.6212993421052632 0.02010968921389397 0.018914473684210526
1 0.5840950639853748 0.5682565789473685 0.03473491773308958 0.02549342105263158
0 0.11974405850091407 0.40460526315789475 0.024680073126142597 0.019736842105263157
1 0.7847349177330896 0.6936677631578947 0.021937842778793418 0.018092105263157895
1 0.8711151736745887 0.4888980263157895 0.02376599634369287 0.023848684210526317
0 0.16453382084095064 0.5801809210526315 0.026508226691042046 0.023026315789473683
1 0.018281535648994516 0.5674342105263158 0.02102376599634369 0.014802631578947368
1 0.6375685557586838 0.6480263157894737 0.02376599634369287 0.019736842105263157
0 0.5388482632541134 0.5415296052631579 0.022851919561243144 0.018914473684210526
1 0.656764168190128 0.7360197368421053 0.021937842778793418 0.02138157894736842
1 0.870201096892139 0.860608552631579 0.02102376599634369 0.018092105263157895
1 0.02376599634369287 0.8828125 0.027422303473491772 0.02055921052631579
1 0.6777879341864717 0.6389802631578947 0.024680073126142597 0.02055921052631579
0 0.5306215722120659 0.7664473684210527 0.026508226691042046 0.018092105263157895
1 0.4963436928702011 0.04317434210526316 0.024680073126142597 0.02549342105263158
0 0.5283363802559415 0.7816611842105263 0.024680073126142597 0.019736842105263157
1 0.879798903107861 0.21134868421052633 0.031078610603290677 0.019736842105263157
1 0.9053930530164533 0.18092105263157895 0.027422303473491772 0.02549342105263158
1 0.42413162705667273 0.3548519736842105 0.024680073126142597 0.022203947368421052
0 0.3889396709323583 0.05098684210526316 0.022851919561243144 0.018914473684210526
1 0.3212979890310786 0.06414473684210527 0.021937842778793418 0.018914473684210526
0 0.024680073126142597 0.01069078947368421 0.021937842778793418 0.017269736842105265
0 0.8647166361974405 0.506578947368421 0.02376599634369287 0.02055921052631579
0 0.4382998171846435 0.46957236842105265 0.02102376599634369 0.017269736842105265
1 0.8519195612431444 0.8885690789473685 0.021937842778793418 0.019736842105263157
1 0.1540219378427788 0.39761513157894735 0.01736745886654479 0.019736842105263157
0 0.02376599634369287 0.1611842105263158 0.021937842778793418 0.018092105263157895
1 0.8043875685557587 0.41324013157894735 0.029250457038391225 0.02055921052631579
1 0.007769652650822669 0.6167763157894737 0.015539305301645339 0.02055921052631579
0 0.32084095063985374 0.3112664473684211 0.02102376599634369 0.018914473684210526
0 0.4524680073126143 0.4786184210526316 0.018281535648994516 0.01644736842105263
1 0.11928702010968921 0.49629934210526316 0.025594149908592323 0.02138157894736842
0 0.30438756855575866 0.05797697368421053 0.01736745886654479 0.013980263157894737
0 0.4853747714808044 0.13856907894736842 0.02102376599634369 0.018914473684210526
0 0.5173674588665448 0.5164473684210527 0.02102376599634369 0.019736842105263157
1 0.5904936014625228 0.2512335526315789 0.027422303473491772 0.023848684210526317
0 0.2619104204753199 0.5154934210526316 0.02389396709323583 0.01828125
0 0.24226691042047535 0.5219407894736842 0.01946069469835466 0.0190625
0 0.24686471663619744 0.5071875 0.01596892138939671 0.010945723684210526
0 0.25518281535648996 0.49789473684210533 0.021517367458866545 0.018717105263157896
0 0.42564899451553934 0.4859950657894737 0.022678244972577696 0.02199013157894737
1 0.38791590493601463 0.43348684210526317 0.017687385740402194 0.012458881578947369
1 0.18742230347349176 0.5163815789473684 0.018281535648994516 0.013651315789473685
0 0.12161791590493602 0.5320559210526316 0.02129798903107861 0.013643092105263158
0 0.13175502742230347 0.5234703947368421 0.01939670932358318 0.011439144736842105
1 0.2539945155393053 0.5910526315789474 0.017559414990859234 0.014769736842105264
1 0.206672760511883 0.558314144736842 0.017166361974405853 0.016990131578947368
0 0.23870201096892138 0.42865953947368424 0.017084095063985377 0.015625
0 0.3376234003656307 0.3144407894736842 0.02007312614259598 0.017351973684210528
1 0.38644424131627053 0.26007401315789475 0.021892138939670933 0.015509868421052632
0 0.3059414990859232 0.19608552631578946 0.016910420475319928 0.017220394736842105
1 0.4078702010968921 0.17703125 0.013254113345521023 0.012590460526315789
1 0.42022851919561244 0.17093750000000002 0.012614259597806217 0.013947368421052632
1 0.438400365630713 0.17685032894736843 0.014908592321755025 0.015797697368421054
1 0.4530530164533821 0.17819901315789474 0.017285191956124314 0.017080592105263158
0 0.4760968921389397 0.08767269736842105 0.017440585009140766 0.015583881578947368
0 0.37053016453382087 0.11402960526315789 0.016983546617915905 0.01415296052631579
0 0.38185557586837293 0.09743421052631579 0.015868372943327238 0.013733552631578947
0 0.44544789762340037 0.07855263157894736 0.017915904936014627 0.014449013157894737
0 0.4555484460694698 0.0745641447368421 0.016727605118829984 0.015016447368421055
0 0.02327239488117002 0.6025246710526315 0.01946069469835466 0.015625
0 0.6687842778793418 0.5969407894736842 0.02183729433272395 0.01727796052631579
0 0.7939122486288848 0.5665131578947369 0.018647166361974405 0.017713815789473685
0 0.8610694698354662 0.5939062500000001 0.019908592321755028 0.01763980263157895
0 0.7895521023765996 0.5524424342105263 0.02419561243144424 0.017368421052631578
1 0.9202285191956124 0.2780921052631579 0.017047531992687385 0.014498355263157894
