1 0.1613345521023766 0.2948190789473684 0.04021937842778794 0.03618421052631579
1 0.2216636197440585 0.06661184210526316 0.04204753199268738 0.03289473684210526
1 0.25685557586837293 0.05797697368421053 0.0356489945155393 0.032072368421052634
1 0.9762340036563071 0.3260690789473684 0.0283363802559415 0.023026315789473683
0 0.9817184643510055 0.30879934210526316 0.02010968921389397 0.017269736842105265
1 0.09140767824497258 0.13815789473684212 0.03473491773308958 0.02631578947368421
1 0.11425959780621572 0.14967105263157895 0.026508226691042046 0.023848684210526317
1 0.16316270566727606 0.12911184210526316 0.03016453382084095 0.027960526315789474
1 0.7783363802559415 0.7882401315789473 0.03930530164533821 0.038651315789473686
1 0.8094149908592322 0.796875 0.03473491773308958 0.033717105263157895
1 0.6489945155393053 0.3285361842105263 0.02376599634369287 0.02138157894736842
1 0.9670932358318098 0.29605263157894735 0.027422303473491772 0.018914473684210526
1 0.6302559414990859 0.32401315789473684 0.024680073126142597 0.02138157894736842
1 0.30484460694698357 0.3996710526315789 0.03473491773308958 0.027960526315789474
1 0.18875685557586838 0.12623355263157895 0.033820840950639856 0.03618421052631579
1 0.9291590493601463 0.6698190789473685 0.0356489945155393 0.03289473684210526
1 0.3281535648994516 0.3569078947368421 0.0283363802559415 0.022203947368421052
1 0.6247714808043876 0.5575657894736842 0.038391224862888484 0.028782894736842105
0 0.33455210237659966 0.08881578947368421 0.026508226691042046 0.02055921052631579
1 0.6375685557586838 0.5875822368421053 0.038391224862888484 0.03042763157894737
1 0.8464351005484461 0.7754934210526315 0.03930530164533821 0.03289473684210526
0 0.9638482632541134 0.3135608552631579 0.025594149908592323 0.023026315789473683
1 0.36060329067641683 0.18996710526315788 0.02376599634369287 0.018092105263157895
1 0.3180987202925046 0.37582236842105265 0.03016453382084095 0.023848684210526317
1 0.6489945155393053 0.3540296052631579 0.024680073126142597 0.02055921052631579
1 0.2979890310786106 0.3754111842105263 0.03016453382084095 0.03042763157894737
1 0.08912248628884827 0.2993421052631579 0.025594149908592323 0.022203947368421052
1 0.34095063985374774 0.20476973684210525 0.0283363802559415 0.024671052631578948
1 0.6430530164533821 0.30057565789473684 0.02102376599634369 0.018092105263157895
1 0.7020109689213894 0.33429276315789475 0.025594149908592323 0.02055921052631579
1 0.909963436928702 0.5953947368421053 0.038391224862888484 0.03536184210526316
1 0.008226691042047532 0.11266447368421052 0.016453382084095063 0.027138157894736843
1 0.6609963436928702 0.34292763157894735 0.021937842778793418 0.02138157894736842
0 0.1343692870201097 0.12541118421052633 0.031078610603290677 0.02631578947368421
0 0.0690127970749543 0.30550986842105265 0.024680073126142597 0.022203947368421052
0 0.08318098720292505 0.09004934210526316 0.022851919561243144 0.018914473684210526
