0 0.7481718464351006 0.6883223684210527 0.021937842778793418 0.017269736842105265
1 0.6275137111517367 0.3458059210526316 0.0356489945155393 0.03453947368421053
1 0.856489945155393 0.34786184210526316 0.02376599634369287 0.019736842105263157
1 0.9021937842778793 0.4449013157894737 0.026508226691042046 0.023848684210526317
1 0.9401279707495429 0.26192434210526316 0.0356489945155393 0.033717105263157895
1 0.5502742230347349 0.6689967105263158 0.029250457038391225 0.02549342105263158
0 0.8637385740402194 0.37657894736842107 0.015850091407678246 0.01609375
1 0.8779707495429616 0.3638980263157895 0.02376599634369287 0.02055921052631579
1 0.9821755027422303 0.36348684210526316 0.031078610603290677 0.027960526315789474
1 0.7477148080438757 0.703125 0.027422303473491772 0.02055921052631579
1 0.8350091407678245 0.3548519736842105 0.024680073126142597 0.022203947368421052
1 0.5722120658135283 0.22615131578947367 0.03930530164533821 0.03782894736842105
1 0.2536563071297989 0.36101973684210525 0.02376599634369287 0.02138157894736842
1 0.926873857404022 0.45805921052631576 0.03016453382084095 0.02631578947368421
1 0.2477148080438757 0.46504934210526316 0.027422303473491772 0.02631578947368421
1 0.48080438756855576 0.7162828947368421 0.024680073126142597 0.02055921052631579
1 0.49177330895795246 0.7360197368421053 0.0356489945155393 0.029605263157894735
1 0.23446069469835465 0.4745065789473684 0.029250457038391225 0.02631578947368421
1 0.30575868372943327 0.5571546052631579 0.029250457038391225 0.02631578947368421
1 0.7527422303473492 0.6735197368421053 0.02010968921389397 0.01644736842105263
1 0.7129798903107861 0.6953125 0.027422303473491772 0.023026315789473683
1 0.46617915904936014 0.3495065789473684 0.019195612431444242 0.018914473684210526
0 0.9926873857404022 0.3449835526315789 0.014625228519195612 0.02138157894736842
1 0.9323583180987203 0.4350328947368421 0.029250457038391225 0.023848684210526317
1 0.7509140767824497 0.5148026315789473 0.022851919561243144 0.023026315789473683
1 0.529707495429616 0.6768092105263158 0.02010968921389397 0.01644736842105263
