1 0.5858333333333333 0.6650412603150788 0.051666666666666666 0.04351087771942986
1 0.5520833333333334 0.21567891972993247 0.04583333333333333 0.03600900225056264
1 0.7658333333333334 0.5907726931732933 0.058333333333333334 0.042010502625656414
1 0.30125 0.1916729182295574 0.04 0.03600900225056264
1 0.41083333333333333 0.30007501875468867 0.04 0.03825956489122281
1 0.9825 0.3454613653413353 0.035 0.04126031507876969
1 0.7854166666666667 0.5630157539384846 0.05583333333333333 0.046511627906976744
1 0.44333333333333336 0.3207051762940735 0.043333333333333335 0.030007501875468866
1 0.17041666666666666 0.8338334583645911 0.04666666666666667 0.033008252063015754
1 0.9241666666666667 0.9906226556639159 0.0375 0.018754688672168042
1 0.8616666666666667 0.2243060765191298 0.03916666666666667 0.033008252063015754
1 0.9395833333333333 0.39497374343585895 0.04416666666666667 0.03825956489122281
1 0.5970833333333333 0.19617404351087772 0.034166666666666665 0.03150787696924231
1 0.4579166666666667 0.29519879969992496 0.03916666666666667 0.03600900225056264
1 0.6412083333333334 0.220847711927982 0.03235833333333333 0.022708177044261067
1 0.6194666666666667 0.2057914478619655 0.022324999999999998 0.022715678919729934
1 0.6475 0.19692423105776444 0.035833333333333335 0.03225806451612903
1 0.5383333333333333 0.24456114028507125 0.035833333333333335 0.03375843960990248
0 0.7154166666666667 0.6121530382595649 0.034166666666666665 0.03150787696924231
1 0.9708333333333333 0.38822205551387845 0.03666666666666667 0.037509377344336084
1 0.6020833333333333 0.22580645161290322 0.035 0.03075768942235559
1 0.3333333333333333 0.17404351087771944 0.034166666666666665 0.03225806451612903
1 0.36375 0.16879219804951237 0.0425 0.033008252063015754
0 0.034166666666666665 0.09414853713428357 0.02666666666666667 0.02175543885971493
0 0.3329166666666667 0.1984246061515379 0.030833333333333334 0.024006001500375095
1 0.9408333333333333 0.056639159789947484 0.02666666666666667 0.023255813953488372
1 0.83875 0.24268567141785446 0.035 0.030007501875468866
1 0.8875 0.4317329332333083 0.03916666666666667 0.03375843960990248
1 0.6441666666666667 0.9801200300075019 0.0325 0.02625656414103526
1 0.3516666666666667 0.2794448612153038 0.045 0.035258814703675916
1 0.5654166666666667 0.24006001500375093 0.02666666666666667 0.028507126781695424
1 0.028333333333333332 0.12715678919729934 0.024166666666666666 0.019504876219054765
1 0.36125 0.1474118529632408 0.035833333333333335 0.02250562640660165
1 0.9670833333333333 0.4377344336084021 0.03166666666666667 0.028507126781695424
1 0.9204166666666667 0.15603900975243812 0.03 0.02625656414103526
1 0.8858333333333334 0.24006001500375093 0.034166666666666665 0.03225806451612903
1 0.3925 0.14966241560390098 0.0325 0.030007501875468866
1 0.6775 0.5757689422355589 0.041666666666666664 0.03975993998499625
0 0.02375 0.012378094523630907 0.02666666666666667 0.020255063765941484
1 0.04791666666666667 0.12190547636909227 0.015833333333333335 0.014253563390847712
1 0.95 0.4264816204051013 0.028333333333333332 0.03075768942235559
0 0.45416666666666666 0.8135783945986497 0.028333333333333332 0.02175543885971493
1 0.47791666666666666 0.30682670667666917 0.0325 0.037509377344336084
1 0.87625 0.9606151537884471 0.03333333333333333 0.03150787696924231
0 0.7 0.02250562640660165 0.03166666666666667 0.0277569392348087
0 0.18 0.8147036759189797 0.03166666666666667 0.025506376594148537
1 0.445 0.794073518379595 0.029166666666666667 0.02175543885971493
1 0.65375 0.9943735933983496 0.030833333333333334 0.011252813203300824
1 0.6895833333333333 0.626781695423856 0.03166666666666667 0.028507126781695424
0 0.6083333333333333 0.40097524381095273 0.02666666666666667 0.023255813953488372
1 0.5054166666666666 0.3252063015753939 0.034166666666666665 0.033008252063015754
0 0.42875 0.7408102025506377 0.021666666666666667 0.021005251312828207
0 0.08368333333333333 0.15895723930982744 0.02998333333333333 0.019077269317329334
0 0.057541666666666665 0.16054013503375844 0.02225 0.024351087771942986
0 0.07243333333333334 0.13828207051762942 0.03560833333333333 0.024141035258814704
1 0.31758333333333333 0.2980270067516879 0.030075000000000005 0.020742685671417852
0 0.6313083333333334 0.3961665416354089 0.030399999999999996 0.023900975243810952
1 0.5645083333333333 0.3247561890472618 0.047924999999999995 0.03774193548387097
1 0.6249 0.1850112528132033 0.031525 0.017299324831207802
0 0.5879333333333333 0.7130907726931732 0.02785 0.022213053263315827
0 0.4338666666666667 0.8194748687171792 0.0253 0.017336834208552136
1 0.6170666666666667 0.6854538634658665 0.023450000000000002 0.03074268567141785
1 0.5776 0.6936534133533383 0.02655 0.02417854463615904
1 0.9283 0.9758139534883721 0.033633333333333335 0.021732933233308327
0 0.945975 0.9851462865716429 0.0179 0.019249812453113278
0 0.895 0.9951237809452363 0.024241666666666665 0.009759939984996248
0 0.9029166666666667 0.9857014253563391 0.024749999999999998 0.016669167291822953
1 0.9707333333333334 0.41339084771192797 0.02584166666666667 0.024081020255063767
1 0.6667 0.031800450112528134 0.024991666666666666 0.03644411102775694
0 0.4464916666666666 0.2682370592648162 0.03805 0.023615903975993998
0 0.31171666666666664 0.1647111777944486 0.0315 0.024598649662415602
