0 0.010833333333333334 0.26106526631657917 0.021666666666666667 0.019504876219054765
1 0.58125 0.4474868717179295 0.0575 0.04426106526631658
1 0.87125 0.3945986496624156 0.051666666666666666 0.04426106526631658
1 0.6204166666666666 0.3207051762940735 0.049166666666666664 0.04351087771942986
1 0.9491666666666667 0.3480870217554389 0.06 0.051762940735183796
1 0.78375 0.4204801200300075 0.0475 0.04276069017254314
1 0.3754166666666667 0.5993998499624906 0.04833333333333333 0.047261815453863466
1 0.5070833333333333 0.8795948987246812 0.043333333333333335 0.03600900225056264
1 0.9379166666666666 0.3057014253563391 0.06333333333333334 0.037509377344336084
1 0.6520833333333333 0.28507126781695424 0.05333333333333334 0.05101275318829707
1 0.15125 0.007126781695423856 0.025833333333333333 0.014253563390847712
1 0.17041666666666666 0.007126781695423856 0.020833333333333332 0.014253563390847712
0 0.8158333333333333 0.4418604651162791 0.034166666666666665 0.033008252063015754
1 0.5375 0.5090022505626407 0.04666666666666667 0.042010502625656414
1 0.19 0.22693173293323332 0.0325 0.03150787696924231
1 0.16708333333333333 0.17704426106526633 0.0375 0.029257314328582147
1 0.21791666666666668 0.20742685671417854 0.035833333333333335 0.03375843960990248
1 0.09833333333333333 0.1072768192048012 0.018333333333333333 0.0172543135783946
1 0.9020833333333333 0.08064516129032258 0.043333333333333335 0.03600900225056264
1 0.6925 0.5033758439609902 0.0475 0.03900975243810953
1 0.82 0.3402100525131283 0.04666666666666667 0.04576144036009002
1 0.07833333333333334 0.10390097524381095 0.019166666666666665 0.0172543135783946
1 0.36333333333333334 0.350337584396099 0.04 0.0345086271567892
0 0.02875 0.2385596399099775 0.020833333333333332 0.01800450112528132
1 0.8625 0.08214553638409602 0.0425 0.0450112528132033
1 0.24458333333333335 0.846211552888222 0.04416666666666667 0.04051012753188297
1 0.4091666666666667 0.4827456864216054 0.05583333333333333 0.04051012753188297
0 0.030416666666666668 0.2888222055513878 0.025833333333333333 0.019504876219054765
1 0.05708333333333333 0.27344336084021004 0.03833333333333333 0.03975993998499625
0 0.7266666666666667 0.48424606151537886 0.0475 0.0345086271567892
1 0.3729166666666667 0.3162040510127532 0.04 0.030007501875468866
0 0.8495833333333334 0.4347336834208552 0.043333333333333335 0.04426106526631658
1 0.9266666666666666 0.07426856714178545 0.03 0.037509377344336084
0 0.5233333333333333 0.390847711927982 0.0225 0.020255063765941484
1 0.1525 0.20367591897974494 0.03 0.02700675168792198
1 0.1325 0.17104276069017255 0.03 0.0277569392348087
0 0.049166666666666664 0.22243060765191297 0.0275 0.02175543885971493
1 0.16583333333333333 0.21867966991747936 0.025 0.025506376594148537
1 0.565 0.4778694673668417 0.0475 0.035258814703675916
0 0.67 0.4279819954988747 0.04083333333333333 0.033008252063015754
0 0.7108333333333333 0.43698424606151537 0.035 0.030007501875468866
1 0.94875 0.03600900225056264 0.020833333333333332 0.0172543135783946
1 0.80375 0.4602400600150037 0.05416666666666667 0.0345086271567892
0 0.7283333333333334 0.45461365341335336 0.03666666666666667 0.03225806451612903
1 0.3975 0.9602400600150037 0.049166666666666664 0.04426106526631658
1 0.9195833333333333 0.4118529632408102 0.045 0.037509377344336084
1 0.4041666666666667 0.3934733683420855 0.03333333333333333 0.03150787696924231
1 0.915 0.35671417854463616 0.04583333333333333 0.04951237809452363
1 0.0875 0.36459114778694673 0.0175 0.015003750937734433
0 0.7575 0.463615903975994 0.029166666666666667 0.028507126781695424
1 0.12916666666666668 0.14591147786946737 0.0275 0.024756189047261814
1 0.5754166666666667 0.2933233308327082 0.049166666666666664 0.04276069017254314
1 0.007916666666666667 0.058514628657164294 0.014166666666666666 0.016504126031507877
1 0.5041666666666667 0.8480870217554388 0.04 0.029257314328582147
1 0.21541666666666667 0.23518379594898725 0.023333333333333334 0.024006001500375095
1 0.16333333333333333 0.13540885221305327 0.0375 0.023255813953488372
0 0.18958333333333333 0.20255063765941486 0.0275 0.021005251312828207
1 0.57875 0.16879219804951237 0.04 0.033008252063015754
1 0.9595833333333333 0.02663165791447862 0.018333333333333333 0.014253563390847712
0 0.195 0.17291822955738934 0.024166666666666666 0.025506376594148537
1 0.09083333333333334 0.09302325581395349 0.016666666666666666 0.016504126031507877
0 0.1625 0.15153788447111777 0.025 0.021005251312828207
1 0.33625 0.3915978994748687 0.035 0.023255813953488372
0 0.74375 0.4392348087021755 0.03166666666666667 0.024756189047261814
1 0.9045833333333333 0.12490622655663916 0.02666666666666667 0.02625656414103526
0 0.6258333333333334 0.2659414853713428 0.0375 0.02700675168792198
1 0.9670833333333333 0.03900975243810953 0.021666666666666667 0.01800450112528132
1 0.17208333333333334 0.021005251312828207 0.019166666666666665 0.015003750937734433
1 0.86 0.3612153038259565 0.0425 0.033008252063015754
0 0.50625 0.38747186796699173 0.0225 0.023255813953488372
1 0.9858333333333333 0.3495873968492123 0.0275 0.04051012753188297
1 0.91375 0.145536384096024 0.02666666666666667 0.0277569392348087
0 0.0475 0.24118529632408103 0.021666666666666667 0.021005251312828207
1 0.14083333333333334 0.015378844711177795 0.019166666666666665 0.0172543135783946
1 0.11208333333333333 0.11327831957989497 0.016666666666666666 0.015003750937734433
1 0.019166666666666665 0.22543135783945986 0.034166666666666665 0.028507126781695424
1 0.15458333333333332 0.019129782445611403 0.019166666666666665 0.016504126031507877
1 0.17208333333333334 0.2423105776444111 0.0325 0.020255063765941484
0 0.6716666666666666 0.45836459114778694 0.0375 0.03150787696924231
1 0.14416666666666667 0.22843210802700675 0.024166666666666666 0.02625656414103526
0 0.46125 0.3743435858964741 0.04 0.030007501875468866
1 0.64125 0.06526631657914479 0.0175 0.015003750937734433
1 0.5291666666666667 0.3758439609902476 0.0325 0.02175543885971493
0 0.03125 0.2614403600900225 0.025 0.02250562640660165
0 0.6083333333333333 0.28582145536384096 0.030833333333333334 0.03150787696924231
1 0.6645833333333333 0.08289572393098274 0.018333333333333333 0.014253563390847712
1 0.8929166666666667 0.060765191297824456 0.03833333333333333 0.019504876219054765
1 0.10375 0.3570892723180795 0.019166666666666665 0.014253563390847712
0 0.47708333333333336 0.9692423105776444 0.0275 0.02250562640660165
1 0.37295833333333334 0.4022205551387847 0.044083333333333335 0.01402100525131283
1 0.09166666666666666 0.3563390847711928 0.0175 0.015003750937734433
1 0.33625 0.3184546136534134 0.025833333333333333 0.024006001500375095
1 0.7166666666666667 0.13878469617404351 0.0225 0.01800450112528132
1 0.06458333333333334 0.35933983495873967 0.018333333333333333 0.015753938484621154
1 0.70625 0.12603150787696923 0.0175 0.015753938484621154
1 0.2525 0.8743435858964741 0.03166666666666667 0.021005251312828207
1 0.8916666666666667 0.15153788447111777 0.0275 0.028507126781695424
1 0.94125 0.0277569392348087 0.02 0.0172543135783946
1 0.04 0.3642160540135034 0.018333333333333333 0.016504126031507877
1 0.07625 0.3507126781695424 0.015833333333333335 0.015003750937734433
1 0.10958333333333334 0.34508627156789196 0.016666666666666666 0.01350337584396099
1 0.10708333333333334 0.09452363090772693 0.018333333333333333 0.016504126031507877
1 0.40458333333333335 0.3207051762940735 0.035833333333333335 0.03375843960990248
1 0.655 0.072768192048012 0.016666666666666666 0.014253563390847712
0 0.7154166666666667 0.4486121530382596 0.045 0.04126031507876969
1 0.9233333333333333 0.10652663165791448 0.029166666666666667 0.02250562640660165
1 0.7129166666666666 0.29182295573893474 0.03 0.02700675168792198
0 0.41300833333333337 0.8455438859714928 0.026799999999999997 0.033473368342085516
1 0.3873583333333333 0.8338184546136534 0.03428333333333333 0.023255813953488372
1 0.477 0.8625656414103525 0.03453333333333333 0.03021755438859715
1 0.21095 0.8555888972243061 0.04085833333333334 0.02108027006751688
0 0.21281666666666665 0.837006751687922 0.03925833333333333 0.023615903975993998
0 0.3211583333333333 0.6716354088522131 0.03415 0.027224306076519128
1 0.37553333333333333 0.38906976744186045 0.03200833333333333 0.021365341335333833
