1 0.7691956124314442 0.6615953947368421 0.0283363802559415 0.027960526315789474
1 0.48171846435100546 0.19736842105263158 0.0283363802559415 0.02631578947368421
1 0.8825411334552102 0.18667763157894737 0.033820840950639856 0.029605263157894735
1 0.6695612431444241 0.37417763157894735 0.0283363802559415 0.02549342105263158
1 0.7207495429616088 0.671875 0.031078610603290677 0.027138157894736843
1 0.4657221206581353 0.25616776315789475 0.027422303473491772 0.023848684210526317
1 0.7344606946983546 0.6944901315789473 0.03656307129798903 0.03125
1 0.649908592321755 0.3926809210526316 0.033820840950639856 0.02549342105263158
0 0.6476234003656307 0.36800986842105265 0.022851919561243144 0.019736842105263157
1 0.7545703839122486 0.680921052631579 0.03016453382084095 0.022203947368421052
1 0.9844606946983546 0.2956414473684211 0.02376599634369287 0.02138157894736842
1 0.276508226691042 0.39761513157894735 0.0283363802559415 0.02549342105263158
1 0.23857404021937842 0.04070723684210526 0.025594149908592323 0.023848684210526317
1 0.27285191956124316 0.2870065789473684 0.031078610603290677 0.02549342105263158
1 0.30255941499085925 0.37582236842105265 0.021937842778793418 0.018092105263157895
1 0.4913162705667276 0.2578125 0.03016453382084095 0.027138157894736843
1 0.9940585009140768 0.30838815789473684 0.011882998171846435 0.024671052631578948
1 0.6704753199268738 0.5135690789473685 0.033820840950639856 0.027960526315789474
1 0.7449725776965265 0.6595394736842105 0.027422303473491772 0.02549342105263158
1 0.02010968921389397 0.23601973684210525 0.03930530164533821 0.03289473684210526
1 0.20795246800731262 0.039884868421052634 0.029250457038391225 0.028782894736842105
1 0.15950639853747714 0.2109375 0.021937842778793418 0.023848684210526317
1 0.8039305301645339 0.3774671052631579 0.03473491773308958 0.028782894736842105
1 0.4986288848263254 0.2824835526315789 0.024680073126142597 0.02055921052631579
1 0.13619744058500913 0.2138157894736842 0.02010968921389397 0.017269736842105265
1 0.5223948811700183 0.24794407894736842 0.03016453382084095 0.023848684210526317
1 0.6869287020109689 0.5217927631578947 0.027422303473491772 0.023026315789473683
1 0.32861060329067643 0.36554276315789475 0.018281535648994516 0.014802631578947368
1 0.6389396709323584 0.35567434210526316 0.02102376599634369 0.01644736842105263
1 0.20109689213893966 0.3059210526315789 0.025594149908592323 0.019736842105263157
0 0.6910420475319927 0.4954769736842105 0.02376599634369287 0.02055921052631579
