1 0.22851919561243145 0.5727796052631579 0.043875685557586835 0.03453947368421053
1 0.6325411334552102 0.7820723684210527 0.0283363802559415 0.02631578947368421
1 0.08912248628884827 0.5892269736842105 0.0356489945155393 0.033717105263157895
1 0.48857404021937845 0.22245065789473684 0.0283363802559415 0.023848684210526317
1 0.2851919561243144 0.5505756578947368 0.04570383912248629 0.038651315789473686
1 0.055758683729433274 0.28536184210526316 0.027422303473491772 0.023848684210526317
1 0.5914076782449725 0.891858552631579 0.04113345521023766 0.03536184210526316
1 0.6595063985374772 0.546875 0.037477148080438755 0.03289473684210526
0 0.6823583180987203 0.4901315789473684 0.026508226691042046 0.023026315789473683
1 0.6572212065813529 0.10320723684210527 0.0283363802559415 0.027138157894736843
0 0.028793418647166363 0.59375 0.03473491773308958 0.028782894736842105
1 0.6713893967093236 0.19695723684210525 0.022851919561243144 0.019736842105263157
1 0.2230347349177331 0.6196546052631579 0.027422303473491772 0.024671052631578948
0 0.6855575868372943 0.8297697368421053 0.04204753199268738 0.03782894736842105
1 0.5553016453382084 0.6990131578947368 0.03016453382084095 0.028782894736842105
1 0.30210237659963435 0.4987664473684211 0.04021937842778794 0.03536184210526316
0 0.5013711151736746 0.2060032894736842 0.022851919561243144 0.02138157894736842
1 0.5516453382084096 0.31414473684210525 0.031992687385740404 0.03042763157894737
1 0.7723948811700183 0.7298519736842105 0.029250457038391225 0.02631578947368421
1 0.6896709323583181 0.19860197368421054 0.02010968921389397 0.019736842105263157
1 0.4757769652650823 0.9325657894736842 0.03290676416819013 0.027138157894736843
1 0.36608775137111516 0.7524671052631579 0.024680073126142597 0.023026315789473683
1 0.14853747714808044 0.3495065789473684 0.026508226691042046 0.023026315789473683
1 0.41910420475319926 0.5982730263157895 0.031078610603290677 0.027960526315789474
0 0.34963436928702013 0.6196546052631579 0.024680073126142597 0.022203947368421052
1 0.7769652650822669 0.3092105263157895 0.024680073126142597 0.01644736842105263
1 0.31855575868372943 0.5308388157894737 0.03930530164533821 0.04029605263157895
1 0.5356489945155393 0.42557565789473684 0.03473491773308958 0.03125
1 0.018281535648994516 0.10444078947368421 0.018281535648994516 0.015625
1 0.6224862888482633 0.14103618421052633 0.027422303473491772 0.02549342105263158
1 0.19926873857404023 0.623766447368421 0.0283363802559415 0.027138157894736843
0 0.05712979890310786 0.5842927631578947 0.031992687385740404 0.029605263157894735
1 0.5978062157221207 0.02631578947368421 0.031078610603290677 0.024671052631578948
1 0.8916819012797075 0.8992598684210527 0.0356489945155393 0.03042763157894737
1 0.9319012797074955 0.1513157894736842 0.0283363802559415 0.02631578947368421
1 0.34963436928702013 0.21340460526315788 0.03016453382084095 0.024671052631578948
0 0.723491773308958 0.4621710526315789 0.025594149908592323 0.02055921052631579
1 0.793418647166362 0.7286184210526315 0.026508226691042046 0.03042763157894737
1 0.3162705667276051 0.2294407894736842 0.03290676416819013 0.024671052631578948
1 0.466636197440585 0.5801809210526315 0.03016453382084095 0.027960526315789474
1 0.5050274223034735 0.43050986842105265 0.033820840950639856 0.03289473684210526
1 0.6558500914076782 0.30633223684210525 0.025594149908592323 0.02055921052631579
1 0.016453382084095063 0.0884046052631579 0.018281535648994516 0.015625
1 0.39716636197440586 0.740953947368421 0.025594149908592323 0.02138157894736842
1 0.38848263254113347 0.7578125 0.026508226691042046 0.023848684210526317
1 0.32449725776965266 0.009457236842105263 0.03290676416819013 0.018914473684210526
1 0.1613345521023766 0.5958059210526315 0.031078610603290677 0.027138157894736843
1 0.44515539305301643 0.9263980263157895 0.03656307129798903 0.033717105263157895
1 0.5251371115173674 0.20394736842105263 0.026508226691042046 0.027138157894736843
1 0.44149908592321757 0.4296875 0.031992687385740404 0.027138157894736843
0 0.1503656307129799 0.6307565789473685 0.026508226691042046 0.023848684210526317
1 0.6160877513711152 0.5226151315789473 0.03473491773308958 0.032072368421052634
1 0.7321755027422303 0.7405427631578947 0.03016453382084095 0.028782894736842105
1 0.35146252285191953 0.3618421052631579 0.027422303473491772 0.028782894736842105
1 0.03976234003656307 0.39432565789473684 0.031078610603290677 0.027138157894736843
1 0.3852833638025594 0.5180921052631579 0.03016453382084095 0.027960526315789474
1 0.48720292504570384 0.9827302631578947 0.0356489945155393 0.032072368421052634
0 0.015082266910420476 0.6147203947368421 0.029250457038391225 0.02549342105263158
1 0.06078610603290677 0.4621710526315789 0.0356489945155393 0.032072368421052634
0 0.4273308957952468 0.6677631578947368 0.02376599634369287 0.02055921052631579
1 0.893510054844607 0.15830592105263158 0.02102376599634369 0.02055921052631579
1 0.41773308957952465 0.4194078947368421 0.03016453382084095 0.032072368421052634
1 0.6837294332723949 0.02837171052631579 0.026508226691042046 0.022203947368421052
1 0.5260511882998172 0.4847861842105263 0.024680073126142597 0.022203947368421052
1 0.9634369287020109 0.24876644736842105 0.029250457038391225 0.022203947368421052
1 0.6809872029250457 0.3832236842105263 0.027422303473491772 0.024671052631578948
1 0.579981718464351 0.3256578947368421 0.038391224862888484 0.03782894736842105
1 0.3697440585009141 0.5970394736842105 0.024680073126142597 0.023848684210526317
1 0.5095978062157221 0.9794407894736842 0.03290676416819013 0.03700657894736842
1 0.4670932358318099 0.9814967105263158 0.029250457038391225 0.03125
1 0.6755027422303473 0.8552631578947368 0.03930530164533821 0.032072368421052634
0 0.16819012797074953 0.6163651315789473 0.026508226691042046 0.022203947368421052
0 0.3670018281535649 0.6673519736842105 0.0283363802559415 0.023848684210526317
1 0.48720292504570384 0.5666118421052632 0.031078610603290677 0.03042763157894737
1 0.3030164533820841 0.8055098684210527 0.024680073126142597 0.02055921052631579
1 0.696526508226691 0.10238486842105263 0.025594149908592323 0.02631578947368421
0 0.7074954296160878 0.8133223684210527 0.0356489945155393 0.03125
1 0.5927787934186471 0.5234375 0.029250457038391225 0.03125
1 0.15585009140767825 0.27055921052631576 0.024680073126142597 0.019736842105263157
1 0.273308957952468 0.5185032894736842 0.04113345521023766 0.03700657894736842
1 0.1316270566727605 0.6023848684210527 0.027422303473491772 0.024671052631578948
1 0.4990859232175503 0.48149671052631576 0.02376599634369287 0.02055921052631579
1 0.576782449725777 0.5028782894736842 0.03290676416819013 0.02631578947368421
1 0.025137111517367458 0.5139802631578947 0.029250457038391225 0.03289473684210526
1 0.34277879341864714 0.2578125 0.026508226691042046 0.02138157894736842
1 0.36654478976234006 0.22738486842105263 0.02102376599634369 0.023848684210526317
1 0.37477148080438755 0.7701480263157895 0.026508226691042046 0.02055921052631579
0 0.0370201096892139 0.8478618421052632 0.025594149908592323 0.02138157894736842
0 0.2870201096892139 0.6398026315789473 0.0283363802559415 0.022203947368421052
1 0.17595978062157222 0.6344572368421053 0.026508226691042046 0.024671052631578948
1 0.4670932358318099 0.4206414473684211 0.025594149908592323 0.02549342105263158
0 0.24177330895795246 0.6632401315789473 0.022851919561243144 0.02055921052631579
1 0.7893053016453382 0.32319078947368424 0.022851919561243144 0.018914473684210526
1 0.8674588665447898 0.8433388157894737 0.0283363802559415 0.022203947368421052
1 0.3587751371115174 0.006167763157894737 0.031078610603290677 0.012335526315789474
1 0.07175502742230347 0.6126644736842105 0.027422303473491772 0.028782894736842105
1 0.44515539305301643 0.40707236842105265 0.027422303473491772 0.024671052631578948
1 0.7545703839122486 0.33100328947368424 0.022851919561243144 0.02138157894736842
1 0.006855575868372943 0.15008223684210525 0.013711151736745886 0.027960526315789474
0 0.909963436928702 0.6476151315789473 0.02102376599634369 0.018914473684210526
1 0.40722120658135286 0.40254934210526316 0.031078610603290677 0.02549342105263158
1 0.47943327239488115 0.9527138157894737 0.0283363802559415 0.024671052631578948
0 0.7595978062157221 0.506578947368421 0.018281535648994516 0.018092105263157895
1 0.07541133455210237 0.390625 0.02376599634369287 0.017269736842105265
1 0.8276965265082267 0.328125 0.02376599634369287 0.01644736842105263
1 0.45749542961608775 0.3972039473684211 0.02376599634369287 0.023848684210526317
0 0.6787020109689214 0.09046052631578948 0.027422303473491772 0.023848684210526317
0 0.5077696526508226 0.24794407894736842 0.02010968921389397 0.017269736842105265
0 0.6339122486288848 0.09292763157894737 0.022851919561243144 0.017269736842105265
1 0.726691042047532 0.4819078947368421 0.025594149908592323 0.02549342105263158
1 0.25594149908592323 0.10197368421052631 0.029250457038391225 0.02631578947368421
1 0.24542961608775138 0.530016447368421 0.026508226691042046 0.02631578947368421
0 0.1256855575868373 0.623766447368421 0.024680073126142597 0.02138157894736842
1 0.5658135283363802 0.18297697368421054 0.021937842778793418 0.018092105263157895
1 0.673217550274223 0.4720394736842105 0.024680073126142597 0.022203947368421052
0 0.7527422303473492 0.49300986842105265 0.019195612431444242 0.015625
1 0.9428702010968921 0.2590460526315789 0.016453382084095063 0.02055921052631579
1 0.4945155393053016 0.19490131578947367 0.031078610603290677 0.02138157894736842
0 0.3080438756855576 0.6726973684210527 0.02102376599634369 0.02138157894736842
1 0.7600548446069469 0.7442434210526315 0.031078610603290677 0.023848684210526317
1 0.8519195612431444 0.977796052631579 0.04021937842778794 0.033717105263157895
0 0.08135283363802559 0.039884868421052634 0.016453382084095063 0.015625
0 0.25045703839122485 0.8766447368421053 0.025594149908592323 0.023026315789473683
1 0.2856489945155393 0.8145559210526315 0.019195612431444242 0.017269736842105265
1 0.7390310786106032 0.7191611842105263 0.029250457038391225 0.02549342105263158
0 0.5452468007312614 0.36430921052631576 0.0283363802559415 0.02138157894736842
1 0.350091407678245 0.5933388157894737 0.02102376599634369 0.02138157894736842
1 0.33089579524680074 0.2450657894736842 0.021937842778793418 0.019736842105263157
1 0.02696526508226691 0.11636513157894737 0.019195612431444242 0.01644736842105263
0 0.10694698354661791 0.6101973684210527 0.0283363802559415 0.023026315789473683
1 0.07586837294332724 0.5485197368421053 0.024680073126142597 0.018092105263157895
1 0.273308957952468 0.8926809210526315 0.029250457038391225 0.02631578947368421
1 0.018738574040219377 0.16241776315789475 0.022851919561243144 0.02055921052631579
1 0.8656307129798904 0.859375 0.029250457038391225 0.019736842105263157
1 0.4606946983546618 0.9568256578947368 0.026508226691042046 0.027138157894736843
0 0.047074954296160876 0.6097861842105263 0.029250457038391225 0.024671052631578948
0 0.6485374771480804 0.8174342105263158 0.037477148080438755 0.029605263157894735
0 0.10329067641681901 0.6332236842105263 0.026508226691042046 0.023026315789473683
0 0.6540219378427788 0.057154605263157895 0.025594149908592323 0.02138157894736842
1 0.07312614259597806 0.2989309210526316 0.018281535648994516 0.018092105263157895
0 0.3075868372943327 0.6546052631578947 0.022851919561243144 0.02055921052631579
1 0.06672760511882998 0.40213815789473684 0.018281535648994516 0.015625
1 0.903107861060329 0.6295230263157895 0.022851919561243144 0.017269736842105265
1 0.007312614259597806 0.5094572368421053 0.013711151736745886 0.027138157894736843
1 0.4140767824497258 0.017269736842105265 0.025594149908592323 0.027960526315789474
1 0.054387568555758686 0.18421052631578946 0.021937842778793418 0.02055921052631579
0 0.07449725776965264 0.5674342105263158 0.03016453382084095 0.02138157894736842
1 0.37751371115173676 0.5995065789473685 0.026508226691042046 0.024671052631578948
0 0.5338208409506399 0.33182565789473684 0.025594149908592323 0.02138157894736842
1 0.8880255941499086 0.641858552631579 0.027422303473491772 0.022203947368421052
1 0.011425959780621572 0.4473684210526316 0.018281535648994516 0.018914473684210526
0 0.5786106032906764 0.6772203947368421 0.0283363802559415 0.024671052631578948
0 0.23994515539305303 0.7388980263157895 0.026508226691042046 0.02138157894736842
1 0.23994515539305303 0.062088815789473686 0.022851919561243144 0.023026315789473683
0 0.4876599634369287 0.4074835526315789 0.025594149908592323 0.02138157894736842
1 0.5109689213893968 0.49629934210526316 0.022851919561243144 0.02138157894736842
0 0.5502742230347349 0.3495065789473684 0.027422303473491772 0.023848684210526317
1 0.34506398537477145 0.524671052631579 0.024680073126142597 0.02549342105263158
0 0.4579524680073126 0.5592105263157895 0.021937842778793418 0.018092105263157895
1 0.027879341864716637 0.8667763157894737 0.027422303473491772 0.02549342105263158
1 0.3802559414990859 0.36019736842105265 0.03016453382084095 0.027960526315789474
1 0.33957952468007313 0.27179276315789475 0.0283363802559415 0.019736842105263157
0 0.2906764168190128 0.6677631578947368 0.021937842778793418 0.02055921052631579
0 0.48491773308957953 0.4995888157894737 0.022851919561243144 0.019736842105263157
1 0.3692870201096892 0.30879934210526316 0.027422303473491772 0.024671052631578948
1 0.0443327239488117 0.8297697368421053 0.021937842778793418 0.02055921052631579
0 0.31352833638025596 0.2676809210526316 0.02010968921389397 0.018092105263157895
1 0.2975319926873857 0.004523026315789474 0.027422303473491772 0.009046052631578948
0 0.32952468007312613 0.6541940789473685 0.02376599634369287 0.02055921052631579
0 0.007312614259597806 0.5941611842105263 0.014625228519195612 0.022203947368421052
1 0.8304387568555759 0.03741776315789474 0.03290676416819013 0.018092105263157895
0 0.5712979890310786 0.16159539473684212 0.021937842778793418 0.019736842105263157
1 0.6613345521023766 0.3277138157894737 0.024680073126142597 0.02055921052631579
1 0.5822669104204753 0.48519736842105265 0.02102376599634369 0.018092105263157895
0 0.8976234003656307 0.9925986842105263 0.0283363802559415 0.014802631578947368
0 0.25045703839122485 0.6426809210526315 0.026508226691042046 0.024671052631578948
1 0.009140767824497258 0.20764802631578946 0.013711151736745886 0.018092105263157895
0 0.03016453382084095 0.5703125 0.02102376599634369 0.018914473684210526
0 0.5644424131627057 0.5238486842105263 0.02376599634369287 0.022203947368421052
0 0.05850091407678245 0.8470394736842105 0.02102376599634369 0.02055921052631579
0 0.6215722120658135 0.7631578947368421 0.02102376599634369 0.02055921052631579
1 0.8925959780621572 0.6603618421052632 0.03016453382084095 0.023848684210526317
1 0.028793418647166363 0.44819078947368424 0.02010968921389397 0.02055921052631579
1 0.004570383912248629 0.45723684210526316 0.009140767824497258 0.018092105263157895
0 0.12522851919561243 0.015213815789473685 0.02010968921389397 0.018092105263157895
0 0.5246800731261426 0.3511513157894737 0.029250457038391225 0.024671052631578948
1 0.6425959780621572 0.29070723684210525 0.018281535648994516 0.015625
1 0.21663619744058502 0.6422697368421053 0.018281535648994516 0.018914473684210526
1 0.5178244972577697 0.31949013157894735 0.022851919561243144 0.01644736842105263
0 0.6092321755027422 0.04194078947368421 0.02102376599634369 0.017269736842105265
1 0.3679159049360146 0.6163651315789473 0.021937842778793418 0.022203947368421052
1 0.44972577696526506 0.40131578947368424 0.033820840950639856 0.029605263157894735
1 0.6617915904936015 0.2824835526315789 0.024680073126142597 0.018914473684210526
1 0.2216636197440585 0.5337171052631579 0.031078610603290677 0.027138157894736843
1 0.33455210237659966 0.6295230263157895 0.022851919561243144 0.02138157894736842
1 0.40219378427787933 0.02138157894736842 0.02376599634369287 0.024671052631578948
0 0.27787934186471663 0.6570723684210527 0.021937842778793418 0.02055921052631579
0 0.779707495429616 0.4161184210526316 0.022851919561243144 0.019736842105263157
0 0.6412248628884827 0.04276315789473684 0.019195612431444242 0.017269736842105265
0 0.35283363802559414 0.5082236842105263 0.02376599634369287 0.018092105263157895
1 0.06489945155393052 0.43338815789473684 0.024680073126142597 0.02138157894736842
1 0.31672760511882997 0.24671052631578946 0.021937842778793418 0.017269736842105265
0 0.2673674588665448 0.8125 0.02010968921389397 0.018914473684210526
0 0.5525594149908593 0.4823190789473684 0.025594149908592323 0.02138157894736842
1 0.363345521023766 0.265625 0.02102376599634369 0.02138157894736842
1 0.029707495429616086 0.18050986842105263 0.019195612431444242 0.01644736842105263
1 0.49314442413162707 0.23889802631578946 0.02102376599634369 0.015625
1 0.9821755027422303 0.37582236842105265 0.03016453382084095 0.027138157894736843
0 0.018281535648994516 0.1903782894736842 0.01736745886654479 0.015625
