1 0.019652650822669104 0.4037828947368421 0.038391224862888484 0.033717105263157895
1 0.09140767824497258 0.1455592105263158 0.033820840950639856 0.027138157894736843
1 0.13711151736745886 0.34745065789473684 0.033820840950639856 0.033717105263157895
1 0.1905850091407678 0.11266447368421052 0.03930530164533821 0.03618421052631579
1 0.643510054844607 0.1455592105263158 0.03473491773308958 0.03289473684210526
1 0.4945155393053016 0.4486019736842105 0.04021937842778794 0.033717105263157895
1 0.26188299817184646 0.06907894736842106 0.03473491773308958 0.023848684210526317
1 0.0370201096892139 0.42886513157894735 0.038391224862888484 0.03042763157894737
1 0.16453382084095064 0.34375 0.033820840950639856 0.03125
1 0.2202925045703839 0.12212171052631579 0.03290676416819013 0.02549342105263158
1 0.05393053016453382 0.3972039473684211 0.03656307129798903 0.03618421052631579
1 0.21937842778793418 0.09703947368421052 0.038391224862888484 0.028782894736842105
1 0.613345521023766 0.14185855263157895 0.033820840950639856 0.032072368421052634
1 0.4469835466179159 0.4473684210526316 0.03930530164533821 0.03618421052631579
1 0.41590493601462525 0.45148026315789475 0.04021937842778794 0.03700657894736842
1 0.05347349177330896 0.15995065789473684 0.021937842778793418 0.018092105263157895
1 0.019652650822669104 0.37993421052631576 0.033820840950639856 0.023848684210526317
0 0.260054844606947 0.09950657894736842 0.03016453382084095 0.02631578947368421
