1 0.8546617915904936 0.8277138157894737 0.033820840950639856 0.029605263157894735
1 0.9131627056672761 0.38774671052631576 0.0283363802559415 0.02631578947368421
1 0.8953382084095064 0.8704769736842105 0.03290676416819013 0.027960526315789474
0 0.8656307129798904 0.8770559210526315 0.0283363802559415 0.02549342105263158
1 0.8880255941499086 0.37993421052631576 0.031078610603290677 0.02549342105263158
0 0.976691042047532 0.5041118421052632 0.031078610603290677 0.027960526315789474
0 0.93327239488117 0.4231085526315789 0.029250457038391225 0.024671052631578948
0 0.8948811700182815 0.9103618421052632 0.021937842778793418 0.017269736842105265
0 0.9177330895795247 0.44243421052631576 0.031992687385740404 0.02549342105263158
1 0.9154478976234004 0.7520559210526315 0.03016453382084095 0.027960526315789474
0 0.8802559414990859 0.3951480263157895 0.031992687385740404 0.024671052631578948
0 0.9053930530164533 0.9239309210526315 0.02102376599634369 0.018914473684210526
1 0.8738574040219378 0.8540296052631579 0.031078610603290677 0.02549342105263158
0 0.909963436928702 0.7298519736842105 0.025594149908592323 0.02055921052631579
0 0.7244058500914077 0.7750822368421053 0.016453382084095063 0.015625
0 0.7806215722120659 0.8071546052631579 0.018281535648994516 0.014802631578947368
0 0.8843692870201096 0.8149671052631579 0.021937842778793418 0.017269736842105265
1 0.6523308957952468 0.6807894736842105 0.022285191956124314 0.019095394736842103
0 0.6654478976234004 0.6591282894736842 0.02376599634369287 0.022203947368421052
0 0.8496343692870201 0.8067434210526315 0.021937842778793418 0.015625
0 0.9643510054844607 0.8963815789473685 0.01736745886654479 0.01644736842105263
0 0.9035648994515539 0.7088815789473685 0.024680073126142597 0.02138157894736842
0 0.8893967093235832 0.4198190789473684 0.0283363802559415 0.027138157894736843
0 0.8519195612431444 0.8651315789473685 0.02102376599634369 0.018092105263157895
1 0.7428793418647167 0.7829358552631579 0.0213436928702011 0.017960526315789472
0 0.7385740402193784 0.7680921052631579 0.019195612431444242 0.015625
0 0.9117915904936015 0.4140625 0.02376599634369287 0.02138157894736842
0 0.36151736745886653 0.7586348684210527 0.018281535648994516 0.015625
1 0.9497257769652651 0.8947368421052632 0.01736745886654479 0.017269736842105265
0 0.8793418647166362 0.8355263157894737 0.022851919561243144 0.018092105263157895
0 0.9319012797074955 0.40131578947368424 0.022851919561243144 0.02138157894736842
1 0.916508226691042 0.6948108552631579 0.024552102376599633 0.02769736842105263
0 0.906636197440585 0.8926480263157895 0.023318098720292505 0.01390625
1 0.9283912248628885 0.8867434210526316 0.01436928702010969 0.014605263157894737
0 0.5674771480804388 0.5488733552631578 0.025383912248628883 0.01760690789473684
0 0.3529707495429616 0.7462253289473684 0.023720292504570382 0.02365953947368421
0 0.9493144424131627 0.4982565789473684 0.023811700182815358 0.02046875
