1 0.5109689213893968 0.22491776315789475 0.027422303473491772 0.018914473684210526
1 0.11060329067641682 0.9798519736842105 0.0356489945155393 0.028782894736842105
1 0.02010968921389397 0.8717105263157895 0.025594149908592323 0.02138157894736842
1 0.18418647166361973 0.10978618421052631 0.0356489945155393 0.027138157894736843
1 0.2897623400365631 0.7693256578947368 0.043875685557586835 0.03289473684210526
1 0.909963436928702 0.766858552631579 0.021937842778793418 0.018914473684210526
1 0.12522851919561243 0.3046875 0.024680073126142597 0.022203947368421052
1 0.443327239488117 0.6854440789473685 0.025594149908592323 0.02138157894736842
1 0.6023765996343693 0.6611842105263158 0.029250457038391225 0.022203947368421052
1 0.363345521023766 0.6842105263157895 0.0283363802559415 0.022203947368421052
1 0.5379341864716636 0.4029605263157895 0.021937842778793418 0.02055921052631579
1 0.16773308957952468 0.12870065789473684 0.029250457038391225 0.03042763157894737
0 0.051645338208409504 0.8696546052631579 0.025594149908592323 0.022203947368421052
1 0.3903107861060329 0.6175986842105263 0.02102376599634369 0.018092105263157895
1 0.5141681901279708 0.4292763157894737 0.024680073126142597 0.019736842105263157
1 0.43144424131627057 0.3770559210526316 0.03290676416819013 0.023026315789473683
1 0.24040219378427788 0.5674342105263158 0.024680073126142597 0.019736842105263157
1 0.1563071297989031 0.4017269736842105 0.026508226691042046 0.023026315789473683
1 0.7042961608775137 0.006167763157894737 0.03473491773308958 0.012335526315789474
1 0.7253199268738574 0.7323190789473685 0.02010968921389397 0.018092105263157895
1 0.193327239488117 0.13322368421052633 0.031078610603290677 0.02549342105263158
1 0.8560329067641682 0.5649671052631579 0.02102376599634369 0.018092105263157895
1 0.08318098720292505 0.3326480263157895 0.022851919561243144 0.02055921052631579
1 0.9913162705667276 0.18708881578947367 0.01736745886654479 0.02549342105263158
1 0.10603290676416818 0.31537828947368424 0.027422303473491772 0.022203947368421052
1 0.43007312614259596 0.6077302631578947 0.02102376599634369 0.014802631578947368
1 0.5740402193784278 0.4847861842105263 0.027422303473491772 0.02055921052631579
1 0.8482632541133455 0.2808388157894737 0.025594149908592323 0.02055921052631579
1 0.5018281535648994 0.23807565789473684 0.021937842778793418 0.01644736842105263
1 0.07952468007312614 0.7775493421052632 0.033820840950639856 0.023848684210526317
1 0.38848263254113347 0.13815789473684212 0.029250457038391225 0.029605263157894735
1 0.5671846435100548 0.33305921052631576 0.019195612431444242 0.01644736842105263
1 0.25411334552102377 0.5567434210526315 0.02376599634369287 0.017269736842105265
1 0.07861060329067641 0.9695723684210527 0.02376599634369287 0.02055921052631579
1 0.07221206581352833 0.3503289473684211 0.02376599634369287 0.02055921052631579
1 0.3546617915904936 0.47162828947368424 0.022851919561243144 0.01644736842105263
1 0.05210237659963437 0.759046052631579 0.022851919561243144 0.018092105263157895
1 0.0712979890310786 0.3092105263157895 0.022851919561243144 0.02055921052631579
1 0.5402193784277879 0.46710526315789475 0.021937842778793418 0.01644736842105263
1 0.09506398537477148 0.2989309210526316 0.02102376599634369 0.015625
1 0.28244972577696525 0.5945723684210527 0.01736745886654479 0.014802631578947368
1 0.8624314442413162 0.25616776315789475 0.02010968921389397 0.015625
1 0.45612431444241314 0.5057565789473685 0.021937842778793418 0.022203947368421052
1 0.0726691042047532 0.7594572368421053 0.02010968921389397 0.017269736842105265
1 0.3930530164533821 0.40707236842105265 0.02102376599634369 0.014802631578947368
1 0.8226691042047533 0.5999177631578947 0.02010968921389397 0.015625
1 0.27879341864716634 0.43256578947368424 0.019195612431444242 0.01644736842105263
0 0.2993601462522852 0.8824013157894737 0.027422303473491772 0.02138157894736842
1 0.5758683729433273 0.3671875 0.02376599634369287 0.019736842105263157
1 0.26828153564899454 0.6032072368421053 0.01736745886654479 0.014802631578947368
1 0.6951553930530164 0.6410361842105263 0.02376599634369287 0.018914473684210526
1 0.6572212065813529 0.0078125 0.037477148080438755 0.015625
1 0.24817184643510054 0.5382401315789473 0.022851919561243144 0.01644736842105263
1 0.43921389396709326 0.34786184210526316 0.018281535648994516 0.019736842105263157
0 0.10511882998171847 0.28495065789473684 0.02010968921389397 0.017269736842105265
1 0.43647166361974404 0.6266447368421053 0.021937842778793418 0.018092105263157895
1 0.39488117001828155 0.9568256578947368 0.025594149908592323 0.02055921052631579
1 0.853290676416819 0.2623355263157895 0.022851919561243144 0.018914473684210526
1 0.5676416819012797 0.3511513157894737 0.02102376599634369 0.01644736842105263
0 0.7024680073126143 0.049342105263157895 0.024680073126142597 0.02055921052631579
1 0.5813528336380256 0.4506578947368421 0.018281535648994516 0.013157894736842105
1 0.24862888482632542 0.5888157894736842 0.015539305301645339 0.013980263157894737
1 0.8377513711151737 0.5686677631578947 0.018281535648994516 0.01644736842105263
1 0.14351005484460694 0.38569078947368424 0.02010968921389397 0.01644736842105263
1 0.5251371115173674 0.39226973684210525 0.018281535648994516 0.014802631578947368
1 0.12431444241316271 0.27754934210526316 0.01736745886654479 0.013157894736842105
1 0.3148994515539305 0.40995065789473684 0.016453382084095063 0.013980263157894737
