1 0.8464351005484461 0.7619243421052632 0.029250457038391225 0.023026315789473683
1 0.7778793418647166 0.7524671052631579 0.033820840950639856 0.03042763157894737
1 0.21892138939670933 0.46792763157894735 0.026508226691042046 0.023026315789473683
1 0.773308957952468 0.8305921052631579 0.022851919561243144 0.019736842105263157
1 0.943327239488117 0.6554276315789473 0.01736745886654479 0.017269736842105265
1 0.7120658135283364 0.7323190789473685 0.029250457038391225 0.029605263157894735
1 0.8779707495429616 0.7964638157894737 0.0283363802559415 0.022203947368421052
1 0.7244058500914077 0.7705592105263158 0.03016453382084095 0.027960526315789474
1 0.7463436928702011 0.7261513157894737 0.0283363802559415 0.023848684210526317
1 0.770109689213894 0.7730263157894737 0.03290676416819013 0.022203947368421052
1 0.2595978062157221 0.9325657894736842 0.02010968921389397 0.02138157894736842
0 0.1736745886654479 0.8766447368421053 0.03473491773308958 0.029605263157894735
1 0.17321755027422303 0.876233552631579 0.03290676416819013 0.02631578947368421
