1 0.14541666666666667 0.945986496624156 0.05333333333333334 0.05251312828207052
1 0.9791666666666666 0.5213803450862715 0.0325 0.03225806451612903
1 0.3575 0.6714178544636159 0.03666666666666667 0.03375843960990248
1 0.6841666666666667 0.5731432858214554 0.0425 0.03975993998499625
1 0.09708333333333333 0.9748687171792948 0.058333333333333334 0.04876219054763691
1 0.6333333333333333 0.5071267816954238 0.035833333333333335 0.04351087771942986
1 0.14416666666666667 0.9849962490622656 0.043333333333333335 0.030007501875468866
1 0.66375 0.5090022505626407 0.03833333333333333 0.03675918979744936
1 0.36375 0.7074268567141786 0.04 0.03825956489122281
1 0.7095833333333333 0.5 0.03916666666666667 0.0345086271567892
0 0.325 0.6939234808702176 0.034166666666666665 0.03225806451612903
1 0.91625 0.5705176294073518 0.0425 0.03675918979744936
1 0.96 0.5420105026256564 0.034166666666666665 0.03225806451612903
0 0.7170833333333333 0.5296324081020255 0.0325 0.030007501875468866
1 0.7779166666666667 0.9793698424606152 0.03666666666666667 0.0277569392348087
1 0.9645833333333333 0.5735183795948987 0.04083333333333333 0.03225806451612903
1 0.09833333333333333 0.9234808702175544 0.0575 0.05476369092273068
1 0.13041666666666665 0.8990997749437359 0.0475 0.04126031507876969
0 0.63125 0.6909227306826706 0.03333333333333333 0.02625656414103526
0 0.5416666666666666 0.8750937734433608 0.035 0.03075768942235559
0 0.39 0.667291822955739 0.035833333333333335 0.025506376594148537
1 0.7591666666666667 0.9879969992498124 0.030833333333333334 0.023255813953488372
0 0.6908333333333333 0.5236309077269318 0.029166666666666667 0.02625656414103526
0 0.1975 0.9572393098274569 0.035 0.029257314328582147
0 0.24176666666666666 0.9902475618904726 0.05103333333333333 0.019504876219054765
1 0.06 0.940735183795949 0.03916666666666667 0.05101275318829707
0 0.38708333333333333 0.687171792948237 0.030833333333333334 0.02625656414103526
1 0.5808333333333333 0.8120780195048762 0.035833333333333335 0.03600900225056264
1 0.62625 0.7123030757689423 0.030833333333333334 0.02625656414103526
1 0.92875 0.5442610652663166 0.035 0.028507126781695424
1 0.88375 0.5832708177044261 0.025 0.02250562640660165
0 0.6170833333333333 0.7569392348087022 0.030833333333333334 0.029257314328582147
1 0.39875 0.708927231807952 0.029166666666666667 0.029257314328582147
1 0.8783333333333333 0.5243810952738185 0.029166666666666667 0.023255813953488372
1 0.33125 0.6695423855963991 0.02666666666666667 0.024756189047261814
0 0.5816666666666667 0.8675918979744937 0.025 0.021005251312828207
1 0.24858333333333335 0.961582895723931 0.0455 0.021440360090022505
1 0.07874166666666667 0.8876144036009003 0.04950833333333333 0.04186796699174794
1 0.5795833333333333 0.7014253563390848 0.029166666666666667 0.0277569392348087
1 0.9929166666666667 0.5386346586646662 0.014166666666666666 0.03975993998499625
0 0.20708333333333334 0.994748687171793 0.03166666666666667 0.010502625656414103
1 0.76375 0.7025506376594148 0.0225 0.020255063765941484
0 0.37800833333333334 0.7285746436609153 0.03111666666666667 0.025138784696174043
0 0.4190416666666667 0.7694148537134284 0.030525000000000004 0.02940735183795949
0 0.571675 0.8862340585146286 0.02103333333333333 0.01671417854463616
0 0.7430166666666667 0.9464816204051013 0.025716666666666665 0.024823705926481622
1 0.6901666666666667 0.8903600900225056 0.02095 0.0213728432108027
1 0.6836583333333334 0.8310052513128282 0.023866666666666668 0.02102775693923481
