1 0.9812614259597806 0.2631578947368421 0.029250457038391225 0.028782894736842105
1 0.9830895795246801 0.12746710526315788 0.02376599634369287 0.024671052631578948
1 0.052559414990859234 0.27754934210526316 0.02102376599634369 0.018092105263157895
1 0.4689213893967093 0.2709703947368421 0.031992687385740404 0.02631578947368421
0 0.14488117001828155 0.1875 0.021937842778793418 0.018914473684210526
1 0.5100548446069469 0.47944078947368424 0.03656307129798903 0.03453947368421053
1 0.06946983546617916 0.44819078947368424 0.025594149908592323 0.023026315789473683
1 0.260054844606947 0.5341282894736842 0.029250457038391225 0.028782894736842105
1 0.2303473491773309 0.44695723684210525 0.027422303473491772 0.022203947368421052
1 0.06992687385740402 0.11759868421052631 0.024680073126142597 0.023848684210526317
1 0.6247714808043876 0.8959703947368421 0.024680073126142597 0.023026315789473683
1 0.6686471663619744 0.2512335526315789 0.03016453382084095 0.02549342105263158
1 0.9414990859232175 0.046875 0.03016453382084095 0.023848684210526317
1 0.2696526508226691 0.6101973684210527 0.026508226691042046 0.023848684210526317
1 0.9593235831809872 0.12746710526315788 0.025594149908592323 0.02138157894736842
1 0.39259597806215724 0.43338815789473684 0.02102376599634369 0.02055921052631579
1 0.9739488117001828 0.16447368421052633 0.0283363802559415 0.02549342105263158
1 0.506398537477148 0.6402138157894737 0.027422303473491772 0.024671052631578948
1 0.16727605118829983 0.7734375 0.025594149908592323 0.02138157894736842
1 0.43418647166361973 0.12212171052631579 0.0283363802559415 0.024671052631578948
0 0.7893053016453382 0.3203125 0.0283363802559415 0.02549342105263158
1 0.5521023765996343 0.19860197368421054 0.02376599634369287 0.02138157894736842
1 0.08089579524680073 0.13157894736842105 0.026508226691042046 0.022203947368421052
1 0.9570383912248629 0.14679276315789475 0.03016453382084095 0.02631578947368421
1 0.23080438756855576 0.5411184210526315 0.026508226691042046 0.024671052631578948
1 0.5635283363802559 0.14720394736842105 0.0283363802559415 0.02549342105263158
1 0.1293418647166362 0.3573190789473684 0.02010968921389397 0.01644736842105263
1 0.47851919561243145 0.31167763157894735 0.033820840950639856 0.03042763157894737
1 0.21663619744058502 0.18955592105263158 0.02376599634369287 0.023848684210526317
1 0.6851005484460695 0.20929276315789475 0.027422303473491772 0.023026315789473683
1 0.16590493601462522 0.5953947368421053 0.026508226691042046 0.02055921052631579
1 0.6448811700182815 0.9194078947368421 0.027422303473491772 0.02549342105263158
1 0.3688299817184644 0.32976973684210525 0.0356489945155393 0.03453947368421053
1 0.012340036563071298 0.3573190789473684 0.02376599634369287 0.019736842105263157
1 0.5648994515539305 0.48930921052631576 0.0356489945155393 0.03782894736842105
1 0.7915904936014625 0.7779605263157895 0.033820840950639856 0.028782894736842105
1 0.18144424131627057 0.49506578947368424 0.029250457038391225 0.027960526315789474
1 0.5658135283363802 0.1196546052631579 0.027422303473491772 0.02055921052631579
1 0.6553930530164533 0.8935032894736842 0.024680073126142597 0.023848684210526317
1 0.43007312614259596 0.3527960526315789 0.033820840950639856 0.03042763157894737
1 0.13117001828153566 0.8009868421052632 0.025594149908592323 0.023026315789473683
1 0.39259597806215724 0.7191611842105263 0.03473491773308958 0.03125
1 0.5489031078610603 0.4588815789473684 0.03656307129798903 0.03125
1 0.8318098720292505 0.21546052631578946 0.02376599634369287 0.022203947368421052
1 0.823126142595978 0.6759868421052632 0.0283363802559415 0.023026315789473683
1 0.7888482632541134 0.34868421052631576 0.0356489945155393 0.03289473684210526
1 0.5068555758683729 0.3696546052631579 0.031078610603290677 0.024671052631578948
1 0.40493601462522855 0.5057565789473685 0.025594149908592323 0.02138157894736842
1 0.26142595978062155 0.29523026315789475 0.02376599634369287 0.022203947368421052
1 0.576782449725777 0.2421875 0.026508226691042046 0.02055921052631579
1 0.7170932358318098 0.1825657894736842 0.02376599634369287 0.023026315789473683
1 0.17321755027422303 0.21134868421052633 0.026508226691042046 0.019736842105263157
1 0.1416819012797075 0.5164473684210527 0.022851919561243144 0.018092105263157895
1 0.25594149908592323 0.6607730263157895 0.0356489945155393 0.02631578947368421
0 0.11106032906764168 0.19613486842105263 0.02102376599634369 0.018092105263157895
1 0.37477148080438755 0.4979440789473684 0.024680073126142597 0.02138157894736842
1 0.6686471663619744 0.7944078947368421 0.022851919561243144 0.023026315789473683
0 0.4963436928702011 0.3482730263157895 0.027422303473491772 0.023026315789473683
1 0.576782449725777 0.22286184210526316 0.02376599634369287 0.02138157894736842
1 0.8194698354661791 0.7771381578947368 0.025594149908592323 0.027138157894736843
1 0.8007312614259597 0.7960526315789473 0.03290676416819013 0.024671052631578948
1 0.6371115173674589 0.20476973684210525 0.02376599634369287 0.02055921052631579
1 0.15813528336380256 0.3573190789473684 0.022851919561243144 0.018914473684210526
1 0.0690127970749543 0.5727796052631579 0.02376599634369287 0.019736842105263157
0 0.8459780621572212 0.3314144736842105 0.03016453382084095 0.02549342105263158
1 0.9309872029250457 0.6430921052631579 0.029250457038391225 0.024671052631578948
0 0.06489945155393052 0.3157894736842105 0.026508226691042046 0.023026315789473683
1 0.9739488117001828 0.0069901315789473685 0.02376599634369287 0.013980263157894737
1 0.31672760511882997 0.8404605263157895 0.024680073126142597 0.019736842105263157
0 0.18372943327239488 0.45929276315789475 0.03016453382084095 0.02549342105263158
1 0.0690127970749543 0.545641447368421 0.025594149908592323 0.018914473684210526
0 0.2742230347349177 0.6319901315789473 0.02376599634369287 0.02138157894736842
1 0.6892138939670932 0.24136513157894737 0.026508226691042046 0.024671052631578948
1 0.8679159049360147 0.45476973684210525 0.024680073126142597 0.02138157894736842
1 0.45612431444241314 0.328125 0.0283363802559415 0.02631578947368421
1 0.05301645338208409 0.5608552631578947 0.02010968921389397 0.019736842105263157
1 0.6060329067641682 0.5752467105263158 0.03016453382084095 0.02631578947368421
1 0.8491773308957953 0.4551809210526316 0.02102376599634369 0.019736842105263157
1 0.3743144424131627 0.712171052631579 0.0283363802559415 0.03125
1 0.32586837294332727 0.6204769736842105 0.026508226691042046 0.027138157894736843
1 0.9867458866544789 0.9897203947368421 0.021937842778793418 0.02055921052631579
1 0.3190127970749543 0.717516447368421 0.026508226691042046 0.022203947368421052
1 0.40036563071297987 0.6916118421052632 0.026508226691042046 0.02138157894736842
1 0.6540219378427788 0.5879934210526315 0.024680073126142597 0.023026315789473683
0 0.26782449725776963 0.4144736842105263 0.026508226691042046 0.022203947368421052
0 0.7902193784277879 0.743421052631579 0.021937842778793418 0.019736842105263157
1 0.920018281535649 0.21998355263157895 0.02102376599634369 0.018914473684210526
1 0.41681901279707495 0.5522203947368421 0.026508226691042046 0.023848684210526317
1 0.17184643510054845 0.18873355263157895 0.027422303473491772 0.023848684210526317
1 0.37705667276051186 0.4486019736842105 0.025594149908592323 0.02138157894736842
1 0.6910420475319927 0.9144736842105263 0.02376599634369287 0.019736842105263157
0 0.30438756855575866 0.18832236842105263 0.02102376599634369 0.018092105263157895
1 0.6823583180987203 0.8943256578947368 0.025594149908592323 0.02138157894736842
0 0.12888482632541134 0.19777960526315788 0.02010968921389397 0.02138157894736842
0 0.670018281535649 0.5382401315789473 0.02376599634369287 0.019736842105263157
1 0.656764168190128 0.23560855263157895 0.02376599634369287 0.017269736842105265
1 0.7696526508226691 0.10320723684210527 0.021937842778793418 0.02055921052631579
1 0.4328153564899452 0.5069901315789473 0.02376599634369287 0.022203947368421052
0 0.03153564899451554 0.3696546052631579 0.02376599634369287 0.02055921052631579
1 0.16590493601462522 0.19284539473684212 0.024680073126142597 0.022203947368421052
1 0.8574040219378428 0.5316611842105263 0.02376599634369287 0.02138157894736842
1 0.38848263254113347 0.5505756578947368 0.031992687385740404 0.028782894736842105
1 0.9913162705667276 0.0069901315789473685 0.01736745886654479 0.013980263157894737
1 0.5511882998171846 0.12828947368421054 0.02376599634369287 0.019736842105263157
0 0.20338208409506398 0.4740953947368421 0.027422303473491772 0.024671052631578948
0 0.783363802559415 0.10608552631578948 0.016453382084095063 0.018092105263157895
1 0.6613345521023766 0.19572368421052633 0.02102376599634369 0.019736842105263157
0 0.8359232175502742 0.3651315789473684 0.04113345521023766 0.03453947368421053
0 0.026051188299817184 0.5711348684210527 0.024680073126142597 0.022203947368421052
1 0.2655393053016453 0.7857730263157895 0.022851919561243144 0.02055921052631579
0 0.04936014625228519 0.3293585526315789 0.022851919561243144 0.02055921052631579
1 0.8455210237659964 0.686266447368421 0.022851919561243144 0.02055921052631579
1 0.670018281535649 0.9140625 0.021937842778793418 0.02138157894736842
0 0.3642595978062157 0.16981907894736842 0.029250457038391225 0.023848684210526317
1 0.9456124314442413 0.06620065789473684 0.027422303473491772 0.02055921052631579
1 0.15127970749542963 0.4917763157894737 0.021937842778793418 0.019736842105263157
1 0.16681901279707495 0.6130756578947368 0.026508226691042046 0.022203947368421052
1 0.43144424131627057 0.7985197368421053 0.024680073126142597 0.022203947368421052
0 0.25045703839122485 0.5756578947368421 0.025594149908592323 0.019736842105263157
1 0.1750457038391225 0.4387335526315789 0.025594149908592323 0.019736842105263157
1 0.33409506398537475 0.33511513157894735 0.029250457038391225 0.028782894736842105
0 0.8117001828153565 0.3305921052631579 0.027422303473491772 0.023026315789473683
1 0.05941499085923217 0.1435032894736842 0.027422303473491772 0.023848684210526317
1 0.8085009140767825 0.7450657894736842 0.021937842778793418 0.018092105263157895
1 0.15585009140767825 0.4440789473684211 0.02010968921389397 0.02055921052631579
1 0.4195612431444241 0.7039473684210527 0.027422303473491772 0.024671052631578948
1 0.6389396709323584 0.25 0.022851919561243144 0.02138157894736842
1 0.7390310786106032 0.23766447368421054 0.021937842778793418 0.019736842105263157
0 0.2883912248628885 0.6492598684210527 0.029250457038391225 0.022203947368421052
1 0.2509140767824497 0.7384868421052632 0.025594149908592323 0.023026315789473683
0 0.7847349177330896 0.18133223684210525 0.022851919561243144 0.018914473684210526
1 0.3075868372943327 0.6274671052631579 0.021937842778793418 0.022203947368421052
1 0.3030164533820841 0.592516447368421 0.022851919561243144 0.019736842105263157
0 0.6316270566727605 0.5365953947368421 0.025594149908592323 0.02055921052631579
1 0.2897623400365631 0.6188322368421053 0.022851919561243144 0.01644736842105263
1 0.17138939670932357 0.4239309210526316 0.019195612431444242 0.015625
1 0.5918647166361974 0.19161184210526316 0.021937842778793418 0.018914473684210526
1 0.396709323583181 0.7709703947368421 0.029250457038391225 0.022203947368421052
0 0.8560329067641682 0.9773848684210527 0.024680073126142597 0.019736842105263157
0 0.18053016453382084 0.7454769736842105 0.02102376599634369 0.015625
1 0.3126142595978062 0.3404605263157895 0.02376599634369287 0.022203947368421052
1 0.6393967093235832 0.5213815789473685 0.022851919561243144 0.019736842105263157
1 0.07038391224862889 0.5604440789473685 0.02376599634369287 0.01644736842105263
1 0.7659963436928702 0.3515625 0.025594149908592323 0.027960526315789474
0 0.4319012797074954 0.1015625 0.021937842778793418 0.018092105263157895
1 0.4296160877513711 0.33182565789473684 0.0283363802559415 0.022203947368421052
1 0.409963436928702 0.5349506578947368 0.031992687385740404 0.02138157894736842
0 0.11425959780621572 0.5773026315789473 0.025594149908592323 0.023026315789473683
0 0.47120658135283366 0.09539473684210527 0.01736745886654479 0.015625
0 0.06261425959780621 0.3404605263157895 0.022851919561243144 0.02055921052631579
1 0.40219378427787933 0.6768092105263158 0.027422303473491772 0.018092105263157895
0 0.35740402193784276 0.4432565789473684 0.02010968921389397 0.02055921052631579
1 0.11106032906764168 0.4597039473684211 0.02376599634369287 0.02138157894736842
1 0.11014625228519195 0.3988486842105263 0.02102376599634369 0.017269736842105265
0 0.18281535648994515 0.7594572368421053 0.02010968921389397 0.01644736842105263
1 0.20612431444241316 0.375 0.02102376599634369 0.019736842105263157
0 0.23308957952468007 0.5193256578947368 0.024680073126142597 0.019736842105263157
1 0.44149908592321757 0.07853618421052631 0.019195612431444242 0.018092105263157895
1 0.9940585009140768 0.057154605263157895 0.011882998171846435 0.032072368421052634
0 0.3743144424131627 0.4329769736842105 0.022851919561243144 0.018092105263157895
1 0.48491773308957953 0.6788651315789473 0.024680073126142597 0.019736842105263157
0 0.9890310786106032 0.08717105263157894 0.02102376599634369 0.019736842105263157
1 0.653107861060329 0.5513980263157895 0.02102376599634369 0.019736842105263157
0 0.5429616087751371 0.28536184210526316 0.027422303473491772 0.023026315789473683
0 0.8062157221206582 0.7606907894736842 0.022851919561243144 0.018092105263157895
1 0.21846435100548445 0.4597039473684211 0.02376599634369287 0.019736842105263157
1 0.3930530164533821 0.3092105263157895 0.021937842778793418 0.017269736842105265
1 0.05347349177330896 0.45723684210526316 0.022851919561243144 0.02055921052631579
1 0.8176416819012797 0.3182565789473684 0.029250457038391225 0.023026315789473683
0 0.5178244972577697 0.3515625 0.02376599634369287 0.02055921052631579
0 0.9131627056672761 0.4925986842105263 0.02102376599634369 0.019736842105263157
1 0.49177330895795246 0.6566611842105263 0.02376599634369287 0.023026315789473683
1 0.5082266910420475 0.32730263157894735 0.031078610603290677 0.023848684210526317
1 0.1576782449725777 0.5111019736842105 0.019195612431444242 0.017269736842105265
1 0.6914990859232175 0.9009046052631579 0.025594149908592323 0.02055921052631579
0 0.5365630712979891 0.49629934210526316 0.025594149908592323 0.02138157894736842
0 0.7458866544789763 0.20394736842105263 0.019195612431444242 0.01644736842105263
0 0.2413162705667276 0.592516447368421 0.03016453382084095 0.027138157894736843
0 0.4337294332723949 0.5892269736842105 0.026508226691042046 0.023026315789473683
1 0.5255941499085923 0.45476973684210525 0.026508226691042046 0.024671052631578948
1 0.33226691042047535 0.7282072368421053 0.02376599634369287 0.023026315789473683
1 0.12797074954296161 0.39144736842105265 0.02102376599634369 0.01644736842105263
0 0.353290676416819 0.5119243421052632 0.021937842778793418 0.019736842105263157
0 0.050274223034734916 0.29605263157894735 0.021937842778793418 0.018914473684210526
1 0.2897623400365631 0.5250822368421053 0.022851919561243144 0.02549342105263158
0 0.2929616087751371 0.631578947368421 0.022851919561243144 0.02138157894736842
0 0.14442413162705667 0.5308388157894737 0.027422303473491772 0.019736842105263157
0 0.25594149908592323 0.4284539473684211 0.02376599634369287 0.02055921052631579
0 0.030621572212065813 0.4753289473684211 0.02376599634369287 0.018092105263157895
1 0.4040219378427788 0.5826480263157895 0.031078610603290677 0.02549342105263158
1 0.9442413162705667 0.0078125 0.0283363802559415 0.015625
1 0.6521937842778793 0.795641447368421 0.022851919561243144 0.018092105263157895
0 0.4351005484460695 0.5723684210526315 0.025594149908592323 0.019736842105263157
0 0.10146252285191956 0.21217105263157895 0.025594149908592323 0.023026315789473683
1 0.7655393053016454 0.780016447368421 0.024680073126142597 0.024671052631578948
1 0.30484460694698357 0.6101973684210527 0.021937842778793418 0.018092105263157895
0 0.28793418647166363 0.4662828947368421 0.026508226691042046 0.024671052631578948
1 0.38345521023765994 0.28125 0.026508226691042046 0.023026315789473683
0 0.1663619744058501 0.7545230263157895 0.019195612431444242 0.017269736842105265
1 0.11471663619744059 0.3675986842105263 0.018281535648994516 0.014802631578947368
0 0.43327239488117003 0.09580592105263158 0.021937842778793418 0.018914473684210526
1 0.993601462522852 0.2738486842105263 0.011882998171846435 0.027960526315789474
0 0.5763254113345521 0.20065789473684212 0.019195612431444242 0.018092105263157895
1 0.11517367458866545 0.38569078947368424 0.021937842778793418 0.015625
1 0.022851919561243144 0.6685855263157895 0.02010968921389397 0.019736842105263157
0 0.20521023765996343 0.3540296052631579 0.025594149908592323 0.022203947368421052
0 0.9291590493601463 0.6270559210526315 0.019195612431444242 0.015625
1 0.13528336380255943 0.3782894736842105 0.02010968921389397 0.01644736842105263
0 0.2696526508226691 0.5888157894736842 0.022851919561243144 0.018914473684210526
0 0.5516453382084096 0.48149671052631576 0.02102376599634369 0.018914473684210526
0 0.37477148080438755 0.5180921052631579 0.02376599634369287 0.02055921052631579
0 0.39351005484460694 0.5242598684210527 0.022851919561243144 0.019736842105263157
0 0.2710237659963437 0.6463815789473685 0.019195612431444242 0.018092105263157895
0 0.966636197440585 0.6089638157894737 0.025594149908592323 0.023848684210526317
0 0.4319012797074954 0.3125 0.021937842778793418 0.018914473684210526
0 0.6521937842778793 0.8087993421052632 0.02010968921389397 0.01644736842105263
0 0.21755027422303475 0.5172697368421053 0.022851919561243144 0.019736842105263157
0 0.32678244972577697 0.5797697368421053 0.025594149908592323 0.018914473684210526
