1 0.7408333333333333 0.9887471867966992 0.0625 0.02250562640660165
1 0.8770833333333333 0.16016504126031508 0.03916666666666667 0.03150787696924231
1 0.7670833333333333 0.43285821455363843 0.041666666666666664 0.03675918979744936
1 0.69125 0.42010502625656415 0.04 0.03075768942235559
0 0.6854166666666667 0.9699924981245311 0.0575 0.03900975243810953
0 0.8241666666666667 0.42873218304576144 0.03333333333333333 0.0277569392348087
1 0.8866666666666667 0.19317329332333083 0.0375 0.03075768942235559
1 0.8354166666666667 0.9309827456864216 0.04666666666666667 0.051762940735183796
0 0.9108333333333334 0.18079519879969994 0.028333333333333332 0.025506376594148537
0 0.7120833333333333 0.9583645911477869 0.0575 0.04876219054763691
0 0.5995833333333334 0.9879969992498124 0.04583333333333333 0.024006001500375095
0 0.7279166666666667 0.6117779444861215 0.043333333333333335 0.03825956489122281
0 0.81405 0.4636309077269317 0.033549999999999996 0.02870217554388597
0 0.84875 0.49774943735933985 0.024166666666666666 0.024006001500375095
1 0.7404166666666666 0.404351087771943 0.0425 0.03375843960990248
0 0.8425 0.8930982745686422 0.024166666666666666 0.024006001500375095
0 0.7647333333333333 0.6293698424606152 0.023116666666666664 0.023495873968492124
0 0.7679166666666667 0.605026256564141 0.0275 0.025506376594148537
1 0.7991416666666666 0.8937359339834958 0.055 0.05476369092273068
0 0.830975 0.48667666916729185 0.023683333333333334 0.023120780195048762
0 0.7359916666666667 0.42716429107276815 0.03186666666666667 0.02056264066016504
0 0.7657666666666666 0.45858214553638404 0.02195 0.025708927231807954
0 0.7040333333333334 0.7989572393098274 0.037941666666666665 0.022348087021755437
