1 0.6595063985374772 0.6792763157894737 0.0283363802559415 0.02631578947368421
1 0.6320840950639853 0.9268092105263158 0.03016453382084095 0.023026315789473683
1 0.6709323583180987 0.7014802631578947 0.031078610603290677 0.027138157894736843
1 0.06855575868372943 0.9054276315789473 0.029250457038391225 0.02631578947368421
1 0.3459780621572212 0.4691611842105263 0.029250457038391225 0.024671052631578948
1 0.486745886654479 0.5407072368421053 0.03656307129798903 0.032072368421052634
1 0.803473491773309 0.8367598684210527 0.0283363802559415 0.024671052631578948
1 0.5726691042047533 0.8466282894736842 0.026508226691042046 0.024671052631578948
1 0.340036563071298 0.4050164473684211 0.026508226691042046 0.027138157894736843
1 0.6307129798903108 0.9625822368421053 0.03290676416819013 0.028782894736842105
1 0.8382084095063985 0.821546052631579 0.019195612431444242 0.02055921052631579
1 0.28382084095063986 0.5423519736842105 0.026508226691042046 0.023848684210526317
1 0.8505484460694699 0.7890625 0.025594149908592323 0.024671052631578948
1 0.3619744058500914 0.4498355263157895 0.031078610603290677 0.027138157894736843
1 0.19789762340036562 0.44613486842105265 0.0283363802559415 0.02549342105263158
1 0.6988117001828154 0.6981907894736842 0.03016453382084095 0.03042763157894737
1 0.5763254113345521 0.8795230263157895 0.029250457038391225 0.023848684210526317
1 0.9213893967093236 0.9436677631578947 0.03016453382084095 0.02549342105263158
1 0.44104204753199266 0.5152138157894737 0.03016453382084095 0.029605263157894735
1 0.4803473491773309 0.8560855263157895 0.027422303473491772 0.033717105263157895
1 0.7262340036563071 0.7047697368421053 0.029250457038391225 0.027960526315789474
1 0.44744058500914075 0.796875 0.0283363802559415 0.02549342105263158
1 0.47303473491773307 0.5633223684210527 0.0356489945155393 0.028782894736842105
0 0.4986288848263254 0.6611842105263158 0.0283363802559415 0.024671052631578948
1 0.44881170018281535 0.5427631578947368 0.031078610603290677 0.027960526315789474
1 0.4812614259597806 0.5131578947368421 0.029250457038391225 0.028782894736842105
1 0.47120658135283366 0.8030427631578947 0.024680073126142597 0.028782894736842105
1 0.32084095063985374 0.4662828947368421 0.024680073126142597 0.023848684210526317
0 0.6736745886654479 0.7388980263157895 0.022851919561243144 0.019736842105263157
0 0.7120658135283364 0.9325657894736842 0.027422303473491772 0.023848684210526317
1 0.6928702010968921 0.7532894736842105 0.029250457038391225 0.024671052631578948
1 0.4547531992687386 0.8482730263157895 0.031992687385740404 0.027960526315789474
1 0.38345521023765994 0.4050164473684211 0.0283363802559415 0.027138157894736843
1 0.5543875685557587 0.8433388157894737 0.022851919561243144 0.02055921052631579
1 0.546617915904936 0.639391447368421 0.031078610603290677 0.028782894736842105
1 0.44972577696526506 0.8680098684210527 0.031078610603290677 0.024671052631578948
1 0.27513711151736747 0.5657894736842105 0.0283363802559415 0.02631578947368421
1 0.6695612431444241 0.9358552631578947 0.0283363802559415 0.024671052631578948
0 0.6206581352833638 0.9428453947368421 0.02376599634369287 0.02055921052631579
1 0.4638939670932358 0.5197368421052632 0.03016453382084095 0.027138157894736843
1 0.42321755027422303 0.780016447368421 0.022851919561243144 0.022203947368421052
1 0.41773308957952465 0.8096217105263158 0.027422303473491772 0.027138157894736843
1 0.45521023765996343 0.8264802631578947 0.029250457038391225 0.02138157894736842
0 0.6860146252285192 0.6743421052631579 0.027422303473491772 0.023848684210526317
1 0.9277879341864717 0.9695723684210527 0.031992687385740404 0.027960526315789474
1 0.8244972577696527 0.842516447368421 0.022851919561243144 0.02055921052631579
0 0.6677330895795247 0.9568256578947368 0.0283363802559415 0.022203947368421052
1 0.1380255941499086 0.5102796052631579 0.027422303473491772 0.02549342105263158
1 0.40722120658135286 0.7886513157894737 0.026508226691042046 0.02549342105263158
1 0.3039305301645338 0.5571546052631579 0.029250457038391225 0.023848684210526317
0 0.8244972577696527 0.8285361842105263 0.01736745886654479 0.014802631578947368
1 0.7079524680073126 0.7269736842105263 0.0356489945155393 0.03042763157894737
1 0.9748628884826326 0.5571546052631579 0.02102376599634369 0.022203947368421052
1 0.9593235831809872 0.5448190789473685 0.02376599634369287 0.02549342105263158
0 0.7047531992687386 0.9029605263157895 0.026508226691042046 0.023026315789473683
1 0.806672760511883 0.6015625 0.02010968921389397 0.019736842105263157
1 0.5740402193784278 0.6377467105263158 0.02376599634369287 0.02055921052631579
0 0.826782449725777 0.8149671052631579 0.015539305301645339 0.013980263157894737
0 0.5571297989031079 0.8655427631578947 0.03016453382084095 0.023848684210526317
1 0.4319012797074954 0.8236019736842105 0.026508226691042046 0.024671052631578948
0 0.3473491773308958 0.38445723684210525 0.02102376599634369 0.017269736842105265
1 0.16042047531992687 0.5037006578947368 0.027422303473491772 0.027960526315789474
1 0.3327239488117002 0.49506578947368424 0.0283363802559415 0.024671052631578948
1 0.7605118829981719 0.5859375 0.02010968921389397 0.01644736842105263
1 0.39945155393053017 0.8133223684210527 0.022851919561243144 0.02631578947368421
0 0.5164533820840951 0.6739309210526315 0.02376599634369287 0.02138157894736842
0 0.8135283363802559 0.819078947368421 0.01736745886654479 0.015625
0 0.36837294332723947 0.3852796052631579 0.02102376599634369 0.018914473684210526
1 0.8473491773308958 0.5908717105263158 0.02376599634369287 0.019736842105263157
0 0.6869287020109689 0.9198190789473685 0.027422303473491772 0.023026315789473683
0 0.7248628884826326 0.9058388157894737 0.021937842778793418 0.023026315789473683
1 0.22760511882998172 0.4819078947368421 0.022851919561243144 0.02055921052631579
1 0.8171846435100548 0.805921052631579 0.021937842778793418 0.014802631578947368
1 0.36151736745886653 0.4115953947368421 0.021937842778793418 0.02138157894736842
1 0.8254113345521024 0.5904605263157895 0.022851919561243144 0.02055921052631579
1 0.3080438756855576 0.6599506578947368 0.022851919561243144 0.02631578947368421
0 0.44881170018281535 0.7763157894736842 0.02102376599634369 0.01644736842105263
1 0.7340036563071298 0.7162828947368421 0.025594149908592323 0.027138157894736843
0 0.9940585009140768 0.5074013157894737 0.011882998171846435 0.02549342105263158
