1 0.40676416819012795 0.5777138157894737 0.044789762340036565 0.03618421052631579
1 0.2413162705667276 0.23848684210526316 0.04204753199268738 0.03536184210526316
1 0.7975319926873857 0.9255756578947368 0.0356489945155393 0.03125
1 0.0370201096892139 0.34745065789473684 0.027422303473491772 0.024671052631578948
1 0.7691956124314442 0.025904605263157895 0.027422303473491772 0.02055921052631579
1 0.03244972577696526 0.20641447368421054 0.024680073126142597 0.019736842105263157
1 0.10877513711151737 0.036595394736842105 0.025594149908592323 0.024671052631578948
1 0.26508226691042047 0.0805921052631579 0.033820840950639856 0.02631578947368421
1 0.7719378427787934 0.047286184210526314 0.031992687385740404 0.024671052631578948
1 0.028793418647166363 0.22738486842105263 0.026508226691042046 0.022203947368421052
1 0.253199268738574 0.10197368421052631 0.03290676416819013 0.027960526315789474
1 0.062157221206581355 0.34662828947368424 0.026508226691042046 0.02138157894736842
1 0.04981718464351006 0.3305921052631579 0.027422303473491772 0.023026315789473683
1 0.010054844606946984 0.21217105263157895 0.02010968921389397 0.019736842105263157
1 0.058043875685557585 0.36348684210526316 0.03290676416819013 0.023848684210526317
1 0.13619744058500913 0.04399671052631579 0.02102376599634369 0.018092105263157895
1 0.06398537477148081 0.21299342105263158 0.019195612431444242 0.018914473684210526
1 0.126599634369287 0.02055921052631579 0.031078610603290677 0.023026315789473683
1 0.8153564899451554 0.9185855263157895 0.0283363802559415 0.02549342105263158
1 0.4913162705667276 0.006167763157894737 0.024680073126142597 0.012335526315789474
1 0.006855575868372943 0.19901315789473684 0.013711151736745886 0.015625
