1 0.09291666666666666 0.8454613653413353 0.04666666666666667 0.04126031507876969
1 0.9541666666666667 0.6350337584396099 0.05583333333333333 0.05701425356339085
1 0.975 0.5720180045011253 0.049166666666666664 0.058514628657164294
1 0.9016666666666666 0.6399099774943736 0.0625 0.04876219054763691
1 0.8541666666666666 0.038634658664666165 0.035 0.042010502625656414
1 0.8833333333333333 0.04051012753188297 0.0475 0.04426106526631658
1 0.92875 0.578019504876219 0.0525 0.05326331582895724
0 0.8745833333333334 0.5303825956489122 0.0475 0.04051012753188297
1 0.88375 0.6001500375093773 0.056666666666666664 0.05026256564141035
1 0.7845833333333333 0.006376594148537134 0.04416666666666667 0.012753188297074268
1 0.9125 0.055138784696174045 0.03666666666666667 0.03975993998499625
1 0.9454166666666667 0.10015003750937734 0.045 0.030007501875468866
1 0.7195833333333334 0.2576894223555889 0.035 0.03825956489122281
1 0.9404166666666667 0.060765191297824456 0.03666666666666667 0.025506376594148537
1 0.9841666666666666 0.07876969242310577 0.030833333333333334 0.03675918979744936
1 0.9920833333333333 0.6166541635408852 0.015 0.04951237809452363
