1 0.7148080438756855 0.9745065789473685 0.043875685557586835 0.038651315789473686
1 0.5749542961608776 0.4987664473684211 0.03290676416819013 0.03042763157894737
1 0.5648994515539305 0.41241776315789475 0.03016453382084095 0.029605263157894735
1 0.13025594149908593 0.8560855263157895 0.024680073126142597 0.022203947368421052
1 0.7102376599634369 0.5711348684210527 0.0283363802559415 0.027138157894736843
1 0.24177330895795246 0.5838815789473685 0.027422303473491772 0.023848684210526317
1 0.8112431444241316 0.647203947368421 0.03290676416819013 0.028782894736842105
1 0.7006398537477148 0.7561677631578947 0.026508226691042046 0.023848684210526317
1 0.23948811700182815 0.9490131578947368 0.022851919561243144 0.023026315789473683
1 0.13208409506398539 0.9884868421052632 0.021937842778793418 0.019736842105263157
1 0.8144424131627057 0.4683388157894737 0.02102376599634369 0.019736842105263157
0 0.5557586837294333 0.33758223684210525 0.025594149908592323 0.02055921052631579
0 0.4328153564899452 0.38692434210526316 0.024680073126142597 0.02138157894736842
1 0.25822669104204754 0.5986842105263158 0.024680073126142597 0.022203947368421052
1 0.6151736745886655 0.983141447368421 0.02010968921389397 0.015625
1 0.22212065813528337 0.9457236842105263 0.02010968921389397 0.02138157894736842
0 0.7751371115173674 0.678453947368421 0.019195612431444242 0.01644736842105263
0 0.7614259597806216 0.6879111842105263 0.02010968921389397 0.018092105263157895
1 0.5978062157221207 0.9950657894736842 0.02010968921389397 0.009868421052631578
1 0.2472577696526508 0.516858552631579 0.018281535648994516 0.017269736842105265
0 0.6901279707495429 0.993421052631579 0.029250457038391225 0.013157894736842105
