1 0.5766666666666667 0.9257314328582146 0.04416666666666667 0.035258814703675916
1 0.8175 0.8709677419354839 0.04666666666666667 0.03975993998499625
1 0.8704166666666666 0.9804951237809453 0.055 0.03675918979744936
1 0.4529166666666667 0.6901725431357839 0.050833333333333335 0.04426106526631658
1 0.75125 0.9264816204051013 0.051666666666666666 0.03675918979744936
1 0.5191666666666667 0.6879219804951238 0.0525 0.03825956489122281
1 0.7295833333333334 0.8915978994748687 0.045 0.04276069017254314
1 0.7591666666666667 0.6946736684171043 0.0425 0.0345086271567892
1 0.7154166666666667 0.6815453863465867 0.0425 0.03375843960990248
1 0.8241666666666667 0.9122280570142536 0.04416666666666667 0.03975993998499625
1 0.7816666666666666 0.8945986496624156 0.04833333333333333 0.04276069017254314
1 0.7258333333333333 0.7145536384096024 0.0425 0.037509377344336084
1 0.88375 0.8863465866466617 0.04083333333333333 0.033008252063015754
1 0.75 0.7404351087771943 0.045 0.03150787696924231
1 0.7708333333333334 0.8645911477869468 0.04416666666666667 0.02700675168792198
1 0.5420833333333334 0.7243060765191298 0.03166666666666667 0.029257314328582147
1 0.4741666666666667 0.7246811702925732 0.03666666666666667 0.029257314328582147
1 0.88875 0.9467366841710427 0.03166666666666667 0.021005251312828207
1 0.7816666666666666 0.7213053263315828 0.025 0.024006001500375095
1 0.6891666666666667 0.6714178544636159 0.029166666666666667 0.02175543885971493
1 0.895 0.9962490622655664 0.0425 0.007501875468867217
1 0.87 0.8653413353338335 0.03 0.019504876219054765
1 0.9891666666666666 0.8706976744186047 0.02165833333333333 0.049264816204051015
