1 0.22851919561243145 0.9226973684210527 0.025594149908592323 0.024671052631578948
0 0.8807129798903108 0.7084703947368421 0.02102376599634369 0.018092105263157895
1 0.048446069469835464 0.9255756578947368 0.031078610603290677 0.03042763157894737
1 0.1206581352833638 0.8289473684210527 0.03016453382084095 0.027960526315789474
0 0.32586837294332727 0.826891447368421 0.022851919561243144 0.019736842105263157
1 0.31124314442413165 0.3092105263157895 0.03656307129798903 0.028782894736842105
1 0.8510054844606947 0.9749177631578947 0.025594149908592323 0.02138157894736842
1 0.16956124314442414 0.37417763157894735 0.0283363802559415 0.024671052631578948
1 0.6462522851919561 0.7524671052631579 0.029250457038391225 0.023848684210526317
1 0.1960694698354662 0.48601973684210525 0.02102376599634369 0.018092105263157895
1 0.2851919561243144 0.3667763157894737 0.02010968921389397 0.018092105263157895
1 0.27010968921389394 0.65625 0.027422303473491772 0.024671052631578948
1 0.08820840950639854 0.32894736842105265 0.029250457038391225 0.023848684210526317
1 0.23811700182815357 0.27508223684210525 0.038391224862888484 0.03536184210526316
1 0.353290676416819 0.4987664473684211 0.03290676416819013 0.028782894736842105
1 0.9186471663619744 0.9070723684210527 0.021937842778793418 0.018092105263157895
1 0.3962522851919561 0.49136513157894735 0.026508226691042046 0.02549342105263158
1 0.17778793418647165 0.29769736842105265 0.037477148080438755 0.029605263157894735
0 0.7591407678244972 0.9872532894736842 0.021937842778793418 0.019736842105263157
1 0.8893967093235832 0.6373355263157895 0.031078610603290677 0.024671052631578948
1 0.1476234003656307 0.8601973684210527 0.0283363802559415 0.02138157894736842
1 0.8747714808043876 0.12129934210526316 0.03016453382084095 0.02631578947368421
1 0.038391224862888484 0.5592105263157895 0.02376599634369287 0.019736842105263157
1 0.05347349177330896 0.6603618421052632 0.03473491773308958 0.03125
1 0.42778793418647165 0.5526315789473685 0.0283363802559415 0.024671052631578948
1 0.2655393053016453 0.7676809210526315 0.022851919561243144 0.02138157894736842
1 0.7198354661791591 0.7734375 0.026508226691042046 0.02055921052631579
1 0.2842778793418647 0.3363486842105263 0.02376599634369287 0.02138157894736842
1 0.6983546617915904 0.7528782894736842 0.024680073126142597 0.02138157894736842
1 0.1663619744058501 0.8486842105263158 0.02376599634369287 0.02055921052631579
1 0.5827239488117002 0.37911184210526316 0.031992687385740404 0.027960526315789474
1 0.05621572212065813 0.8227796052631579 0.027422303473491772 0.02549342105263158
1 0.35420475319926875 0.8330592105263158 0.02102376599634369 0.02138157894736842
1 0.7723948811700183 0.37787828947368424 0.02376599634369287 0.019736842105263157
1 0.3482632541133455 0.30879934210526316 0.021937842778793418 0.02055921052631579
1 0.5790676416819013 0.33675986842105265 0.027422303473491772 0.024671052631578948
0 0.27148080438756855 0.9329769736842105 0.022851919561243144 0.022203947368421052
1 0.9789762340036563 0.09539473684210527 0.0283363802559415 0.03042763157894737
1 0.5018281535648994 0.12458881578947369 0.029250457038391225 0.027138157894736843
1 0.5004570383912249 0.9823190789473685 0.02376599634369287 0.02055921052631579
1 0.05712979890310786 0.6299342105263158 0.04113345521023766 0.03289473684210526
1 0.14716636197440586 0.8408717105263158 0.021937842778793418 0.019736842105263157
1 0.4826325411334552 0.17064144736842105 0.027422303473491772 0.023848684210526317
1 0.3779707495429616 0.8363486842105263 0.025594149908592323 0.023026315789473683
1 0.4638939670932358 0.18585526315789475 0.026508226691042046 0.023848684210526317
1 0.19424131627056673 0.930921052631579 0.027422303473491772 0.023026315789473683
1 0.19424131627056673 0.5760690789473685 0.02010968921389397 0.01644736842105263
1 0.4803473491773309 0.1328125 0.02376599634369287 0.023026315789473683
1 0.8436928702010968 0.40789473684210525 0.03656307129798903 0.027138157894736843
1 0.028793418647166363 0.6467927631578947 0.0356489945155393 0.03125
1 0.19744058500914077 0.5020559210526315 0.018281535648994516 0.014802631578947368
1 0.9296160877513712 0.6134868421052632 0.022851919561243144 0.02138157894736842
0 0.25274223034734916 0.9288651315789473 0.022851919561243144 0.018092105263157895
1 0.30347349177330896 0.9888980263157895 0.022851919561243144 0.02055921052631579
1 0.4643510054844607 0.11019736842105263 0.02102376599634369 0.02055921052631579
1 0.6636197440585009 0.735608552631579 0.0283363802559415 0.022203947368421052
1 0.48217550274223037 0.548108552631579 0.024680073126142597 0.018914473684210526
1 0.31581352833638027 0.6743421052631579 0.02102376599634369 0.018914473684210526
1 0.9488117001828154 0.38363486842105265 0.021937842778793418 0.019736842105263157
1 0.07952468007312614 0.42680921052631576 0.02376599634369287 0.02138157894736842
1 0.9172760511882998 0.6480263157894737 0.027422303473491772 0.023026315789473683
1 0.6028336380255942 0.33881578947368424 0.025594149908592323 0.024671052631578948
1 0.6329981718464351 0.782483552631579 0.02010968921389397 0.01644736842105263
1 0.07861060329067641 0.8318256578947368 0.025594149908592323 0.022203947368421052
1 0.7404021937842779 0.5411184210526315 0.026508226691042046 0.019736842105263157
1 0.09323583180987204 0.3536184210526316 0.018281535648994516 0.017269736842105265
1 0.056672760511883 0.8873355263157895 0.031078610603290677 0.024671052631578948
1 0.909963436928702 0.8651315789473685 0.018281535648994516 0.01644736842105263
1 0.27513711151736747 0.7537006578947368 0.019195612431444242 0.015625
1 0.19469835466179158 0.9547697368421053 0.026508226691042046 0.022203947368421052
0 0.8711151736745887 0.6953125 0.01736745886654479 0.013980263157894737
0 0.37477148080438755 0.2833059210526316 0.021937842778793418 0.02055921052631579
1 0.7714808043875686 0.39679276315789475 0.026508226691042046 0.022203947368421052
0 0.20018281535648993 0.8540296052631579 0.02102376599634369 0.018092105263157895
1 0.14579524680073125 0.4666940789473684 0.02010968921389397 0.01644736842105263
1 0.8880255941499086 0.6073190789473685 0.029250457038391225 0.023848684210526317
0 0.7783363802559415 0.27960526315789475 0.029250457038391225 0.02549342105263158
1 0.13711151736745886 0.47944078947368424 0.022851919561243144 0.019736842105263157
1 0.5950639853747715 0.4420230263157895 0.026508226691042046 0.02549342105263158
1 0.28884826325411334 0.9609375 0.022851919561243144 0.019736842105263157
1 0.49497257769652653 0.10485197368421052 0.02102376599634369 0.018914473684210526
1 0.15219378427787933 0.4876644736842105 0.022851919561243144 0.019736842105263157
1 0.5868372943327239 0.21916118421052633 0.022851919561243144 0.017269736842105265
1 0.2317184643510055 0.8569078947368421 0.02010968921389397 0.018914473684210526
1 0.13711151736745886 0.3852796052631579 0.02376599634369287 0.019736842105263157
0 0.2673674588665448 0.9157072368421053 0.02010968921389397 0.015625
1 0.10694698354661791 0.8474506578947368 0.033820840950639856 0.029605263157894735
1 0.2819926873857404 0.7701480263157895 0.02010968921389397 0.02055921052631579
1 0.1576782449725777 0.8824013157894737 0.021937842778793418 0.018914473684210526
1 0.17824497257769653 0.4777960526315789 0.022851919561243144 0.018092105263157895
1 0.21252285191956125 0.8314144736842105 0.021937842778793418 0.017269736842105265
1 0.5891224862888482 0.14185855263157895 0.021937842778793418 0.019736842105263157
1 0.856489945155393 0.9222861842105263 0.024680073126142597 0.018914473684210526
0 0.4680073126142596 0.0859375 0.02102376599634369 0.018092105263157895
1 0.8619744058500914 0.38898026315789475 0.0356489945155393 0.02631578947368421
1 0.3903107861060329 0.1689967105263158 0.02102376599634369 0.01644736842105263
1 0.18327239488117003 0.49383223684210525 0.019195612431444242 0.015625
1 0.5658135283363802 0.2956414473684211 0.019195612431444242 0.019736842105263157
0 0.8660877513711152 0.34745065789473684 0.026508226691042046 0.018914473684210526
1 0.5525594149908593 0.46258223684210525 0.029250457038391225 0.02549342105263158
1 0.23811700182815357 0.680921052631579 0.024680073126142597 0.024671052631578948
1 0.9492687385740403 0.837171052631579 0.025594149908592323 0.02055921052631579
1 0.1425959780621572 0.4041940789473684 0.024680073126142597 0.022203947368421052
0 0.796617915904936 0.37787828947368424 0.02376599634369287 0.02055921052631579
0 0.4186471663619744 0.48026315789473684 0.021937842778793418 0.018914473684210526
1 0.5383912248628885 0.4420230263157895 0.022851919561243144 0.022203947368421052
1 0.8843692870201096 0.6891447368421053 0.02010968921389397 0.018092105263157895
0 0.9108775137111518 0.6155427631578947 0.02010968921389397 0.018914473684210526
1 0.7522851919561243 0.7339638157894737 0.029250457038391225 0.023848684210526317
0 0.8587751371115173 0.36348684210526316 0.027422303473491772 0.022203947368421052
1 0.010968921389396709 0.6278782894736842 0.021937842778793418 0.03289473684210526
1 0.27513711151736747 0.43914473684210525 0.016453382084095063 0.01644736842105263
1 0.16681901279707495 0.8334703947368421 0.021937842778793418 0.017269736842105265
1 0.9629798903107861 0.4140625 0.0356489945155393 0.022203947368421052
0 0.33318098720292505 0.9876644736842105 0.021937842778793418 0.018914473684210526
1 0.08135283363802559 0.8141447368421053 0.022851919561243144 0.01644736842105263
1 0.4725776965265082 0.009046052631578948 0.025594149908592323 0.018092105263157895
1 0.8514625228519196 0.7129934210526315 0.022851919561243144 0.02138157894736842
0 0.24817184643510054 0.9095394736842105 0.021937842778793418 0.018092105263157895
0 0.3843692870201097 0.30633223684210525 0.02010968921389397 0.018092105263157895
1 0.81672760511883 0.4420230263157895 0.02376599634369287 0.017269736842105265
1 0.36517367458866545 0.6044407894736842 0.022851919561243144 0.023026315789473683
1 0.7472577696526508 0.5814144736842105 0.02376599634369287 0.017269736842105265
1 0.9643510054844607 0.43585526315789475 0.03656307129798903 0.029605263157894735
1 0.3647166361974406 0.3359375 0.024680073126142597 0.022203947368421052
1 0.596892138939671 0.24671052631578946 0.019195612431444242 0.015625
0 0.8446069469835467 0.3441611842105263 0.026508226691042046 0.022203947368421052
1 0.06718464351005485 0.923108552631579 0.019195612431444242 0.02055921052631579
0 0.40493601462522855 0.29523026315789475 0.02010968921389397 0.01644736842105263
0 0.39259597806215724 0.2870065789473684 0.02010968921389397 0.018092105263157895
0 0.2070383912248629 0.28824013157894735 0.03016453382084095 0.027138157894736843
1 0.48491773308957953 0.15254934210526316 0.027422303473491772 0.019736842105263157
1 0.12522851919561243 0.9671052631578947 0.021937842778793418 0.018914473684210526
1 0.340036563071298 0.3334703947368421 0.02376599634369287 0.02138157894736842
1 0.2659963436928702 0.18914473684210525 0.021937842778793418 0.018092105263157895
1 0.8985374771480804 0.8754111842105263 0.016453382084095063 0.014802631578947368
1 0.6572212065813529 0.32401315789473684 0.026508226691042046 0.02138157894736842
1 0.6659049360146252 0.6336348684210527 0.02010968921389397 0.02138157894736842
1 0.573583180987203 0.26726973684210525 0.02010968921389397 0.018092105263157895
1 0.13117001828153566 0.4198190789473684 0.025594149908592323 0.023848684210526317
1 0.7829067641681902 0.5435855263157895 0.02102376599634369 0.018914473684210526
0 0.7815356489945156 0.22409539473684212 0.026508226691042046 0.019736842105263157
1 0.01416819012797075 0.5694901315789473 0.02010968921389397 0.02138157894736842
1 0.6128884826325411 0.0678453947368421 0.015539305301645339 0.014802631578947368
1 0.3711151736745887 0.3190789473684211 0.018281535648994516 0.01644736842105263
0 0.7659963436928702 0.30180921052631576 0.029250457038391225 0.024671052631578948
0 0.1956124314442413 0.8330592105263158 0.018281535648994516 0.015625
0 0.5173674588665448 0.6122532894736842 0.02010968921389397 0.018914473684210526
1 0.8884826325411335 0.0756578947368421 0.0283363802559415 0.02138157894736842
0 0.7399451553930531 0.9921875 0.02102376599634369 0.015625
1 0.4053930530164534 0.5575657894736842 0.02102376599634369 0.02138157894736842
1 0.0923217550274223 0.37212171052631576 0.01736745886654479 0.02055921052631579
0 0.1563071297989031 0.9671052631578947 0.025594149908592323 0.02138157894736842
1 0.5562157221206582 0.3770559210526316 0.022851919561243144 0.023026315789473683
1 0.8254113345521024 0.43133223684210525 0.021937842778793418 0.018914473684210526
1 0.5091407678244972 0.6303453947368421 0.02376599634369287 0.022203947368421052
1 0.02102376599634369 0.5888157894736842 0.02010968921389397 0.018092105263157895
1 0.9611517367458866 0.5773026315789473 0.021937842778793418 0.018914473684210526
1 0.11106032906764168 0.4666940789473684 0.025594149908592323 0.02055921052631579
0 0.42138939670932357 0.5316611842105263 0.029250457038391225 0.023848684210526317
0 0.2143510054844607 0.8704769736842105 0.021937842778793418 0.018914473684210526
1 0.9712065813528337 0.8396381578947368 0.02376599634369287 0.018914473684210526
1 0.25411334552102377 0.9453125 0.025594149908592323 0.022203947368421052
0 0.5795246800731262 0.42557565789473684 0.02102376599634369 0.01644736842105263
1 0.5278793418647166 0.600328947368421 0.019195612431444242 0.014802631578947368
1 0.3176416819012797 0.3725328947368421 0.015539305301645339 0.015625
1 0.3779707495429616 0.4975328947368421 0.022851919561243144 0.02631578947368421
1 0.8601462522851919 0.9946546052631579 0.026508226691042046 0.01069078947368421
1 0.5475319926873857 0.3762335526315789 0.022851919561243144 0.023848684210526317
1 0.7408592321755028 0.7146381578947368 0.022851919561243144 0.019736842105263157
1 0.8171846435100548 0.5571546052631579 0.02010968921389397 0.014802631578947368
1 0.31078610603290674 0.5818256578947368 0.025594149908592323 0.02055921052631579
1 0.9309872029250457 0.4017269736842105 0.03656307129798903 0.03782894736842105
1 0.08592321755027423 0.4120065789473684 0.015539305301645339 0.014802631578947368
1 0.420018281535649 0.3149671052631579 0.016453382084095063 0.014802631578947368
0 0.21617915904936014 0.9679276315789473 0.021937842778793418 0.018914473684210526
0 0.7509140767824497 0.4136513157894737 0.021937842778793418 0.018914473684210526
1 0.506398537477148 0.055098684210526314 0.016453382084095063 0.015625
1 0.8295246800731262 0.7179276315789473 0.02102376599634369 0.01644736842105263
1 0.1613345521023766 0.41118421052631576 0.027422303473491772 0.024671052631578948
1 0.29890310786106034 0.4527138157894737 0.02376599634369287 0.017269736842105265
0 0.45521023765996343 0.5596217105263158 0.02010968921389397 0.018914473684210526
1 0.6978976234003657 0.772203947368421 0.02102376599634369 0.018914473684210526
1 0.5004570383912249 0.2989309210526316 0.02010968921389397 0.014802631578947368
1 0.9218464351005484 0.8914473684210527 0.021937842778793418 0.018092105263157895
1 0.6956124314442413 0.4921875 0.018281535648994516 0.017269736842105265
1 0.07906764168190128 0.9954769736842105 0.025594149908592323 0.009046052631578948
0 0.1480804387568556 0.4465460526315789 0.02010968921389397 0.015625
1 0.2874771480804388 0.9950657894736842 0.02102376599634369 0.009868421052631578
0 0.296617915904936 0.7446546052631579 0.016453382084095063 0.013980263157894737
0 0.823126142595978 0.37335526315789475 0.022851919561243144 0.023848684210526317
1 0.43555758683729434 0.2652138157894737 0.018281535648994516 0.018092105263157895
1 0.11060329067641682 0.41899671052631576 0.018281535648994516 0.019736842105263157
1 0.6823583180987203 0.6439144736842105 0.022851919561243144 0.022203947368421052
1 0.3139853747714808 0.35855263157894735 0.015539305301645339 0.013980263157894737
1 0.1183729433272395 0.37129934210526316 0.016453382084095063 0.02138157894736842
0 0.5575868372943327 0.31866776315789475 0.024680073126142597 0.02055921052631579
1 0.7280621572212066 0.7524671052631579 0.02010968921389397 0.018914473684210526
1 0.756398537477148 0.555921052631579 0.024680073126142597 0.018092105263157895
0 0.13117001828153566 0.3573190789473684 0.027422303473491772 0.02138157894736842
1 0.3944241316270567 0.8236019736842105 0.02376599634369287 0.02055921052631579
0 0.7911334552102377 0.5645559210526315 0.018281535648994516 0.014802631578947368
0 0.409963436928702 0.2216282894736842 0.02102376599634369 0.017269736842105265
1 0.8674588665447898 0.046052631578947366 0.03473491773308958 0.028782894736842105
1 0.8427787934186471 0.7088815789473685 0.02010968921389397 0.018092105263157895
0 0.6416819012797075 0.6842105263157895 0.02376599634369287 0.018092105263157895
1 0.5255941499085923 0.4473684210526316 0.02102376599634369 0.022203947368421052
1 0.6640767824497258 0.8622532894736842 0.021937842778793418 0.015625
1 0.8158135283363802 0.4897203947368421 0.026508226691042046 0.02055921052631579
1 0.170018281535649 0.8651315789473685 0.018281535648994516 0.017269736842105265
1 0.6805301645338209 0.7606907894736842 0.02010968921389397 0.018914473684210526
0 0.5575868372943327 0.07894736842105263 0.015539305301645339 0.013980263157894737
1 0.6069469835466179 0.6365131578947368 0.02010968921389397 0.015625
1 0.34277879341864714 0.8219572368421053 0.019195612431444242 0.015625
0 0.31992687385740404 0.9946546052631579 0.02010968921389397 0.01069078947368421
1 0.49497257769652653 0.6048519736842105 0.018281535648994516 0.012335526315789474
0 0.5132541133455211 0.08264802631578948 0.021937842778793418 0.017269736842105265
1 0.1882998171846435 0.7471217105263158 0.02010968921389397 0.018914473684210526
1 0.9931444241316271 0.8063322368421053 0.012797074954296161 0.02055921052631579
1 0.93327239488117 0.6435032894736842 0.019195612431444242 0.022203947368421052
0 0.3126142595978062 0.8392269736842105 0.02102376599634369 0.017269736842105265
1 0.2143510054844607 0.5045230263157895 0.01736745886654479 0.015625
1 0.21709323583180987 0.8445723684210527 0.02010968921389397 0.01644736842105263
1 0.25685557586837293 0.8984375 0.019195612431444242 0.017269736842105265
1 0.2202925045703839 0.2520559210526316 0.03656307129798903 0.03042763157894737
0 0.9922303473491774 0.2865953947368421 0.015539305301645339 0.01644736842105263
1 0.8482632541133455 0.09498355263157894 0.02376599634369287 0.019736842105263157
1 0.5278793418647166 0.6291118421052632 0.02102376599634369 0.02055921052631579
1 0.17595978062157222 0.39144736842105265 0.016453382084095063 0.015625
1 0.01736745886654479 0.5550986842105263 0.02010968921389397 0.014802631578947368
0 0.8989945155393053 0.9950657894736842 0.019195612431444242 0.009868421052631578
0 0.21983546617915906 0.25287828947368424 0.03473491773308958 0.029605263157894735
1 0.5781535648994516 0.31332236842105265 0.022851919561243144 0.018914473684210526
1 0.843235831809872 0.9958881578947368 0.018281535648994516 0.008223684210526315
1 0.5603290676416819 0.7545230263157895 0.018281535648994516 0.01644736842105263
1 0.9821755027422303 0.5625 0.02010968921389397 0.018092105263157895
0 0.806672760511883 0.4284539473684211 0.019195612431444242 0.017269736842105265
1 0.5502742230347349 0.4292763157894737 0.02010968921389397 0.014802631578947368
1 0.36608775137111516 0.3071546052631579 0.018281535648994516 0.018092105263157895
0 0.006855575868372943 0.5974506578947368 0.013711151736745886 0.019736842105263157
0 0.770109689213894 0.2532894736842105 0.02010968921389397 0.013980263157894737
