1 0.7579166666666667 0.5131282820705176 0.06333333333333334 0.05251312828207052
0 0.08458333333333333 0.35596399099774945 0.043333333333333335 0.035258814703675916
1 0.07875 0.3162040510127532 0.056666666666666664 0.04801200300075019
1 0.18083333333333335 0.6961740435108777 0.055 0.04801200300075019
1 0.5654166666666667 0.20142535633908476 0.041666666666666664 0.03225806451612903
1 0.36041666666666666 0.567516879219805 0.058333333333333334 0.042010502625656414
1 0.8066666666666666 0.4898724681170293 0.049166666666666664 0.04951237809452363
1 0.37916666666666665 0.5341335333833458 0.05583333333333333 0.046511627906976744
1 0.95625 0.052138034508627154 0.045 0.03825956489122281
0 0.8533333333333334 0.020255063765941484 0.04416666666666667 0.037509377344336084
1 0.8820833333333333 0.07426856714178545 0.045 0.03600900225056264
1 0.36875 0.48537134283570893 0.0525 0.04351087771942986
1 0.20458333333333334 0.2280570142535634 0.03166666666666667 0.02700675168792198
1 0.9366666666666666 0.08064516129032258 0.04583333333333333 0.0345086271567892
0 0.12041666666666667 0.33833458364591146 0.049166666666666664 0.04126031507876969
0 0.056666666666666664 0.17479369842460615 0.03666666666666667 0.030007501875468866
1 0.7408333333333333 0.028882220555138786 0.05583333333333333 0.04576144036009002
0 0.8879166666666667 0.2479369842460615 0.023333333333333334 0.020255063765941484
1 0.23125 0.9039759939984996 0.0475 0.03075768942235559
0 0.51875 0.9849962490622656 0.03916666666666667 0.029257314328582147
0 0.6208333333333333 0.5026256564141035 0.03916666666666667 0.035258814703675916
0 0.8992 0.24282820705176295 0.023991666666666665 0.028304576144036007
1 0.9216666666666666 0.22993248312078018 0.03 0.03150787696924231
0 0.9120833333333334 0.03788447111777944 0.03833333333333333 0.035258814703675916
1 0.91625 0.1695423855963991 0.0475 0.04426106526631658
0 0.5845833333333333 0.49962490622655664 0.03666666666666667 0.03075768942235559
0 0.5979166666666667 0.5296324081020255 0.03916666666666667 0.03375843960990248
1 0.78375 0.015753938484621154 0.043333333333333335 0.03075768942235559
0 0.16666666666666666 0.5918979744936234 0.043333333333333335 0.033008252063015754
1 0.20333333333333334 0.25431357839459867 0.035 0.028507126781695424
0 0.15583333333333332 0.6234058514628658 0.043333333333333335 0.03600900225056264
1 0.26708333333333334 0.22355588897224307 0.03666666666666667 0.028507126781695424
1 0.865 0.04126031507876969 0.0525 0.04126031507876969
0 0.7654166666666666 0.5517629407351838 0.050833333333333335 0.033008252063015754
0 0.18 0.22993248312078018 0.025 0.02175543885971493
1 0.7375 0.47561890472618157 0.06416666666666666 0.051762940735183796
0 0.565 0.522880720180045 0.034166666666666665 0.03075768942235559
0 0.020833333333333332 0.2636909227306827 0.0275 0.024756189047261814
1 0.2725 0.8510877719429858 0.03833333333333333 0.03150787696924231
0 0.9816666666666667 0.03675918979744936 0.034166666666666665 0.030007501875468866
1 0.8133333333333334 0.5423855963990998 0.050833333333333335 0.037509377344336084
0 0.5991666666666666 0.6867966991747937 0.03833333333333333 0.03075768942235559
0 0.5554166666666667 0.9846211552888222 0.045 0.03075768942235559
0 0.15333333333333332 0.21905476369092272 0.0275 0.02175543885971493
1 0.18875 0.9414853713428357 0.05 0.03375843960990248
1 0.21416666666666667 0.6687921980495124 0.043333333333333335 0.03600900225056264
0 0.5808333333333333 0.6597899474868717 0.04 0.033008252063015754
0 0.014166666666666666 0.17404351087771944 0.028333333333333332 0.029257314328582147
0 0.8954166666666666 0.2231807951987997 0.025833333333333333 0.02175543885971493
0 0.11 0.6249062265566392 0.049166666666666664 0.03900975243810953
0 0.9104166666666667 0.2996999249812453 0.030833333333333334 0.024006001500375095
0 0.19708333333333333 0.894973743435859 0.03166666666666667 0.023255813953488372
0 0.12375 0.5922730682670667 0.05 0.03600900225056264
0 0.8445833333333334 0.07464366091522881 0.034166666666666665 0.03075768942235559
1 0.01875 0.28694673668417103 0.0325 0.0277569392348087
1 0.7783333333333333 0.04426106526631658 0.0375 0.03150787696924231
0 0.008333333333333333 0.27231807951987996 0.016666666666666666 0.02700675168792198
1 0.2529166666666667 0.6849212303075769 0.035833333333333335 0.029257314328582147
0 0.8175 0.038634658664666165 0.045 0.04126031507876969
0 0.9229166666666667 0.012003000750187547 0.03916666666666667 0.024006001500375095
0 0.8758333333333334 0.22993248312078018 0.025 0.021005251312828207
0 0.94125 0.025506376594148537 0.029166666666666667 0.025506376594148537
0 0.14291666666666666 0.9467366841710427 0.0375 0.030007501875468866
1 0.88125 0.007126781695423856 0.0475 0.014253563390847712
0 0.12125 0.36946736684171044 0.03333333333333333 0.028507126781695424
1 0.2608333333333333 0.2374343585896474 0.034166666666666665 0.02625656414103526
1 0.29625 0.8570892723180795 0.028333333333333332 0.029257314328582147
1 0.6804166666666667 0.30532633158289574 0.03333333333333333 0.0277569392348087
1 0.7008333333333333 0.32295573893473367 0.035 0.0277569392348087
0 0.10125 0.659039759939985 0.030833333333333334 0.02625656414103526
0 0.6575 0.3698424606151538 0.02666666666666667 0.023255813953488372
1 0.55375 0.5056264066016504 0.0275 0.02250562640660165
0 0.52125 0.9572393098274569 0.034166666666666665 0.028507126781695424
0 0.6166666666666667 0.6474118529632408 0.035 0.03375843960990248
0 0.13083333333333333 0.9092273068267067 0.04666666666666667 0.03825956489122281
0 0.7758333333333334 0.37696924231057766 0.023333333333333334 0.020255063765941484
0 0.09056666666666667 0.14326331582895724 0.04045833333333333 0.02782445611402851
0 0.15689166666666668 0.2600150037509378 0.030166666666666668 0.020907726931732935
1 0.2911083333333333 0.7546661665416354 0.061625 0.04402850712678169
0 0.20397500000000002 0.9301275318829707 0.040325 0.026991747936984244
0 0.7804583333333333 0.3622880720180045 0.03476666666666667 0.022288072018004503
0 0.9583083333333333 0.018604651162790697 0.02936666666666667 0.025701425356339083
1 0.9793666666666667 0.06939234808702176 0.03136666666666667 0.027944486121530384
