1 0.3240402193784278 0.04810855263157895 0.03016453382084095 0.023848684210526317
1 0.46755027422303475 0.5707236842105263 0.0356489945155393 0.03289473684210526
1 0.693327239488117 0.3112664473684211 0.033820840950639856 0.027960526315789474
1 0.856489945155393 0.014802631578947368 0.0283363802559415 0.02631578947368421
1 0.10420475319926874 0.025082236842105265 0.03656307129798903 0.028782894736842105
1 0.2696526508226691 0.13815789473684212 0.031992687385740404 0.027960526315789474
0 0.193327239488117 0.028782894736842105 0.019195612431444242 0.018092105263157895
1 0.9328153564899452 0.03330592105263158 0.03473491773308958 0.03042763157894737
1 0.44515539305301643 0.28042763157894735 0.031078610603290677 0.027960526315789474
1 0.9040219378427788 0.09416118421052631 0.031078610603290677 0.02549342105263158
1 0.9853747714808044 0.10485197368421052 0.0283363802559415 0.023848684210526317
1 0.22714808043875687 0.1455592105263158 0.0283363802559415 0.027960526315789474
1 0.43875685557586835 0.22203947368421054 0.03016453382084095 0.02631578947368421
1 0.8688299817184644 0.03618421052631579 0.038391224862888484 0.03125
1 0.7399451553930531 0.25287828947368424 0.03656307129798903 0.03125
1 0.863345521023766 0.16324013157894737 0.0283363802559415 0.027960526315789474
1 0.8738574040219378 0.1846217105263158 0.027422303473491772 0.027960526315789474
1 0.8743144424131627 0.11513157894736842 0.025594149908592323 0.023026315789473683
1 0.9762340036563071 0.12746710526315788 0.031992687385740404 0.03042763157894737
1 0.41544789762340034 0.2512335526315789 0.021937842778793418 0.023026315789473683
1 0.8368372943327239 0.025082236842105265 0.0283363802559415 0.028782894736842105
0 0.7664533820840951 0.011101973684210526 0.026508226691042046 0.02138157894736842
1 0.2180073126142596 0.18009868421052633 0.02376599634369287 0.023848684210526317
1 0.1750457038391225 0.17269736842105263 0.0283363802559415 0.02549342105263158
1 0.4570383912248629 0.5460526315789473 0.027422303473491772 0.02549342105263158
1 0.5278793418647166 0.3832236842105263 0.031078610603290677 0.027960526315789474
1 0.2856489945155393 0.10444078947368421 0.031078610603290677 0.027960526315789474
1 0.6988117001828154 0.3379934210526316 0.03016453382084095 0.027960526315789474
1 0.899908592321755 0.1225328947368421 0.029250457038391225 0.023848684210526317
1 0.5539305301645339 0.011924342105263159 0.03290676416819013 0.023848684210526317
1 0.7038391224862889 0.2216282894736842 0.026508226691042046 0.024671052631578948
1 0.5804387568555759 0.009457236842105263 0.031078610603290677 0.018914473684210526
1 0.9003656307129799 0.18667763157894737 0.0283363802559415 0.023848684210526317
1 0.496800731261426 0.38445723684210525 0.0283363802559415 0.024671052631578948
1 0.8002742230347349 0.15789473684210525 0.0356489945155393 0.032072368421052634
1 0.7906764168190128 0.18338815789473684 0.03016453382084095 0.027960526315789474
1 0.5287934186471663 0.33881578947368424 0.03290676416819013 0.03453947368421053
1 0.7637111517367459 0.16570723684210525 0.029250457038391225 0.027960526315789474
1 0.3176416819012797 0.109375 0.03016453382084095 0.02631578947368421
1 0.29570383912248627 0.12870065789473684 0.027422303473491772 0.02631578947368421
1 0.8478062157221207 0.25 0.03290676416819013 0.03289473684210526
1 0.9095063985374772 0.07319078947368421 0.027422303473491772 0.023848684210526317
1 0.27376599634369286 0.07195723684210527 0.0283363802559415 0.027960526315789474
1 0.5054844606946983 0.16858552631578946 0.025594149908592323 0.023026315789473683
1 0.5260511882998172 0.30962171052631576 0.027422303473491772 0.02549342105263158
0 0.17824497257769653 0.12582236842105263 0.021937842778793418 0.019736842105263157
0 0.5557586837294333 0.32401315789473684 0.031078610603290677 0.02631578947368421
1 0.81672760511883 0.2590460526315789 0.033820840950639856 0.033717105263157895
1 0.2874771480804388 0.078125 0.024680073126142597 0.024671052631578948
1 0.24314442413162707 0.17269736842105263 0.03016453382084095 0.029605263157894735
1 0.30438756855575866 0.06044407894736842 0.02376599634369287 0.023848684210526317
1 0.4373857404021938 0.5625 0.031992687385740404 0.029605263157894735
1 0.7911334552102377 0.22121710526315788 0.027422303473491772 0.02549342105263158
1 0.553473491773309 0.3667763157894737 0.027422303473491772 0.02631578947368421
0 0.1745886654478976 0.028782894736842105 0.025594149908592323 0.02549342105263158
1 0.1956124314442413 0.14226973684210525 0.027422303473491772 0.023848684210526317
1 0.5095978062157221 0.36554276315789475 0.03016453382084095 0.02549342105263158
1 0.48080438756855576 0.3379934210526316 0.031992687385740404 0.028782894736842105
1 0.8912248628884827 0.021792763157894735 0.027422303473491772 0.023848684210526317
0 0.1882998171846435 0.011513157894736841 0.024680073126142597 0.019736842105263157
1 0.9908592321755028 0.16981907894736842 0.01736745886654479 0.03125
1 0.9081352833638026 0.1640625 0.02376599634369287 0.02549342105263158
1 0.9922303473491774 0.14473684210526316 0.015539305301645339 0.023026315789473683
1 0.8889396709323584 0.1689967105263158 0.027422303473491772 0.023026315789473683
1 0.3162705667276051 0.078125 0.02376599634369287 0.02055921052631579
0 0.1960694698354662 0.12047697368421052 0.02010968921389397 0.018092105263157895
1 0.43647166361974404 0.24342105263157895 0.025594149908592323 0.02138157894736842
1 0.22440585009140768 0.017269736842105265 0.029250457038391225 0.027138157894736843
0 0.47623400365630714 0.4605263157894737 0.029250457038391225 0.027960526315789474
1 0.9945155393053017 0.12376644736842106 0.010968921389396709 0.03042763157894737
0 0.956581352833638 0.02549342105263158 0.024680073126142597 0.023848684210526317
1 0.8697440585009141 0.10032894736842106 0.024680073126142597 0.018914473684210526
0 0.4835466179159049 0.3112664473684211 0.027422303473491772 0.024671052631578948
0 0.8875685557586838 0.005756578947368421 0.02010968921389397 0.011513157894736841
1 0.4680073126142596 0.5933388157894737 0.03290676416819013 0.024671052631578948
1 0.8418647166361974 0.0078125 0.0283363802559415 0.015625
0 0.5054844606946983 0.3223684210526316 0.024680073126142597 0.023848684210526317
1 0.3281535648994516 0.06825657894736842 0.025594149908592323 0.019736842105263157
1 0.463436928702011 0.4712171052631579 0.03656307129798903 0.033717105263157895
1 0.3313528336380256 0.09251644736842106 0.02010968921389397 0.02055921052631579
1 0.5114259597806216 0.09004934210526316 0.025594149908592323 0.023848684210526317
1 0.7664533820840951 0.18832236842105263 0.024680073126142597 0.022203947368421052
1 0.7600548446069469 0.23026315789473684 0.027422303473491772 0.023026315789473683
0 0.22486288848263253 0.017269736842105265 0.027422303473491772 0.027138157894736843
0 0.41681901279707495 0.22409539473684212 0.02102376599634369 0.022203947368421052
1 0.7413162705667276 0.20394736842105263 0.03016453382084095 0.02055921052631579
0 0.17321755027422303 0.14802631578947367 0.0283363802559415 0.024671052631578948
0 0.806672760511883 0.2314967105263158 0.029250457038391225 0.02549342105263158
1 0.7824497257769653 0.14391447368421054 0.022851919561243144 0.015625
1 0.4186471663619744 0.2759046052631579 0.021937842778793418 0.02138157894736842
0 0.44744058500914075 0.5838815789473685 0.02376599634369287 0.02138157894736842
0 0.7157221206581352 0.32524671052631576 0.024680073126142597 0.024671052631578948
0 0.8318098720292505 0.2294407894736842 0.024680073126142597 0.023026315789473683
1 0.7495429616087751 0.02261513157894737 0.024680073126142597 0.018914473684210526
0 0.9058500914076782 0.01069078947368421 0.02376599634369287 0.019736842105263157
1 0.6723034734917733 0.3338815789473684 0.026508226691042046 0.027960526315789474
1 0.503199268738574 0.29276315789473684 0.031992687385740404 0.03042763157894737
