1 0.011882998171846435 0.7183388157894737 0.02376599634369287 0.02631578947368421
1 0.6476234003656307 0.4634046052631579 0.033820840950639856 0.027960526315789474
1 0.6348263254113345 0.8301809210526315 0.025594149908592323 0.023026315789473683
1 0.0356489945155393 0.686266447368421 0.021937842778793418 0.022203947368421052
1 0.6448811700182815 0.9185855263157895 0.026508226691042046 0.022203947368421052
1 0.656764168190128 0.8873355263157895 0.024680073126142597 0.019736842105263157
1 0.36060329067641683 0.7220394736842105 0.024680073126142597 0.023026315789473683
1 0.6508226691042047 0.4921875 0.03290676416819013 0.03125
1 0.01416819012797075 0.6924342105263158 0.021937842778793418 0.019736842105263157
1 0.6503656307129799 0.9375 0.024680073126142597 0.02055921052631579
1 0.6215722120658135 0.9555921052631579 0.026508226691042046 0.024671052631578948
1 0.9561243144424132 0.11389802631578948 0.03290676416819013 0.028782894736842105
1 0.946526508226691 0.49835526315789475 0.025594149908592323 0.018092105263157895
0 0.6654478976234004 0.2800164473684211 0.031078610603290677 0.028782894736842105
1 0.6553930530164533 0.9046052631578947 0.027422303473491772 0.019736842105263157
