1 0.5712979890310786 0.2668585526315789 0.044789762340036565 0.03289473684210526
1 0.11288848263254113 0.42804276315789475 0.03290676416819013 0.03042763157894737
1 0.13254113345521024 0.3918585526315789 0.03290676416819013 0.023848684210526317
1 0.35146252285191953 0.5086348684210527 0.026508226691042046 0.023026315789473683
1 0.6997257769652651 0.7787828947368421 0.03473491773308958 0.03453947368421053
1 0.7038391224862889 0.35567434210526316 0.03290676416819013 0.027138157894736843
1 0.31581352833638027 0.9473684210526315 0.033820840950639856 0.027960526315789474
1 0.20109689213893966 0.4107730263157895 0.031992687385740404 0.024671052631578948
1 0.6974405850091407 0.8458059210526315 0.025594149908592323 0.02055921052631579
1 0.5109689213893968 0.6500822368421053 0.0283363802559415 0.02549342105263158
1 0.466636197440585 0.8125 0.033820840950639856 0.028782894736842105
1 0.24542961608775138 0.7191611842105263 0.027422303473491772 0.027138157894736843
1 0.6914990859232175 0.39473684210526316 0.031078610603290677 0.029605263157894735
1 0.6384826325411335 0.5563322368421053 0.024680073126142597 0.023026315789473683
1 0.5749542961608776 0.6509046052631579 0.024680073126142597 0.023026315789473683
1 0.13071297989031078 0.6036184210526315 0.0283363802559415 0.024671052631578948
1 0.5982632541133455 0.828125 0.029250457038391225 0.023848684210526317
1 0.7582266910420475 0.881578947368421 0.03656307129798903 0.03125
1 0.19241316270566727 0.4317434210526316 0.031078610603290677 0.023026315789473683
1 0.5475319926873857 0.8643092105263158 0.025594149908592323 0.02138157894736842
1 0.08363802559414991 0.33223684210526316 0.026508226691042046 0.027960526315789474
1 0.5109689213893968 0.4876644736842105 0.03016453382084095 0.023026315789473683
1 0.5173674588665448 0.44819078947368424 0.026508226691042046 0.024671052631578948
1 0.5191956124314442 0.9893092105263158 0.025594149908592323 0.02055921052631579
1 0.7248628884826326 0.9124177631578947 0.03473491773308958 0.028782894736842105
1 0.623400365630713 0.8116776315789473 0.0283363802559415 0.024671052631578948
1 0.8057586837294333 0.6858552631578947 0.0283363802559415 0.02549342105263158
1 0.6581352833638026 0.782483552631579 0.031078610603290677 0.02631578947368421
1 0.44104204753199266 0.8096217105263158 0.029250457038391225 0.027960526315789474
1 0.9003656307129799 0.5596217105263158 0.026508226691042046 0.019736842105263157
1 0.16316270566727606 0.665296052631579 0.03016453382084095 0.024671052631578948
1 0.21023765996343693 0.47162828947368424 0.031078610603290677 0.032072368421052634
1 0.062157221206581355 0.34662828947368424 0.031078610603290677 0.02549342105263158
1 0.6590493601462523 0.5526315789473685 0.021937842778793418 0.024671052631578948
1 0.6192870201096892 0.3223684210526316 0.03290676416819013 0.03125
1 0.9913162705667276 0.712171052631579 0.01736745886654479 0.023026315789473683
1 0.6549360146252285 0.38569078947368424 0.024680073126142597 0.023848684210526317
1 0.22623400365630714 0.5115131578947368 0.029250457038391225 0.027960526315789474
1 0.3743144424131627 0.9243421052631579 0.029250457038391225 0.023026315789473683
1 0.33957952468007313 0.6591282894736842 0.026508226691042046 0.02631578947368421
1 0.3587751371115174 0.865953947368421 0.037477148080438755 0.03125
1 0.1613345521023766 0.6056743421052632 0.03290676416819013 0.03125
1 0.676416819012797 0.7993421052631579 0.037477148080438755 0.029605263157894735
1 0.2673674588665448 0.7286184210526315 0.026508226691042046 0.023026315789473683
1 0.23491773308957953 0.4765625 0.027422303473491772 0.027960526315789474
1 0.5059414990859232 0.8256578947368421 0.029250457038391225 0.023848684210526317
1 0.7426873857404022 0.5826480263157895 0.027422303473491772 0.02055921052631579
1 0.1476234003656307 0.6846217105263158 0.033820840950639856 0.027960526315789474
1 0.3482632541133455 0.6180098684210527 0.022851919561243144 0.02138157894736842
1 0.5150822669104205 0.5057565789473685 0.029250457038391225 0.02138157894736842
1 0.3194698354661792 0.8548519736842105 0.029250457038391225 0.03125
1 0.6526508226691042 0.3203125 0.022851919561243144 0.02138157894736842
1 0.6791590493601463 0.8597861842105263 0.024680073126142597 0.02055921052631579
1 0.6627056672760512 0.4506578947368421 0.031992687385740404 0.027960526315789474
1 0.5557586837294333 0.8955592105263158 0.03016453382084095 0.023026315789473683
1 0.4625228519195612 0.47491776315789475 0.021937842778793418 0.023026315789473683
1 0.2673674588665448 0.8412828947368421 0.02376599634369287 0.023848684210526317
1 0.7874771480804388 0.6529605263157895 0.019195612431444242 0.01644736842105263
1 0.30895795246800734 0.6673519736842105 0.025594149908592323 0.02549342105263158
1 0.3423217550274223 0.8441611842105263 0.026508226691042046 0.02549342105263158
1 0.4945155393053016 0.44942434210526316 0.02102376599634369 0.019736842105263157
1 0.9492687385740403 0.40912828947368424 0.027422303473491772 0.024671052631578948
1 0.6558500914076782 0.8087993421052632 0.0283363802559415 0.028782894736842105
1 0.7015539305301646 0.8692434210526315 0.031078610603290677 0.02549342105263158
1 0.8578610603290676 0.8791118421052632 0.027422303473491772 0.02631578947368421
0 0.13254113345521024 0.4128289473684211 0.027422303473491772 0.02138157894736842
1 0.04981718464351006 0.8227796052631579 0.0283363802559415 0.02549342105263158
1 0.3857404021937843 0.860608552631579 0.021937842778793418 0.02549342105263158
1 0.3656307129798903 0.8474506578947368 0.024680073126142597 0.018092105263157895
1 0.08089579524680073 0.6023848684210527 0.0283363802559415 0.024671052631578948
1 0.33180987202925044 0.8856907894736842 0.03930530164533821 0.03453947368421053
1 0.5415904936014625 0.6488486842105263 0.022851919561243144 0.02631578947368421
1 0.5955210237659964 0.6509046052631579 0.025594149908592323 0.023026315789473683
1 0.6457952468007313 0.33963815789473684 0.026508226691042046 0.022203947368421052
1 0.7308043875685558 0.850328947368421 0.022851919561243144 0.02055921052631579
1 0.7627970749542962 0.8577302631578947 0.021937842778793418 0.018092105263157895
1 0.5973491773308958 0.24588815789473684 0.029250457038391225 0.027960526315789474
1 0.2755941499085923 0.7257401315789473 0.021937842778793418 0.02138157894736842
1 0.5955210237659964 0.811266447368421 0.021937842778793418 0.017269736842105265
1 0.6759597806215722 0.84375 0.02102376599634369 0.01644736842105263
1 0.27010968921389394 0.7076480263157895 0.022851919561243144 0.018092105263157895
1 0.5461608775137111 0.20065789473684212 0.026508226691042046 0.023026315789473683
0 0.09506398537477148 0.35649671052631576 0.021937842778793418 0.017269736842105265
1 0.051188299817184646 0.3326480263157895 0.02376599634369287 0.019736842105263157
1 0.32678244972577697 0.005756578947368421 0.027422303473491772 0.011513157894736841
1 0.5493601462522852 0.7816611842105263 0.024680073126142597 0.018914473684210526
1 0.4936014625228519 0.9107730263157895 0.025594149908592323 0.018092105263157895
1 0.7723948811700183 0.5259046052631579 0.024680073126142597 0.018914473684210526
1 0.8939670932358318 0.9790296052631579 0.02376599634369287 0.023848684210526317
1 0.5685557586837294 0.9087171052631579 0.02376599634369287 0.014802631578947368
1 0.2609689213893967 0.8589638157894737 0.021937842778793418 0.019736842105263157
0 0.6074040219378428 0.8532072368421053 0.02010968921389397 0.01644736842105263
1 0.3459780621572212 0.8910361842105263 0.04753199268738574 0.033717105263157895
1 0.12385740402193784 0.6685855263157895 0.027422303473491772 0.023026315789473683
1 0.2701736745886654 0.2225657894736842 0.03207495429616088 0.020945723684210524
1 0.4879981718464351 0.24 0.03330895795246801 0.0278125
1 0.48029250457038397 0.2172203947368421 0.036279707495429615 0.020435855263157898
0 0.6380530164533821 0.19385690789473684 0.02069469835466179 0.028462171052631578
0 0.5957495429616088 0.4674342105263158 0.019570383912248628 0.021825657894736842
0 0.6123765996343693 0.41314144736842107 0.02593235831809872 0.02145559210526316
1 0.26232175502742233 0.4765953947368421 0.022029250457038393 0.019786184210526313
1 0.263382084095064 0.5061924342105263 0.019908592321755028 0.016595394736842104
1 0.16978976234003657 0.6550740131578948 0.02940585009140768 0.01774671052631579
1 0.16073126142595978 0.7285197368421052 0.03393053016453382 0.02459703947368421
1 0.4329616087751371 0.7622121710526316 0.02370201096892139 0.021957236842105262
1 0.45276965265082264 0.9841529605263158 0.02936014625228519 0.020271381578947367
