1 0.3825 0.9849962490622656 0.041666666666666664 0.029257314328582147
1 0.58625 0.9474868717179294 0.04083333333333333 0.033008252063015754
1 0.16375 0.37809452363090773 0.045 0.04576144036009002
1 0.5441666666666667 0.9396099024756189 0.04083333333333333 0.037509377344336084
1 0.5720833333333334 0.9212303075768942 0.04 0.035258814703675916
1 0.24958333333333332 0.34733683420855216 0.04666666666666667 0.04126031507876969
1 0.5079166666666667 0.9362340585146287 0.03666666666666667 0.037509377344336084
1 0.19458333333333333 0.39909977494373594 0.049166666666666664 0.03150787696924231
0 0.4841666666666667 0.9909977494373593 0.035833333333333335 0.01800450112528132
1 0.25 0.8743435858964741 0.03333333333333333 0.021005251312828207
1 0.5375 0.9096024006001501 0.03833333333333333 0.030007501875468866
1 0.50625 0.9062265566391597 0.03166666666666667 0.028507126781695424
1 0.20875 0.3267066766691673 0.03166666666666667 0.028507126781695424
1 0.2704166666666667 0.377344336084021 0.03666666666666667 0.03600900225056264
1 0.2708333333333333 0.8660915228807202 0.030833333333333334 0.02700675168792198
1 0.5466666666666666 0.8927231807951987 0.0325 0.02250562640660165
1 0.5209166666666667 0.9883420855213804 0.029416666666666664 0.016039009752438108
1 0.3942083333333333 0.9441935483870967 0.031683333333333334 0.02197299324831208
