1 0.195 0.1024006001500375 0.05333333333333334 0.035258814703675916
0 0.98625 0.3300825206301575 0.025833333333333333 0.025506376594148537
1 0.30416666666666664 0.028132033008252063 0.04833333333333333 0.037509377344336084
0 0.29 0.01387846961740435 0.03333333333333333 0.02700675168792198
0 0.19208333333333333 0.07164291072768192 0.030833333333333334 0.029257314328582147
1 0.26125 0.01687921980495124 0.03333333333333333 0.033008252063015754
1 0.7266666666666667 0.486496624156039 0.06166666666666667 0.04426106526631658
0 0.17125 0.07426856714178545 0.025833333333333333 0.028507126781695424
0 0.9771666666666666 0.3486271567891973 0.029633333333333334 0.027321830457614407
0 0.9928833333333333 0.3093398349587397 0.014233333333333332 0.03464366091522881
1 0.3063 0.04617404351087772 0.039266666666666665 0.0222655663915979
