1 0.09414990859232175 0.3104440789473684 0.03656307129798903 0.027960526315789474
1 0.056672760511883 0.24383223684210525 0.031078610603290677 0.027960526315789474
1 0.22394881170018283 0.40542763157894735 0.038391224862888484 0.029605263157894735
1 0.9346435100548446 0.609375 0.0356489945155393 0.029605263157894735
1 0.4680073126142596 0.30180921052631576 0.033820840950639856 0.03125
1 0.1750457038391225 0.19860197368421054 0.031078610603290677 0.027138157894736843
1 0.2093235831809872 0.19654605263157895 0.031992687385740404 0.028782894736842105
1 0.16727605118829983 0.12212171052631579 0.038391224862888484 0.027960526315789474
1 0.21755027422303475 0.09457236842105263 0.027422303473491772 0.023848684210526317
1 0.17276051188299818 0.09745065789473684 0.037477148080438755 0.02549342105263158
1 0.17778793418647165 0.3614309210526316 0.031078610603290677 0.027960526315789474
1 0.13254113345521024 0.3667763157894737 0.029250457038391225 0.02549342105263158
1 0.6485374771480804 0.05304276315789474 0.0283363802559415 0.023848684210526317
1 0.21663619744058502 0.3832236842105263 0.03016453382084095 0.02549342105263158
1 0.16590493601462522 0.3416940789473684 0.025594149908592323 0.022203947368421052
1 0.07038391224862889 0.2709703947368421 0.031078610603290677 0.02631578947368421
1 0.19378427787934185 0.40789473684210525 0.027422303473491772 0.024671052631578948
1 0.726691042047532 0.11143092105263158 0.0283363802559415 0.02549342105263158
1 0.06398537477148081 0.36101973684210525 0.0283363802559415 0.02549342105263158
1 0.03884826325411334 0.3433388157894737 0.0283363802559415 0.027960526315789474
1 0.10374771480804387 0.28495065789473684 0.025594149908592323 0.022203947368421052
1 0.12431444241316271 0.34375 0.027422303473491772 0.022203947368421052
0 0.09917733089579525 0.1147203947368421 0.031078610603290677 0.024671052631578948
1 0.03244972577696526 0.2557565789473684 0.0283363802559415 0.023848684210526317
1 0.9021937842778793 0.6266447368421053 0.03473491773308958 0.029605263157894735
0 0.12157221206581353 0.07853618421052631 0.027422303473491772 0.022203947368421052
1 0.19287020109689215 0.21546052631578946 0.0283363802559415 0.02138157894736842
0 0.10968921389396709 0.05180921052631579 0.031992687385740404 0.022203947368421052
1 0.4396709323583181 0.31743421052631576 0.0283363802559415 0.023848684210526317
1 0.02696526508226691 0.23396381578947367 0.0283363802559415 0.023848684210526317
1 0.2340036563071298 0.3692434210526316 0.03930530164533821 0.028782894736842105
1 0.5425045703839122 0.04893092105263158 0.03473491773308958 0.03042763157894737
1 0.19515539305301646 0.37664473684210525 0.025594149908592323 0.027960526315789474
0 0.10283363802559416 0.09457236842105263 0.024680073126142597 0.019736842105263157
1 0.011425959780621572 0.3416940789473684 0.022851919561243144 0.03125
1 0.4986288848263254 0.20518092105263158 0.025594149908592323 0.02138157894736842
1 0.16224862888482633 0.3227796052631579 0.026508226691042046 0.019736842105263157
1 0.17824497257769653 0.3268914473684211 0.021937842778793418 0.019736842105263157
1 0.22760511882998172 0.19366776315789475 0.02376599634369287 0.027138157894736843
1 0.3560329067641682 0.2824835526315789 0.02376599634369287 0.02138157894736842
0 0.15127970749542963 0.07894736842105263 0.022851919561243144 0.018914473684210526
1 0.24680073126142596 0.37006578947368424 0.027422303473491772 0.032072368421052634
0 0.06672760511882998 0.3347039473684211 0.026508226691042046 0.019736842105263157
1 0.13482632541133455 0.12541118421052633 0.027422303473491772 0.023848684210526317
0 0.236745886654479 0.10814144736842106 0.02376599634369287 0.018914473684210526
