1 0.67625 0.04013503375843961 0.05416666666666667 0.05251312828207052
1 0.9104166666666667 0.49099774943735935 0.045 0.035258814703675916
1 0.9604166666666667 0.5105026256564141 0.04833333333333333 0.04576144036009002
1 0.7216666666666667 0.020630157539384845 0.05 0.04051012753188297
0 0.89125 0.5378844711177795 0.03833333333333333 0.033008252063015754
1 0.7204166666666667 0.06001500375093773 0.051666666666666666 0.04126031507876969
1 0.78875 0.042010502625656414 0.045 0.046511627906976744
0 0.9145833333333333 0.5172543135783946 0.035 0.029257314328582147
0 0.9233333333333333 0.5453863465866466 0.0325 0.030007501875468866
0 0.75875 0.01350337584396099 0.0325 0.02700675168792198
0 0.7675 0.09152288072018004 0.03916666666666667 0.03225806451612903
1 0.975 0.4606151537884471 0.04083333333333333 0.04351087771942986
1 0.9220833333333334 0.4617404351087772 0.0425 0.03375843960990248
0 0.8033833333333333 0.0074643660915228805 0.04981666666666667 0.014921230307576895
0 0.9484333333333332 0.473953488372093 0.031925 0.02990997749437359
0 0.9823333333333333 0.49055513878469614 0.032875 0.02765191297824456
