1 0.6869287020109689 0.26850328947368424 0.031992687385740404 0.027138157894736843
1 0.263254113345521 0.0834703947368421 0.025594149908592323 0.022203947368421052
1 0.823583180987203 0.23478618421052633 0.027422303473491772 0.023848684210526317
1 0.6010054844606947 0.3511513157894737 0.027422303473491772 0.02549342105263158
1 0.40722120658135286 0.3684210526315789 0.026508226691042046 0.023026315789473683
1 0.38254113345521024 0.2890625 0.024680073126142597 0.024671052631578948
1 0.16727605118829983 0.4375 0.03016453382084095 0.02631578947368421
1 0.25594149908592323 0.9613486842105263 0.031078610603290677 0.02631578947368421
1 0.12157221206581353 0.25945723684210525 0.027422303473491772 0.027138157894736843
1 0.19972577696526508 0.4576480263157895 0.031992687385740404 0.027960526315789474
1 0.5383912248628885 0.6032072368421053 0.024680073126142597 0.02055921052631579
1 0.8788848263254113 0.008223684210526315 0.029250457038391225 0.01644736842105263
1 0.42687385740402195 0.37129934210526316 0.022851919561243144 0.023848684210526317
1 0.7088665447897623 0.09868421052631579 0.031078610603290677 0.02631578947368421
1 0.7783363802559415 0.0234375 0.027422303473491772 0.024671052631578948
1 0.09414990859232175 0.25945723684210525 0.027422303473491772 0.02549342105263158
1 0.30118829981718465 0.8207236842105263 0.03290676416819013 0.03042763157894737
1 0.2595978062157221 0.3112664473684211 0.022851919561243144 0.022203947368421052
1 0.5598720292504571 0.5990953947368421 0.02376599634369287 0.023026315789473683
1 0.7810786106032906 0.555921052631579 0.03290676416819013 0.028782894736842105
1 0.49085923217550276 0.8589638157894737 0.03473491773308958 0.03042763157894737
1 0.5347349177330896 0.0990953947368421 0.03473491773308958 0.027138157894736843
1 0.7312614259597806 0.109375 0.0283363802559415 0.023848684210526317
1 0.34643510054844606 0.8589638157894737 0.03016453382084095 0.02549342105263158
1 0.6302559414990859 0.10485197368421052 0.03290676416819013 0.027960526315789474
1 0.9255027422303473 0.17804276315789475 0.02376599634369287 0.02138157894736842
1 0.9812614259597806 0.5131578947368421 0.03473491773308958 0.028782894736842105
1 0.7742230347349177 0.602796052631579 0.031078610603290677 0.02549342105263158
1 0.5457038391224863 0.35320723684210525 0.0283363802559415 0.02055921052631579
1 0.3546617915904936 0.8824013157894737 0.03016453382084095 0.028782894736842105
1 0.05987202925045704 0.48273026315789475 0.03016453382084095 0.027960526315789474
1 0.8642595978062158 0.10485197368421052 0.025594149908592323 0.02138157894736842
1 0.9090493601462523 0.5666118421052632 0.03930530164533821 0.027960526315789474
1 0.3610603290676417 0.2981085526315789 0.03016453382084095 0.027138157894736843
1 0.8505484460694699 0.12828947368421054 0.024680073126142597 0.023026315789473683
1 0.7513711151736746 0.025904605263157895 0.027422303473491772 0.02549342105263158
1 0.5648994515539305 0.3379934210526316 0.0283363802559415 0.024671052631578948
1 0.047989031078610606 0.15090460526315788 0.03016453382084095 0.023026315789473683
1 0.21160877513711152 0.8408717105263158 0.029250457038391225 0.027138157894736843
1 0.7212065813528337 0.020970394736842105 0.026508226691042046 0.024671052631578948
1 0.9840036563071298 0.036595394736842105 0.022851919561243144 0.017269736842105265
1 0.8720292504570384 0.5777138157894737 0.031992687385740404 0.027960526315789474
1 0.9040219378427788 0.6196546052631579 0.031078610603290677 0.027138157894736843
1 0.8807129798903108 0.03495065789473684 0.03016453382084095 0.02549342105263158
1 0.6750457038391224 0.3285361842105263 0.025594149908592323 0.023848684210526317
1 0.2545703839122486 0.9847861842105263 0.031992687385740404 0.027960526315789474
1 0.42230347349177333 0.8379934210526315 0.031992687385740404 0.029605263157894735
1 0.6928702010968921 0.3511513157894737 0.0356489945155393 0.028782894736842105
1 0.38162705667276053 0.8902138157894737 0.031078610603290677 0.027138157894736843
1 0.46617915904936014 0.8441611842105263 0.027422303473491772 0.023848684210526317
1 0.21937842778793418 0.953125 0.033820840950639856 0.032072368421052634
1 0.8971663619744058 0.5921052631578947 0.031078610603290677 0.027138157894736843
1 0.7609689213893968 0.07442434210526316 0.031078610603290677 0.02631578947368421
1 0.18738574040219377 0.04399671052631579 0.027422303473491772 0.02138157894736842
1 0.21846435100548445 0.8614309210526315 0.024680073126142597 0.02138157894736842
1 0.22349177330895795 0.9864309210526315 0.03016453382084095 0.02631578947368421
1 0.8651736745886655 0.14761513157894737 0.029250457038391225 0.02549342105263158
1 0.42915904936014626 0.5629111842105263 0.018281535648994516 0.014802631578947368
1 0.0850091407678245 0.5176809210526315 0.03290676416819013 0.027960526315789474
1 0.273308957952468 0.8273026315789473 0.029250457038391225 0.03042763157894737
1 0.7568555758683729 0.5842927631578947 0.031078610603290677 0.027138157894736843
1 0.8747714808043876 0.47245065789473684 0.026508226691042046 0.022203947368421052
1 0.8505484460694699 0.21998355263157895 0.026508226691042046 0.023026315789473683
1 0.1823583180987203 0.39226973684210525 0.03016453382084095 0.027960526315789474
1 0.31352833638025596 0.15254934210526316 0.026508226691042046 0.024671052631578948
1 0.06764168190127971 0.14473684210526316 0.019195612431444242 0.017269736842105265
1 0.5141681901279708 0.6077302631578947 0.02376599634369287 0.02055921052631579
0 0.8610603290676416 0.08429276315789473 0.025594149908592323 0.02055921052631579
1 0.5356489945155393 0.42598684210526316 0.03016453382084095 0.027138157894736843
1 0.9670932358318098 0.4847861842105263 0.031078610603290677 0.024671052631578948
1 0.9213893967093236 0.5888157894736842 0.025594149908592323 0.027138157894736843
1 0.1503656307129799 0.34868421052631576 0.0283363802559415 0.022203947368421052
0 0.5356489945155393 0.05797697368421053 0.024680073126142597 0.02138157894736842
1 0.9881170018281535 0.15296052631578946 0.022851919561243144 0.022203947368421052
1 0.7915904936014625 0.6402138157894737 0.0283363802559415 0.024671052631578948
0 0.16224862888482633 0.4009046052631579 0.02102376599634369 0.02055921052631579
0 0.8021023765996343 0.009046052631578948 0.029250457038391225 0.017269736842105265
1 0.043875685557586835 0.3881578947368421 0.0283363802559415 0.028782894736842105
0 0.443327239488117 0.25616776315789475 0.027422303473491772 0.02138157894736842
1 0.5493601462522852 0.40995065789473684 0.027422303473491772 0.02549342105263158
1 0.4195612431444241 0.2981085526315789 0.029250457038391225 0.023026315789473683
1 0.81672760511883 0.6751644736842105 0.025594149908592323 0.022203947368421052
1 0.9314442413162706 0.6130756578947368 0.03016453382084095 0.027960526315789474
1 0.8670018281535649 0.4296875 0.029250457038391225 0.023848684210526317
1 0.6508226691042047 0.2676809210526316 0.026508226691042046 0.02138157894736842
1 0.7038391224862889 0.14514802631578946 0.02010968921389397 0.018914473684210526
1 0.7422303473491774 0.5283717105263158 0.031992687385740404 0.027138157894736843
1 0.5109689213893968 0.42023026315789475 0.027422303473491772 0.02631578947368421
1 0.8912248628884827 0.47820723684210525 0.02010968921389397 0.023026315789473683
1 0.829981718464351 0.08223684210526316 0.027422303473491772 0.023026315789473683
1 0.7838208409506399 0.4642269736842105 0.024680073126142597 0.024671052631578948
1 0.058043875685557585 0.5102796052631579 0.03016453382084095 0.029605263157894735
0 0.5137111517367459 0.016036184210526317 0.02010968921389397 0.019736842105263157
1 0.38939670932358317 0.8725328947368421 0.027422303473491772 0.022203947368421052
1 0.5694698354661791 0.30304276315789475 0.031992687385740404 0.027960526315789474
1 0.8647166361974405 0.49136513157894735 0.026508226691042046 0.023848684210526317
0 0.5050274223034735 0.05592105263157895 0.027422303473491772 0.023026315789473683
1 0.5776965265082267 0.35444078947368424 0.0283363802559415 0.024671052631578948
0 0.7157221206581352 0.20888157894736842 0.021937842778793418 0.018092105263157895
1 0.8002742230347349 0.6196546052631579 0.03016453382084095 0.023026315789473683
1 0.8002742230347349 0.6624177631578947 0.0283363802559415 0.024671052631578948
1 0.7696526508226691 0.04276315789473684 0.0283363802559415 0.023026315789473683
0 0.5109689213893968 0.3893914473684211 0.0283363802559415 0.022203947368421052
1 0.8578610603290676 0.007401315789473684 0.026508226691042046 0.014802631578947368
1 0.4657221206581353 0.8211348684210527 0.027422303473491772 0.02549342105263158
1 0.8455210237659964 0.09868421052631579 0.02376599634369287 0.023026315789473683
1 0.5996343692870201 0.18133223684210525 0.022851919561243144 0.02055921052631579
1 0.840036563071298 0.5115131578947368 0.024680073126142597 0.017269736842105265
0 0.24817184643510054 0.8042763157894737 0.022851919561243144 0.019736842105263157
0 0.6503656307129799 0.044407894736842105 0.026508226691042046 0.023026315789473683
1 0.5776965265082267 0.16735197368421054 0.026508226691042046 0.023026315789473683
1 0.23811700182815357 0.8643092105263158 0.026508226691042046 0.02631578947368421
1 0.9812614259597806 0.023026315789473683 0.02010968921389397 0.01644736842105263
0 0.7116087751371115 0.31085526315789475 0.031992687385740404 0.023026315789473683
1 0.826782449725777 0.6566611842105263 0.031992687385740404 0.028782894736842105
0 0.7184643510054844 0.33758223684210525 0.024680073126142597 0.02549342105263158
1 0.5850091407678245 0.3717105263157895 0.031078610603290677 0.022203947368421052
0 0.5127970749542962 0.3416940789473684 0.026508226691042046 0.022203947368421052
1 0.8418647166361974 0.24958881578947367 0.022851919561243144 0.018092105263157895
1 0.746800731261426 0.6044407894736842 0.025594149908592323 0.02138157894736842
0 0.17321755027422303 0.36883223684210525 0.02010968921389397 0.017269736842105265
1 0.496800731261426 0.8334703947368421 0.03290676416819013 0.029605263157894735
1 0.5571297989031079 0.1689967105263158 0.024680073126142597 0.027960526315789474
0 0.41316270566727603 0.2553453947368421 0.027422303473491772 0.023026315789473683
0 0.4437842778793419 0.28824013157894735 0.029250457038391225 0.024671052631578948
1 0.8359232175502742 0.5259046052631579 0.025594149908592323 0.02055921052631579
0 0.19195612431444242 0.8622532894736842 0.024680073126142597 0.022203947368421052
0 0.8016453382084096 0.4535361842105263 0.02376599634369287 0.019736842105263157
0 0.5996343692870201 0.1225328947368421 0.025594149908592323 0.019736842105263157
1 0.6946983546617916 0.03741776315789474 0.021937842778793418 0.015625
1 0.18738574040219377 0.06332236842105263 0.021937842778793418 0.015625
1 0.8062157221206582 0.5958059210526315 0.031992687385740404 0.02631578947368421
1 0.7623400365630713 0.47039473684210525 0.026508226691042046 0.02549342105263158
0 0.6078610603290676 0.140625 0.03290676416819013 0.02549342105263158
1 0.011882998171846435 0.7138157894736842 0.02102376599634369 0.028782894736842105
1 0.5374771480804388 0.17804276315789475 0.02376599634369287 0.022203947368421052
0 0.6352833638025595 0.060032894736842105 0.024680073126142597 0.023026315789473683
1 0.4520109689213894 0.2746710526315789 0.024680073126142597 0.019736842105263157
1 0.06946983546617916 0.7685032894736842 0.029250457038391225 0.02549342105263158
1 0.27285191956124316 0.8092105263157895 0.02376599634369287 0.018092105263157895
1 0.10054844606946983 0.5074013157894737 0.027422303473491772 0.027960526315789474
1 0.3592321755027422 0.5390625 0.019195612431444242 0.01644736842105263
0 0.7074954296160878 0.28618421052631576 0.031992687385740404 0.02549342105263158
0 0.09460694698354662 0.47245065789473684 0.026508226691042046 0.023848684210526317
1 0.19195612431444242 0.38980263157894735 0.021937842778793418 0.02631578947368421
0 0.5004570383912249 0.005756578947368421 0.021937842778793418 0.011513157894736841
1 0.6978976234003657 0.3268914473684211 0.0283363802559415 0.02549342105263158
0 0.5438756855575868 0.07771381578947369 0.025594149908592323 0.02055921052631579
1 0.05530164533820841 0.5974506578947368 0.024680073126142597 0.03125
1 0.7659963436928702 0.6365131578947368 0.027422303473491772 0.027960526315789474
1 0.03793418647166362 0.18667763157894737 0.024680073126142597 0.02055921052631579
0 0.40447897623400364 0.0390625 0.021937842778793418 0.01644736842105263
1 0.556672760511883 0.07072368421052631 0.021937842778793418 0.023026315789473683
1 0.8930530164533821 0.017269736842105265 0.02376599634369287 0.02138157894736842
1 0.24360146252285192 0.31332236842105265 0.01736745886654479 0.019736842105263157
0 0.4954296160877514 0.35238486842105265 0.021937842778793418 0.017269736842105265
0 0.41544789762340034 0.2779605263157895 0.027422303473491772 0.023026315789473683
0 0.9881170018281535 0.09251644736842106 0.02376599634369287 0.02138157894736842
1 0.9780621572212066 0.0069901315789473685 0.022851919561243144 0.013980263157894737
1 0.20658135283363802 0.8782894736842105 0.027422303473491772 0.023848684210526317
1 0.7714808043875686 0.12129934210526316 0.022851919561243144 0.023026315789473683
0 0.4853747714808044 0.33963815789473684 0.022851919561243144 0.018914473684210526
1 0.466636197440585 0.8630756578947368 0.02376599634369287 0.019736842105263157
0 0.5260511882998172 0.618421052631579 0.02010968921389397 0.017269736842105265
0 0.8619744058500914 0.2450657894736842 0.024680073126142597 0.023848684210526317
1 0.041590493601462525 0.7923519736842105 0.022851919561243144 0.02138157894736842
0 0.29250457038391225 0.15953947368421054 0.019195612431444242 0.017269736842105265
1 0.5278793418647166 0.018914473684210526 0.019195612431444242 0.019736842105263157
1 0.8784277879341865 0.12952302631578946 0.02376599634369287 0.018914473684210526
1 0.720292504570384 0.1513157894736842 0.02102376599634369 0.018092105263157895
1 0.9954296160877514 0.16570723684210525 0.009140767824497258 0.03289473684210526
1 0.04250457038391225 0.772203947368421 0.02376599634369287 0.02055921052631579
1 0.4250457038391225 0.6241776315789473 0.018281535648994516 0.014802631578947368
1 0.26279707495429616 0.0546875 0.027422303473491772 0.017269736842105265
0 0.28793418647166363 0.14391447368421054 0.024680073126142597 0.018914473684210526
1 0.8770566727605119 0.6056743421052632 0.029250457038391225 0.028782894736842105
1 0.12522851919561243 0.8355263157894737 0.031078610603290677 0.027138157894736843
1 0.8907678244972578 0.14473684210526316 0.0283363802559415 0.027138157894736843
1 0.7042961608775137 0.027960526315789474 0.019195612431444242 0.01644736842105263
1 0.031992687385740404 0.24753289473684212 0.02102376599634369 0.018914473684210526
0 0.8007312614259597 0.024671052631578948 0.026508226691042046 0.018914473684210526
1 0.031078610603290677 0.7076480263157895 0.0283363802559415 0.03125
0 0.4323583180987203 0.2713815789473684 0.018281535648994516 0.01644736842105263
1 0.22943327239488118 0.30633223684210525 0.02376599634369287 0.02138157894736842
1 0.009597806215722121 0.6846217105263158 0.018281535648994516 0.03536184210526316
1 0.0886654478976234 0.4917763157894737 0.024680073126142597 0.023026315789473683
1 0.19287020109689215 0.0727796052631579 0.021937842778793418 0.013157894736842105
1 0.7847349177330896 0.6722861842105263 0.024680073126142597 0.023848684210526317
1 0.27513711151736747 0.16200657894736842 0.02376599634369287 0.022203947368421052
1 0.6160877513711152 0.061677631578947366 0.02376599634369287 0.023026315789473683
1 0.14442413162705667 0.3824013157894737 0.024680073126142597 0.018092105263157895
1 0.399908592321755 0.5810032894736842 0.016453382084095063 0.01644736842105263
1 0.41819012797074956 0.8207236842105263 0.024680073126142597 0.018092105263157895
1 0.856489945155393 0.3951480263157895 0.022851919561243144 0.017269736842105265
1 0.3382084095063985 0.5879934210526315 0.015539305301645339 0.014802631578947368
0 0.4689213893967093 0.07360197368421052 0.019195612431444242 0.018092105263157895
1 0.49405850091407677 0.3675986842105263 0.029250457038391225 0.023848684210526317
0 0.8089579524680073 0.05098684210526316 0.02102376599634369 0.018092105263157895
1 0.5324497257769653 0.39555921052631576 0.019195612431444242 0.01644736842105263
1 0.486745886654479 0.078125 0.019195612431444242 0.017269736842105265
1 0.4638939670932358 0.6101973684210527 0.019195612431444242 0.017269736842105265
0 0.7952468007312614 0.039473684210526314 0.02376599634369287 0.01644736842105263
1 0.506398537477148 0.3972039473684211 0.03473491773308958 0.02631578947368421
1 0.286563071297989 0.004934210526315789 0.019195612431444242 0.009868421052631578
1 0.7257769652650823 0.22080592105263158 0.021937842778793418 0.017269736842105265
1 0.7682815356489945 0.7689144736842105 0.02376599634369287 0.019736842105263157
1 0.8190127970749543 0.6163651315789473 0.02010968921389397 0.02138157894736842
1 0.05850091407678245 0.805921052631579 0.022851919561243144 0.023026315789473683
