1 0.4570383912248629 0.5982730263157895 0.03016453382084095 0.02055921052631579
1 0.40493601462522855 0.7462993421052632 0.033820840950639856 0.027138157894736843
1 0.4515539305301645 0.6143092105263158 0.033820840950639856 0.02549342105263158
1 0.7943327239488117 0.6513157894736842 0.03016453382084095 0.027138157894736843
1 0.7061243144424132 0.4083059210526316 0.031078610603290677 0.03042763157894737
1 0.43007312614259596 0.6352796052631579 0.037477148080438755 0.027960526315789474
1 0.10740402193784278 0.6480263157894737 0.03290676416819013 0.027960526315789474
0 0.11062157221206581 0.6251233552631579 0.0223400365630713 0.02722861842105263
1 0.14396709323583182 0.6188322368421053 0.031992687385740404 0.03125
1 0.2861060329067642 0.36019736842105265 0.03290676416819013 0.027960526315789474
1 0.7408592321755028 0.6085526315789473 0.0283363802559415 0.02138157894736842
1 0.4218464351005484 0.727796052631579 0.03290676416819013 0.027138157894736843
1 0.13574040219378428 0.5859375 0.0283363802559415 0.024671052631578948
1 0.226691042047532 0.3248355263157895 0.0283363802559415 0.02631578947368421
1 0.9808043875685558 0.8248355263157895 0.026508226691042046 0.023848684210526317
1 0.9616087751371115 0.35567434210526316 0.026508226691042046 0.023026315789473683
1 0.39259597806215724 0.790296052631579 0.027422303473491772 0.02631578947368421
1 0.3793418647166362 0.9954769736842105 0.038391224862888484 0.009046052631578948
1 0.4113345521023766 0.7759046052631579 0.027422303473491772 0.018092105263157895
1 0.7646252285191956 0.615953947368421 0.021937842778793418 0.018914473684210526
0 0.3103290676416819 0.3482730263157895 0.03016453382084095 0.024671052631578948
1 0.2755941499085923 0.3807565789473684 0.031078610603290677 0.023026315789473683
1 0.10159963436928703 0.7538733552631579 0.04039305301645338 0.02816611842105263
1 0.11517367458866545 0.7372532894736842 0.021937842778793418 0.02055921052631579
0 0.43348263254113345 0.5820230263157895 0.029149908592321756 0.023824013157894737
