1 0.02330895795246801 0.4066611842105263 0.0283363802559415 0.02549342105263158
1 0.2070383912248629 0.8675986842105263 0.0356489945155393 0.03289473684210526
1 0.5955210237659964 0.7072368421052632 0.037477148080438755 0.027138157894736843
1 0.024680073126142597 0.9469572368421053 0.037477148080438755 0.03453947368421053
1 0.6942413162705667 0.9420230263157895 0.0356489945155393 0.03289473684210526
1 0.058043875685557585 0.953125 0.03656307129798903 0.03042763157894737
1 0.04936014625228519 0.9276315789473685 0.03656307129798903 0.027960526315789474
1 0.6489945155393053 0.6180098684210527 0.027422303473491772 0.023848684210526317
1 0.11928702010968921 0.6151315789473685 0.031078610603290677 0.028782894736842105
1 0.6124314442413162 0.6451480263157895 0.031992687385740404 0.023848684210526317
1 0.5964351005484461 0.6846217105263158 0.038391224862888484 0.02631578947368421
1 0.009140767824497258 0.42023026315789475 0.016453382084095063 0.02055921052631579
1 0.48308957952468007 0.798108552631579 0.04204753199268738 0.03782894736842105
1 0.05712979890310786 0.4107730263157895 0.02376599634369287 0.022203947368421052
1 0.5132541133455211 0.5119243421052632 0.021937842778793418 0.019736842105263157
1 0.9063071297989032 0.4901315789473684 0.025594149908592323 0.024671052631578948
1 0.37614259597806216 0.9124177631578947 0.02376599634369287 0.02138157894736842
1 0.03793418647166362 0.5275493421052632 0.021937842778793418 0.01644736842105263
1 0.015082266910420476 0.774671052631579 0.021937842778793418 0.02055921052631579
1 0.14488117001828155 0.6270559210526315 0.033820840950639856 0.02549342105263158
0 0.5991773308957953 0.8174342105263158 0.031992687385740404 0.02549342105263158
1 0.14579524680073125 0.6032072368421053 0.031078610603290677 0.02549342105263158
0 0.04341864716636198 0.3939144736842105 0.026508226691042046 0.02138157894736842
1 0.9291590493601463 0.4629934210526316 0.025594149908592323 0.018914473684210526
1 0.5301645338208409 0.5213815789473685 0.024680073126142597 0.02055921052631579
1 0.6348263254113345 0.8852796052631579 0.029250457038391225 0.024671052631578948
1 0.6604204753199269 0.6324013157894737 0.024680073126142597 0.023026315789473683
0 0.4309872029250457 0.46875 0.03016453382084095 0.023026315789473683
1 0.13117001828153566 0.6492598684210527 0.0283363802559415 0.02631578947368421
1 0.3743144424131627 0.9588815789473685 0.026508226691042046 0.022203947368421052
1 0.926873857404022 0.49506578947368424 0.024680073126142597 0.018092105263157895
1 0.6147166361974405 0.618421052631579 0.024680073126142597 0.02138157894736842
1 0.6613345521023766 0.9202302631578947 0.029250457038391225 0.024671052631578948
1 0.3391224862888483 0.48930921052631576 0.022851919561243144 0.018914473684210526
1 0.3889396709323583 0.9765625 0.019195612431444242 0.018914473684210526
1 0.026508226691042046 0.7865953947368421 0.02102376599634369 0.018914473684210526
1 0.5223948811700183 0.8013980263157895 0.0356489945155393 0.032072368421052634
1 0.004570383912248629 0.4362664473684211 0.009140767824497258 0.018914473684210526
0 0.26782449725776963 0.4009046052631579 0.029250457038391225 0.02549342105263158
1 0.39945155393053017 0.703125 0.026508226691042046 0.018092105263157895
1 0.9803473491773309 0.47574013157894735 0.03016453382084095 0.023026315789473683
1 0.18921389396709323 0.8478618421052632 0.033820840950639856 0.023848684210526317
1 0.3976234003656307 0.9041940789473685 0.019195612431444242 0.017269736842105265
