0 0.973875 0.053150787696924225 0.032891666666666666 0.029864966241560393
1 0.9708333333333333 0.02288072018004501 0.043333333333333335 0.03825956489122281
1 0.03208333333333333 0.673668417104276 0.06416666666666666 0.06151537884471118
1 0.98625 0.09564891222805702 0.02666666666666667 0.03675918979744936
1 0.0425 0.477119279819955 0.05333333333333334 0.05476369092273068
1 0.9525 0.09302325581395349 0.04083333333333333 0.03600900225056264
0 0.11 0.14141035258814705 0.0425 0.035258814703675916
1 0.12833333333333333 0.45573893473368343 0.045 0.03375843960990248
1 0.06583333333333333 0.1774193548387097 0.03166666666666667 0.025506376594148537
1 0.0525 0.41072768192048015 0.04083333333333333 0.03825956489122281
0 0.99125 0.043135783945986494 0.0175 0.02700675168792198
1 0.16388333333333333 0.1862865716429107 0.050225000000000006 0.03955738934733683
