1 0.03473491773308958 0.7162828947368421 0.031992687385740404 0.028782894736842105
1 0.014625228519195612 0.9716282894736842 0.029250457038391225 0.028782894736842105
1 0.5804387568555759 0.33881578947368424 0.03473491773308958 0.03042763157894737
1 0.6197440585009141 0.5990953947368421 0.04113345521023766 0.032072368421052634
1 0.01782449725776965 0.7368421052631579 0.031992687385740404 0.03453947368421053
1 0.8240402193784278 0.8643092105263158 0.03016453382084095 0.024671052631578948
1 0.08592321755027423 0.9198190789473685 0.024680073126142597 0.019736842105263157
1 0.5950639853747715 0.31167763157894735 0.037477148080438755 0.03042763157894737
1 0.7074954296160878 0.6644736842105263 0.033820840950639856 0.024671052631578948
1 0.7353747714808044 0.6463815789473685 0.02376599634369287 0.024671052631578948
1 0.6160877513711152 0.3305921052631579 0.0356489945155393 0.03125
1 0.009597806215722121 0.8511513157894737 0.019195612431444242 0.023848684210526317
1 0.7207495429616088 0.6356907894736842 0.026508226691042046 0.023848684210526317
1 0.3382084095063985 0.9222861842105263 0.03290676416819013 0.027960526315789474
1 0.6448811700182815 0.31866776315789475 0.033820840950639856 0.033717105263157895
1 0.052559414990859234 0.967516447368421 0.03016453382084095 0.02631578947368421
1 0.3235831809872029 0.4321546052631579 0.02102376599634369 0.01644736842105263
1 0.0740402193784278 0.90625 0.029250457038391225 0.022203947368421052
1 0.8487202925045704 0.6973684210526315 0.025594149908592323 0.022203947368421052
1 0.3491773308957952 0.4543585526315789 0.024680073126142597 0.023026315789473683
1 0.2659963436928702 0.9864309210526315 0.02010968921389397 0.018914473684210526
1 0.016453382084095063 0.8675986842105263 0.026508226691042046 0.023848684210526317
1 0.0356489945155393 0.8778782894736842 0.022851919561243144 0.022203947368421052
1 0.02330895795246801 0.9876644736842105 0.0283363802559415 0.023026315789473683
1 0.7902193784277879 0.9210526315789473 0.0283363802559415 0.024671052631578948
1 0.05347349177330896 0.9514802631578947 0.029250457038391225 0.018914473684210526
1 0.1796160877513711 0.9958881578947368 0.02376599634369287 0.008223684210526315
1 0.062157221206581355 0.890625 0.02102376599634369 0.02138157894736842
1 0.2797074954296161 0.975328947368421 0.02010968921389397 0.01644736842105263
1 0.3491773308957952 0.969983552631579 0.024680073126142597 0.02138157894736842
1 0.6092321755027422 0.571546052631579 0.02376599634369287 0.023026315789473683
1 0.6526508226691042 0.7586348684210527 0.021937842778793418 0.018914473684210526
1 0.6736745886654479 0.7537006578947368 0.02376599634369287 0.019736842105263157
