1 0.3075868372943327 0.8083881578947368 0.031992687385740404 0.027960526315789474
1 0.013254113345521023 0.3347039473684211 0.026508226691042046 0.03125
1 0.6549360146252285 0.8536184210526315 0.03290676416819013 0.03125
1 0.30210237659963435 0.6990131578947368 0.038391224862888484 0.03618421052631579
1 0.13756855575868374 0.6689967105263158 0.022851919561243144 0.02138157894736842
1 0.13208409506398539 0.23314144736842105 0.027422303473491772 0.024671052631578948
1 0.2742230347349177 0.06620065789473684 0.02376599634369287 0.022203947368421052
1 0.743601462522852 0.4317434210526316 0.03016453382084095 0.028782894736842105
1 0.14351005484460694 0.8959703947368421 0.029250457038391225 0.027960526315789474
0 0.2961608775137112 0.6689967105263158 0.033820840950639856 0.028782894736842105
1 0.9881170018281535 0.6365131578947368 0.02376599634369287 0.03618421052631579
1 0.6837294332723949 0.3071546052631579 0.033820840950639856 0.03042763157894737
1 0.5585009140767825 0.08758223684210527 0.033820840950639856 0.028782894736842105
1 0.7038391224862889 0.047286184210526314 0.03473491773308958 0.028782894736842105
1 0.9574954296160878 0.6611842105263158 0.04296160877513711 0.03700657894736842
1 0.2289762340036563 0.4087171052631579 0.03016453382084095 0.02631578947368421
1 0.23217550274223034 0.21546052631578946 0.02376599634369287 0.018914473684210526
1 0.6663619744058501 0.8178453947368421 0.03016453382084095 0.03042763157894737
1 0.5118829981718465 0.4432565789473684 0.027422303473491772 0.023848684210526317
1 0.3240402193784278 0.15666118421052633 0.021937842778793418 0.019736842105263157
1 0.8779707495429616 0.21011513157894737 0.025594149908592323 0.02631578947368421
1 0.7344606946983546 0.1611842105263158 0.024680073126142597 0.022203947368421052
1 0.29981718464351004 0.8540296052631579 0.026508226691042046 0.024671052631578948
1 0.04341864716636198 0.36430921052631576 0.0283363802559415 0.023848684210526317
1 0.6960694698354661 0.8560855263157895 0.03656307129798903 0.032072368421052634
1 0.4149908592321755 0.48067434210526316 0.027422303473491772 0.024671052631578948
1 0.06764168190127971 0.22574013157894737 0.033820840950639856 0.028782894736842105
1 0.6924131627056673 0.10238486842105263 0.031078610603290677 0.03289473684210526
1 0.6375685557586838 0.8774671052631579 0.04021937842778794 0.033717105263157895
1 0.25274223034734916 0.7212171052631579 0.02376599634369287 0.02138157894736842
1 0.2202925045703839 0.2631578947368421 0.029250457038391225 0.02549342105263158
1 0.7801645338208409 0.33758223684210525 0.022851919561243144 0.02055921052631579
1 0.11745886654478976 0.665296052631579 0.022851919561243144 0.018914473684210526
1 0.8546617915904936 0.03536184210526316 0.025594149908592323 0.022203947368421052
1 0.9154478976234004 0.06743421052631579 0.024680073126142597 0.02138157894736842
1 0.34414990859232175 0.9004934210526315 0.024680073126142597 0.022203947368421052
1 0.3829981718464351 0.912828947368421 0.03016453382084095 0.024671052631578948
1 0.8459780621572212 0.9925986842105263 0.03473491773308958 0.014802631578947368
1 0.7253199268738574 0.25370065789473684 0.0356489945155393 0.028782894736842105
1 0.15539305301645337 0.48519736842105265 0.031078610603290677 0.028782894736842105
1 0.7714808043875686 0.16077302631578946 0.024680073126142597 0.023026315789473683
1 0.5840950639853748 0.3256578947368421 0.024680073126142597 0.023026315789473683
1 0.8775137111517367 0.5370065789473685 0.031078610603290677 0.027138157894736843
1 0.8377513711151737 0.15995065789473684 0.03016453382084095 0.027960526315789474
1 0.40676416819012795 0.16652960526315788 0.02102376599634369 0.017269736842105265
1 0.025594149908592323 0.8799342105263158 0.027422303473491772 0.02549342105263158
1 0.5758683729433273 0.24794407894736842 0.025594149908592323 0.023026315789473683
1 0.5159963436928702 0.2730263157894737 0.03016453382084095 0.027960526315789474
1 0.8404936014625228 0.7717927631578947 0.029250457038391225 0.023848684210526317
1 0.9757769652650823 0.9025493421052632 0.033820840950639856 0.028782894736842105
1 0.6128884826325411 0.3170230263157895 0.026508226691042046 0.023026315789473683
1 0.28153564899451555 0.8692434210526315 0.0283363802559415 0.024671052631578948
1 0.16270566727605118 0.25699013157894735 0.0283363802559415 0.02631578947368421
1 0.5187385740402194 0.05633223684210526 0.033820840950639856 0.02549342105263158
1 0.8615173674588665 0.38569078947368424 0.029250457038391225 0.02549342105263158
1 0.4579524680073126 0.2578125 0.029250457038391225 0.02138157894736842
1 0.8592321755027422 0.21710526315789475 0.03016453382084095 0.028782894736842105
1 0.8473491773308958 0.23807565789473684 0.033820840950639856 0.028782894736842105
1 0.12385740402193784 0.9395559210526315 0.03656307129798903 0.03042763157894737
1 0.9625228519195612 0.2109375 0.026508226691042046 0.023026315789473683
0 0.38848263254113347 0.4975328947368421 0.024680073126142597 0.02055921052631579
1 0.9675502742230347 0.6287006578947368 0.031078610603290677 0.03289473684210526
1 0.1983546617915905 0.7286184210526315 0.024680073126142597 0.023848684210526317
1 0.3944241316270567 0.8992598684210527 0.021937842778793418 0.018914473684210526
1 0.18647166361974407 0.22985197368421054 0.019195612431444242 0.023026315789473683
1 0.23994515539305303 0.055509868421052634 0.022851919561243144 0.02138157894736842
1 0.3327239488117002 0.17310855263157895 0.024680073126142597 0.019736842105263157
1 0.8354661791590493 0.18544407894736842 0.027422303473491772 0.019736842105263157
1 0.6617915904936015 0.18009868421052633 0.03016453382084095 0.027960526315789474
1 0.37614259597806216 0.891858552631579 0.022851919561243144 0.023026315789473683
1 0.07861060329067641 0.5061677631578947 0.027422303473491772 0.022203947368421052
1 0.4337294332723949 0.12129934210526316 0.03016453382084095 0.028782894736842105
1 0.2856489945155393 0.7939967105263158 0.024680073126142597 0.023026315789473683
1 0.979890310786106 0.15707236842105263 0.024680073126142597 0.02631578947368421
1 0.5196526508226691 0.42680921052631576 0.02376599634369287 0.017269736842105265
1 0.6978976234003657 0.4041940789473684 0.021937842778793418 0.02055921052631579
0 0.4031078610603291 0.44120065789473684 0.026508226691042046 0.023026315789473683
1 0.9382998171846435 0.21628289473684212 0.03016453382084095 0.02549342105263158
1 0.5393053016453382 0.96875 0.03290676416819013 0.023026315789473683
1 0.5914076782449725 0.2553453947368421 0.021937842778793418 0.02138157894736842
1 0.13939670932358317 0.9235197368421053 0.024680073126142597 0.02138157894736842
1 0.28473491773308957 0.09375 0.021937842778793418 0.02138157894736842
1 0.031992687385740404 0.6476151315789473 0.026508226691042046 0.024671052631578948
1 0.3793418647166362 0.1846217105263158 0.021937842778793418 0.017269736842105265
1 0.22120658135283364 0.9638157894736842 0.027422303473491772 0.02631578947368421
1 0.25822669104204754 0.21546052631578946 0.02010968921389397 0.019736842105263157
1 0.5507312614259597 0.25287828947368424 0.024680073126142597 0.018914473684210526
1 0.7481718464351006 0.2294407894736842 0.027422303473491772 0.022203947368421052
1 0.7038391224862889 0.28741776315789475 0.029250457038391225 0.02631578947368421
1 0.2915904936014625 0.19078947368421054 0.02102376599634369 0.019736842105263157
1 0.6553930530164533 0.03577302631578947 0.024680073126142597 0.023026315789473683
0 0.28473491773308957 0.3659539473684211 0.027422303473491772 0.022203947368421052
1 0.870201096892139 0.6147203947368421 0.031992687385740404 0.027960526315789474
1 0.19972577696526508 0.2722039473684211 0.024680073126142597 0.024671052631578948
1 0.8578610603290676 0.5859375 0.029250457038391225 0.023848684210526317
1 0.43327239488117003 0.4453125 0.022851919561243144 0.02138157894736842
0 0.7116087751371115 0.020148026315789474 0.03656307129798903 0.027960526315789474
1 0.6535648994515539 0.10896381578947369 0.02376599634369287 0.022203947368421052
1 0.3619744058500914 0.2158717105263158 0.024680073126142597 0.019736842105263157
1 0.893510054844607 0.9925986842105263 0.031078610603290677 0.014802631578947368
1 0.6393967093235832 0.8170230263157895 0.031078610603290677 0.027960526315789474
1 0.7897623400365631 0.3569078947368421 0.027422303473491772 0.02549342105263158
1 0.19149908592321754 0.6200657894736842 0.024680073126142597 0.02138157894736842
1 0.09689213893967093 0.5394736842105263 0.027422303473491772 0.024671052631578948
1 0.2390310786106033 0.10197368421052631 0.031078610603290677 0.027960526315789474
0 0.42230347349177333 0.4309210526315789 0.022851919561243144 0.018914473684210526
1 0.5776965265082267 0.9930098684210527 0.031078610603290677 0.013980263157894737
0 0.3226691042047532 0.6669407894736842 0.027422303473491772 0.02631578947368421
0 0.8327239488117002 0.7520559210526315 0.031992687385740404 0.02549342105263158
1 0.8286106032906764 0.21546052631578946 0.024680073126142597 0.019736842105263157
0 0.503199268738574 0.07894736842105263 0.031992687385740404 0.02631578947368421
1 0.06352833638025594 0.8392269736842105 0.025594149908592323 0.022203947368421052
0 0.743601462522852 0.28125 0.03290676416819013 0.027960526315789474
1 0.4172760511882998 0.9140625 0.025594149908592323 0.02549342105263158
1 0.9634369287020109 0.31866776315789475 0.019195612431444242 0.018914473684210526
0 0.6677330895795247 0.052220394736842105 0.02376599634369287 0.02055921052631579
1 0.5429616087751371 0.10526315789473684 0.031078610603290677 0.023848684210526317
1 0.6046617915904936 0.3305921052631579 0.026508226691042046 0.023848684210526317
1 0.753199268738574 0.3515625 0.0283363802559415 0.027960526315789474
0 0.6457952468007313 0.05797697368421053 0.024680073126142597 0.023848684210526317
0 0.5950639853747715 0.0912828947368421 0.021937842778793418 0.02055921052631579
0 0.276508226691042 0.6842105263157895 0.022851919561243144 0.024671052631578948
1 0.7070383912248629 0.4231085526315789 0.026508226691042046 0.023848684210526317
1 0.27513711151736747 0.3910361842105263 0.026508226691042046 0.023848684210526317
0 0.3386654478976234 0.6430921052631579 0.025594149908592323 0.02138157894736842
1 0.5447897623400365 0.985608552631579 0.03473491773308958 0.027138157894736843
0 0.676873857404022 0.07606907894736842 0.027422303473491772 0.022203947368421052
1 0.1663619744058501 0.2236842105263158 0.025594149908592323 0.022203947368421052
1 0.08043875685557587 0.7652138157894737 0.022851919561243144 0.018092105263157895
0 0.34186471663619744 0.6615953947368421 0.02010968921389397 0.019736842105263157
1 0.6805301645338209 0.16940789473684212 0.02102376599634369 0.018092105263157895
0 0.4250457038391225 0.23190789473684212 0.021937842778793418 0.019736842105263157
0 0.1750457038391225 0.9033717105263158 0.026508226691042046 0.022203947368421052
0 0.6855575868372943 0.010279605263157895 0.02010968921389397 0.02055921052631579
1 0.21663619744058502 0.6846217105263158 0.02376599634369287 0.02055921052631579
1 0.17870201096892138 0.3104440789473684 0.022851919561243144 0.019736842105263157
0 0.23583180987202926 0.8717105263157895 0.024680073126142597 0.022203947368421052
0 0.26508226691042047 0.8922697368421053 0.024680073126142597 0.023026315789473683
0 0.34095063985374774 0.18996710526315788 0.02010968921389397 0.017269736842105265
1 0.46206581352833637 0.28495065789473684 0.027422303473491772 0.023848684210526317
1 0.4648080438756856 0.27508223684210525 0.0283363802559415 0.018092105263157895
0 0.946526508226691 0.6328125 0.0283363802559415 0.02549342105263158
1 0.9588665447897623 0.16365131578947367 0.022851919561243144 0.023026315789473683
1 0.016910420475319928 0.4856085526315789 0.021937842778793418 0.02138157894736842
0 0.5818098720292505 0.07154605263157894 0.0283363802559415 0.024671052631578948
0 0.24177330895795246 0.8955592105263158 0.0283363802559415 0.02549342105263158
1 0.7052102376599635 0.31866776315789475 0.022851919561243144 0.017269736842105265
1 0.39351005484460694 0.8856907894736842 0.02102376599634369 0.015625
1 0.18327239488117003 0.678453947368421 0.02010968921389397 0.018092105263157895
1 0.0923217550274223 0.7561677631578947 0.02376599634369287 0.018092105263157895
1 0.3071297989031079 0.10649671052631579 0.01736745886654479 0.018092105263157895
1 0.34186471663619744 0.6258223684210527 0.01736745886654479 0.014802631578947368
0 0.8162705667276051 0.15871710526315788 0.021937842778793418 0.023026315789473683
0 0.027879341864716637 0.7125822368421053 0.02010968921389397 0.01644736842105263
1 0.25594149908592323 0.06085526315789474 0.01736745886654479 0.01644736842105263
1 0.783363802559415 0.17023026315789475 0.021937842778793418 0.02138157894736842
0 0.5342778793418648 0.44366776315789475 0.02376599634369287 0.02138157894736842
1 0.1905850091407678 0.9888980263157895 0.0283363802559415 0.02055921052631579
1 0.03153564899451554 0.6990131578947368 0.026508226691042046 0.02138157894736842
0 0.09689213893967093 0.7146381578947368 0.02102376599634369 0.018914473684210526
0 0.6521937842778793 0.7939967105263158 0.03016453382084095 0.023848684210526317
1 0.2742230347349177 0.18421052631578946 0.016453382084095063 0.013157894736842105
0 0.019195612431444242 0.5102796052631579 0.024680073126142597 0.022203947368421052
1 0.08683729433272395 0.3511513157894737 0.02376599634369287 0.018092105263157895
1 0.10420475319926874 0.6278782894736842 0.021937842778793418 0.018914473684210526
0 0.048446069469835464 0.7841282894736842 0.022851919561243144 0.02055921052631579
0 0.6636197440585009 0.014391447368421052 0.027422303473491772 0.027138157894736843
1 0.620201096892139 0.04893092105263158 0.02010968921389397 0.018914473684210526
1 0.9396709323583181 0.3248355263157895 0.019195612431444242 0.018092105263157895
1 0.3272394881170018 0.6961348684210527 0.022851919561243144 0.02549342105263158
1 0.9867458866544789 0.889391447368421 0.02376599634369287 0.022203947368421052
1 0.9881170018281535 0.9580592105263158 0.02376599634369287 0.023848684210526317
1 0.843235831809872 0.12664473684210525 0.031078610603290677 0.02549342105263158
0 0.30027422303473494 0.3832236842105263 0.021937842778793418 0.02138157894736842
1 0.6348263254113345 0.8466282894736842 0.026508226691042046 0.027138157894736843
1 0.5680987202925045 0.23190789473684212 0.02102376599634369 0.01644736842105263
1 0.7669104204753199 0.37088815789473684 0.021937842778793418 0.019736842105263157
1 0.10603290676416818 0.49054276315789475 0.021937842778793418 0.02055921052631579
1 0.1796160877513711 0.25370065789473684 0.02010968921389397 0.023026315789473683
1 0.7381170018281535 0.21710526315789475 0.016453382084095063 0.013980263157894737
1 0.23308957952468007 0.07853618421052631 0.018281535648994516 0.019736842105263157
1 0.09917733089579525 0.796875 0.02376599634369287 0.018914473684210526
0 0.27787934186471663 0.2545230263157895 0.018281535648994516 0.017269736842105265
0 0.920018281535649 0.6422697368421053 0.0356489945155393 0.032072368421052634
0 0.20795246800731262 0.9477796052631579 0.02376599634369287 0.019736842105263157
1 0.34095063985374774 0.8803453947368421 0.02376599634369287 0.02138157894736842
0 0.07952468007312614 0.9494243421052632 0.026508226691042046 0.023026315789473683
1 0.015082266910420476 0.7257401315789473 0.026508226691042046 0.022203947368421052
0 0.40585009140767825 0.4613486842105263 0.021937842778793418 0.017269736842105265
1 0.36608775137111516 0.9029605263157895 0.019195612431444242 0.022203947368421052
1 0.25 0.6492598684210527 0.02102376599634369 0.019736842105263157
0 0.21480804387568556 0.5287828947368421 0.02102376599634369 0.018914473684210526
1 0.7605118829981719 0.17228618421052633 0.024680073126142597 0.022203947368421052
0 0.45886654478976235 0.22779605263157895 0.02010968921389397 0.018092105263157895
1 0.4616087751371115 0.2421875 0.021937842778793418 0.015625
0 0.09734917733089579 0.8355263157894737 0.02010968921389397 0.018092105263157895
0 0.19241316270566727 0.9716282894736842 0.027422303473491772 0.023848684210526317
0 0.4515539305301645 0.22861842105263158 0.021937842778793418 0.018914473684210526
0 0.6019195612431444 0.29975328947368424 0.022851919561243144 0.018092105263157895
1 0.8249542961608776 0.22985197368421054 0.02376599634369287 0.02055921052631579
1 0.6992687385740403 0.26398026315789475 0.018281535648994516 0.017269736842105265
0 0.1540219378427788 0.5139802631578947 0.01736745886654479 0.014802631578947368
0 0.3656307129798903 0.6599506578947368 0.022851919561243144 0.019736842105263157
1 0.25594149908592323 0.8486842105263158 0.022851919561243144 0.02138157894736842
0 0.7623400365630713 0.3326480263157895 0.02376599634369287 0.02138157894736842
1 0.6613345521023766 0.09251644736842106 0.019195612431444242 0.018914473684210526
1 0.4218464351005484 0.17434210526315788 0.01736745886654479 0.013980263157894737
1 0.8816270566727605 0.11636513157894737 0.02010968921389397 0.019736842105263157
1 0.17093235831809872 0.23560855263157895 0.024680073126142597 0.018092105263157895
1 0.1663619744058501 0.3236019736842105 0.018281535648994516 0.018092105263157895
1 0.9638939670932358 0.14514802631578946 0.02376599634369287 0.019736842105263157
0 0.3382084095063985 0.390625 0.026508226691042046 0.023848684210526317
0 0.9382998171846435 0.35238486842105265 0.019195612431444242 0.017269736842105265
0 0.9881170018281535 0.23519736842105263 0.02010968921389397 0.023848684210526317
1 0.9675502742230347 0.4527138157894737 0.026508226691042046 0.023848684210526317
0 0.6028336380255942 0.9905427631578947 0.025594149908592323 0.018914473684210526
1 0.25182815356489946 0.6681743421052632 0.026508226691042046 0.02138157894736842
1 0.6851005484460695 0.3326480263157895 0.019195612431444242 0.018914473684210526
1 0.36608775137111516 0.8881578947368421 0.02010968921389397 0.02055921052631579
0 0.9227605118829981 0.359375 0.01736745886654479 0.018092105263157895
1 0.6773308957952467 0.12129934210526316 0.018281535648994516 0.017269736842105265
1 0.9424131627056673 0.17598684210526316 0.02376599634369287 0.023026315789473683
1 0.2851919561243144 0.46258223684210525 0.016453382084095063 0.015625
1 0.038391224862888484 0.2393092105263158 0.02010968921389397 0.015625
1 0.9858318098720292 0.17310855263157895 0.02376599634369287 0.022203947368421052
1 0.7015539305301646 0.34375 0.027422303473491772 0.027138157894736843
