0 0.7879166666666667 0.8769692423105776 0.05 0.03900975243810953
0 0.7996083333333334 0.9097449362340586 0.06495833333333334 0.03946736684171043
0 0.83 0.8687171792948237 0.043333333333333335 0.04126031507876969
1 0.8508333333333333 0.2483120780195049 0.0425 0.030007501875468866
0 0.9320833333333334 0.7648162040510128 0.025 0.021005251312828207
1 0.021666666666666667 0.07014253563390847 0.0275 0.02625656414103526
0 0.02125 0.38897224306076517 0.04 0.04051012753188297
0 0.8541666666666666 0.8942235558889723 0.04833333333333333 0.04876219054763691
1 0.050416666666666665 0.2250562640660165 0.058333333333333334 0.058514628657164294
0 0.79625 0.8495873968492123 0.04083333333333333 0.0277569392348087
1 0.04375 0.04876219054763691 0.030833333333333334 0.02700675168792198
1 0.10708333333333334 0.20180045011252815 0.03916666666666667 0.03825956489122281
0 0.08375 0.7899474868717179 0.03916666666666667 0.035258814703675916
1 0.06458333333333334 0.2010502625656414 0.04416666666666667 0.03900975243810953
0 0.9570833333333333 0.77231807951988 0.025833333333333333 0.02250562640660165
1 0.7354166666666667 0.43023255813953487 0.03833333333333333 0.0277569392348087
1 0.7191666666666666 0.5435108777194299 0.04416666666666667 0.037509377344336084
