1 0.7678244972577697 0.6118421052631579 0.026508226691042046 0.023026315789473683
1 0.373400365630713 0.9025493421052632 0.033820840950639856 0.03042763157894737
0 0.48491773308957953 0.9132401315789473 0.022851919561243144 0.02138157894736842
1 0.8989945155393053 0.967516447368421 0.03473491773308958 0.029605263157894735
1 0.876599634369287 0.20189144736842105 0.02376599634369287 0.019736842105263157
1 0.6576782449725777 0.8807565789473685 0.027422303473491772 0.023848684210526317
1 0.8528336380255942 0.5098684210526315 0.031078610603290677 0.02631578947368421
1 0.6796160877513712 0.039473684210526314 0.037477148080438755 0.03536184210526316
1 0.8679159049360147 0.5283717105263158 0.027422303473491772 0.02549342105263158
1 0.38162705667276053 0.9276315789473685 0.0356489945155393 0.028782894736842105
1 0.34414990859232175 0.8959703947368421 0.033820840950639856 0.029605263157894735
1 0.3382084095063985 0.865953947368421 0.029250457038391225 0.024671052631578948
1 0.16590493601462522 0.9070723684210527 0.027422303473491772 0.023026315789473683
1 0.643510054844607 0.4058388157894737 0.0356489945155393 0.02631578947368421
1 0.7769652650822669 0.8717105263157895 0.022851919561243144 0.019736842105263157
0 0.9684643510054844 0.06907894736842106 0.02010968921389397 0.017269736842105265
0 0.9378427787934186 0.22738486842105263 0.02102376599634369 0.015625
0 0.12340036563071298 0.46875 0.02376599634369287 0.018092105263157895
1 0.3537477148080439 0.923108552631579 0.031992687385740404 0.028782894736842105
1 0.16590493601462522 0.8807565789473685 0.027422303473491772 0.023026315789473683
0 0.5036563071297989 0.907483552631579 0.021937842778793418 0.018914473684210526
1 0.7975319926873857 0.6155427631578947 0.02376599634369287 0.023026315789473683
1 0.6453382084095064 0.3893914473684211 0.037477148080438755 0.02055921052631579
1 0.9830895795246801 0.0834703947368421 0.022851919561243144 0.02138157894736842
1 0.30027422303473494 0.9054276315789473 0.027422303473491772 0.02631578947368421
0 0.6480804387568556 0.7730263157894737 0.022851919561243144 0.019736842105263157
0 0.11654478976234003 0.3059210526315789 0.024680073126142597 0.02138157894736842
1 0.6261425959780622 0.21504934210526316 0.024680073126142597 0.018092105263157895
0 0.10648994515539305 0.47820723684210525 0.02102376599634369 0.018914473684210526
1 0.3281535648994516 0.9148848684210527 0.027422303473491772 0.03125
0 0.13208409506398539 0.2890625 0.02376599634369287 0.01644736842105263
1 0.6809872029250457 0.9860197368421053 0.037477148080438755 0.027138157894736843
0 0.5178244972577697 0.9226973684210527 0.02010968921389397 0.02138157894736842
1 0.946526508226691 0.2582236842105263 0.024680073126142597 0.02138157894736842
0 0.6627056672760512 0.7602796052631579 0.03016453382084095 0.02138157894736842
0 0.659963436928702 0.9740953947368421 0.025594149908592323 0.02055921052631579
0 0.6727605118829981 0.6307565789473685 0.026508226691042046 0.02138157894736842
0 0.8222120658135283 0.7985197368421053 0.02010968921389397 0.017269736842105265
1 0.649908592321755 0.42886513157894735 0.026508226691042046 0.019736842105263157
1 0.9154478976234004 0.2236842105263158 0.022851919561243144 0.018092105263157895
1 0.6617915904936015 0.9954769736842105 0.03016453382084095 0.009046052631578948
0 0.9808043875685558 0.28289473684210525 0.02102376599634369 0.018914473684210526
1 0.6558500914076782 0.03412828947368421 0.022851919561243144 0.019736842105263157
1 0.5511882998171846 0.3774671052631579 0.0283363802559415 0.024671052631578948
0 0.6677330895795247 0.7775493421052632 0.024680073126142597 0.019736842105263157
0 0.7687385740402194 0.8087993421052632 0.021937842778793418 0.017269736842105265
0 0.5009140767824497 0.9259868421052632 0.02102376599634369 0.01644736842105263
0 0.17595978062157222 0.3129111842105263 0.019195612431444242 0.01644736842105263
1 0.6106032906764168 0.764391447368421 0.02376599634369287 0.018092105263157895
0 0.9762340036563071 0.5990953947368421 0.027422303473491772 0.022203947368421052
1 0.8391224862888482 0.7993421052631579 0.019195612431444242 0.017269736842105265
0 0.01416819012797075 0.3379934210526316 0.018281535648994516 0.01644736842105263
1 0.8962522851919561 0.23519736842105263 0.02376599634369287 0.02138157894736842
0 0.13528336380255943 0.4864309210526316 0.015539305301645339 0.013980263157894737
0 0.1613345521023766 0.31620065789473684 0.014625228519195612 0.012335526315789474
0 0.81672760511883 0.9481907894736842 0.02010968921389397 0.01644736842105263
0 0.15219378427787933 0.3046875 0.018281535648994516 0.013980263157894737
1 0.8711151736745887 0.21957236842105263 0.018281535648994516 0.015625
0 0.6517367458866545 0.7898848684210527 0.021937842778793418 0.018092105263157895
1 0.9282449725776966 0.025082236842105265 0.018281535648994516 0.014802631578947368
0 0.7723948811700183 0.37212171052631576 0.0283363802559415 0.023848684210526317
