1 0.8441499085923218 0.019325657894736843 0.026508226691042046 0.024671052631578948
1 0.031992687385740404 0.5193256578947368 0.03290676416819013 0.027138157894736843
1 0.07678244972577697 0.1147203947368421 0.03473491773308958 0.03042763157894737
1 0.1796160877513711 0.04481907894736842 0.029250457038391225 0.02549342105263158
1 0.15813528336380256 0.0678453947368421 0.026508226691042046 0.023848684210526317
1 0.7490859232175503 0.11677631578947369 0.025594149908592323 0.023026315789473683
1 0.7239488117001828 0.06085526315789474 0.03016453382084095 0.024671052631578948
1 0.5214808043875686 0.140625 0.031078610603290677 0.028782894736842105
1 0.7340036563071298 0.13199013157894737 0.027422303473491772 0.023848684210526317
1 0.05393053016453382 0.6385690789473685 0.0283363802559415 0.029605263157894735
1 0.7957038391224863 0.3614309210526316 0.0356489945155393 0.032072368421052634
1 0.3537477148080439 0.04893092105263158 0.03290676416819013 0.029605263157894735
1 0.5612431444241316 0.031661184210526314 0.03290676416819013 0.03042763157894737
1 0.17093235831809872 0.17557565789473684 0.024680073126142597 0.023026315789473683
1 0.1010054844606947 0.09539473684210527 0.03473491773308958 0.028782894736842105
1 0.5580438756855576 0.10978618421052631 0.0283363802559415 0.024671052631578948
1 0.4209323583180987 0.21258223684210525 0.0283363802559415 0.027138157894736843
1 0.025137111517367458 0.23108552631578946 0.02376599634369287 0.024671052631578948
1 0.8601462522851919 0.031661184210526314 0.025594149908592323 0.023026315789473683
1 0.7198354661791591 0.2981085526315789 0.029250457038391225 0.027138157894736843
1 0.025137111517367458 0.14185855263157895 0.02102376599634369 0.022203947368421052
1 0.09780621572212066 0.5106907894736842 0.029250457038391225 0.023848684210526317
1 0.050274223034734916 0.10074013157894737 0.03656307129798903 0.03700657894736842
1 0.05530164533820841 0.0678453947368421 0.038391224862888484 0.029605263157894735
1 0.966636197440585 0.22779605263157895 0.029250457038391225 0.029605263157894735
1 0.010968921389396709 0.6570723684210527 0.021937842778793418 0.028782894736842105
1 0.11745886654478976 0.26274671052631576 0.02376599634369287 0.02055921052631579
1 0.010968921389396709 0.13199013157894737 0.02102376599634369 0.022203947368421052
1 0.6138025594149908 0.05592105263157895 0.026508226691042046 0.023026315789473683
1 0.8788848263254113 0.1328125 0.031078610603290677 0.028782894736842105
1 0.6087751371115173 0.10731907894736842 0.0283363802559415 0.02631578947368421
1 0.34414990859232175 0.02261513157894737 0.0283363802559415 0.02549342105263158
1 0.5868372943327239 0.041529605263157895 0.026508226691042046 0.023026315789473683
1 0.819926873857404 0.41036184210526316 0.03656307129798903 0.03453947368421053
1 0.3226691042047532 0.055509868421052634 0.0283363802559415 0.027138157894736843
1 0.6005484460694699 0.023026315789473683 0.029250457038391225 0.024671052631578948
1 0.15356489945155394 0.1147203947368421 0.024680073126142597 0.022203947368421052
1 0.5644424131627057 0.14514802631578946 0.03290676416819013 0.033717105263157895
1 0.5127970749542962 0.20148026315789475 0.027422303473491772 0.022203947368421052
1 0.11791590493601463 0.5254934210526315 0.026508226691042046 0.024671052631578948
1 0.03656307129798903 0.6056743421052632 0.029250457038391225 0.023848684210526317
1 0.015539305301645339 0.1591282894736842 0.024680073126142597 0.02138157894736842
1 0.543418647166362 0.15789473684210525 0.0283363802559415 0.02631578947368421
1 0.8363802559414991 0.20723684210526316 0.03016453382084095 0.032072368421052634
1 0.783363802559415 0.5666118421052632 0.03656307129798903 0.03782894736842105
1 0.3473491773308958 0.07606907894736842 0.025594149908592323 0.027138157894736843
1 0.027422303473491772 0.6307565789473685 0.03290676416819013 0.03042763157894737
1 0.7303473491773309 0.22203947368421054 0.029250457038391225 0.029605263157894735
1 0.5882084095063985 0.0834703947368421 0.03016453382084095 0.023848684210526317
1 0.1796160877513711 0.4864309210526316 0.022851919561243144 0.022203947368421052
1 0.36745886654478976 0.0756578947368421 0.027422303473491772 0.027138157894736843
1 0.68327239488117 0.20065789473684212 0.02376599634369287 0.02138157894736842
1 0.8893967093235832 0.17146381578947367 0.03656307129798903 0.03289473684210526
1 0.5196526508226691 0.16159539473684212 0.025594149908592323 0.022203947368421052
1 0.33775137111517367 0.39226973684210525 0.022851919561243144 0.02631578947368421
1 0.9177330895795247 0.203125 0.03473491773308958 0.04029605263157895
1 0.0850091407678245 0.6175986842105263 0.03016453382084095 0.02549342105263158
1 0.8756855575868373 0.28207236842105265 0.02010968921389397 0.018914473684210526
1 0.0740402193784278 0.14226973684210525 0.024680073126142597 0.023026315789473683
0 0.9894881170018281 0.23108552631578946 0.02010968921389397 0.022203947368421052
1 0.10557586837294333 0.11842105263157894 0.03016453382084095 0.027138157894736843
1 0.04204753199268738 0.21669407894736842 0.026508226691042046 0.022203947368421052
1 0.19149908592321754 0.21792763157894737 0.021937842778793418 0.019736842105263157
0 0.8569469835466179 0.13692434210526316 0.025594149908592323 0.023848684210526317
1 0.7655393053016454 0.23684210526315788 0.025594149908592323 0.024671052631578948
1 0.22440585009140768 0.7738486842105263 0.026508226691042046 0.019736842105263157
1 0.8222120658135283 0.5649671052631579 0.04113345521023766 0.03453947368421053
1 0.520109689213894 0.18174342105263158 0.025594149908592323 0.022203947368421052
1 0.8610603290676416 0.15830592105263158 0.031992687385740404 0.023848684210526317
1 0.4643510054844607 0.6685855263157895 0.03290676416819013 0.038651315789473686
1 0.43921389396709326 0.515625 0.03016453382084095 0.027960526315789474
1 0.8244972577696527 0.013569078947368422 0.02376599634369287 0.023848684210526317
1 0.8985374771480804 0.2294407894736842 0.0356489945155393 0.027138157894736843
1 0.09323583180987204 0.5341282894736842 0.026508226691042046 0.024671052631578948
1 0.8912248628884827 0.20723684210526316 0.03473491773308958 0.032072368421052634
1 0.24360146252285192 0.7853618421052632 0.025594149908592323 0.023848684210526317
1 0.044789762340036565 0.23273026315789475 0.022851919561243144 0.02138157894736842
0 0.7755941499085923 0.4584703947368421 0.0283363802559415 0.02631578947368421
1 0.1010054844606947 0.5814144736842105 0.03016453382084095 0.02631578947368421
1 0.7056672760511883 0.22532894736842105 0.024680073126142597 0.023848684210526317
1 0.3989945155393053 0.09416118421052631 0.026508226691042046 0.024671052631578948
1 0.8638025594149908 0.18996710526315788 0.031992687385740404 0.028782894736842105
1 0.916819012797075 0.16817434210526316 0.031078610603290677 0.033717105263157895
0 0.28016453382084094 0.08881578947368421 0.02376599634369287 0.019736842105263157
1 0.3711151736745887 0.3638980263157895 0.02376599634369287 0.018092105263157895
0 0.06261425959780621 0.2421875 0.02376599634369287 0.023026315789473683
1 0.19926873857404023 0.006167763157894737 0.027422303473491772 0.012335526315789474
1 0.7554844606946983 0.13486842105263158 0.021937842778793418 0.02138157894736842
0 0.3094149908592322 0.3996710526315789 0.02376599634369287 0.02138157894736842
0 0.15813528336380256 0.4868421052631579 0.02010968921389397 0.019736842105263157
0 0.8295246800731262 0.484375 0.02376599634369287 0.022203947368421052
1 0.03244972577696526 0.6554276315789473 0.026508226691042046 0.024671052631578948
1 0.8651736745886655 0.21998355263157895 0.031078610603290677 0.032072368421052634
1 0.3857404021937843 0.35320723684210525 0.022851919561243144 0.019736842105263157
1 0.553016453382084 0.6163651315789473 0.026508226691042046 0.02549342105263158
1 0.4012797074954296 0.029605263157894735 0.024680073126142597 0.023848684210526317
0 0.7550274223034735 0.453125 0.02376599634369287 0.024671052631578948
0 0.8441499085923218 0.10649671052631579 0.027422303473491772 0.023026315789473683
1 0.20886654478976233 0.21422697368421054 0.019195612431444242 0.018914473684210526
1 0.5571297989031079 0.8766447368421053 0.026508226691042046 0.023026315789473683
1 0.08089579524680073 0.5921052631578947 0.0283363802559415 0.027960526315789474
1 0.37705667276051186 0.4194078947368421 0.027422303473491772 0.02138157894736842
1 0.04250457038391225 0.24835526315789475 0.02376599634369287 0.018914473684210526
1 0.7829067641681902 0.21299342105263158 0.02102376599634369 0.02138157894736842
1 0.7792504570383912 0.6241776315789473 0.031078610603290677 0.03289473684210526
1 0.9789762340036563 0.010279605263157895 0.02376599634369287 0.02055921052631579
1 0.70018281535649 0.06332236842105263 0.021937842778793418 0.018914473684210526
0 0.21115173674588666 0.15542763157894737 0.02376599634369287 0.02055921052631579
0 0.8043875685557587 0.39432565789473684 0.027422303473491772 0.02549342105263158
0 0.19515539305301646 0.4691611842105263 0.02102376599634369 0.017269736842105265
1 0.329981718464351 0.14514802631578946 0.02010968921389397 0.017269736842105265
1 0.11060329067641682 0.5962171052631579 0.026508226691042046 0.02138157894736842
1 0.8121572212065814 0.6311677631578947 0.031078610603290677 0.024671052631578948
1 0.5749542961608776 0.891858552631579 0.026508226691042046 0.02631578947368421
1 0.35511882998171845 0.38774671052631576 0.02010968921389397 0.022203947368421052
1 0.45658135283363804 0.16036184210526316 0.02102376599634369 0.023026315789473683
1 0.45018281535648996 0.14967105263157895 0.02102376599634369 0.018914473684210526
1 0.8043875685557587 0.21175986842105263 0.021937842778793418 0.023848684210526317
1 0.024223034734917732 0.6788651315789473 0.029250457038391225 0.027960526315789474
0 0.3130712979890311 0.41694078947368424 0.021937842778793418 0.018092105263157895
0 0.7824497257769653 0.38363486842105265 0.027422303473491772 0.024671052631578948
0 0.8409506398537477 0.5041118421052632 0.027422303473491772 0.023848684210526317
1 0.5447897623400365 0.3347039473684211 0.02010968921389397 0.018914473684210526
0 0.283363802559415 0.3696546052631579 0.022851919561243144 0.018092105263157895
0 0.8203839122486288 0.3832236842105263 0.026508226691042046 0.022203947368421052
0 0.773308957952468 0.41776315789473684 0.026508226691042046 0.023026315789473683
0 0.24817184643510054 0.13363486842105263 0.021937842778793418 0.019736842105263157
1 0.7472577696526508 0.24876644736842105 0.0283363802559415 0.02138157894736842
1 0.1540219378427788 0.2767269736842105 0.018281535648994516 0.018914473684210526
1 0.3788848263254113 0.027549342105263157 0.026508226691042046 0.023848684210526317
1 0.9908592321755028 0.01768092105263158 0.018281535648994516 0.032072368421052634
1 0.090036563071298 0.17434210526315788 0.021937842778793418 0.019736842105263157
1 0.8523765996343693 0.6036184210526315 0.029250457038391225 0.03289473684210526
0 0.1969835466179159 0.20353618421052633 0.018281535648994516 0.014802631578947368
1 0.3829981718464351 0.08429276315789473 0.024680073126142597 0.027960526315789474
1 0.2202925045703839 0.7894736842105263 0.027422303473491772 0.02055921052631579
0 0.8121572212065814 0.4399671052631579 0.029250457038391225 0.027960526315789474
0 0.8340950639853748 0.14720394736842105 0.026508226691042046 0.023848684210526317
0 0.7294332723948812 0.08018092105263158 0.021937842778793418 0.018092105263157895
1 0.37522851919561245 0.0069901315789473685 0.029250457038391225 0.013980263157894737
1 0.009597806215722121 0.6180098684210527 0.019195612431444242 0.024671052631578948
0 0.8139853747714808 0.5049342105263158 0.029250457038391225 0.024671052631578948
1 0.8880255941499086 0.28741776315789475 0.02010968921389397 0.018092105263157895
1 0.6023765996343693 0.07401315789473684 0.02010968921389397 0.014802631578947368
0 0.9574954296160878 0.15460526315789475 0.024680073126142597 0.02138157894736842
1 0.5859232175502742 0.1040296052631579 0.02376599634369287 0.023026315789473683
0 0.38391224862888484 0.3745888157894737 0.02010968921389397 0.017269736842105265
1 0.9757769652650823 0.10567434210526316 0.022851919561243144 0.022203947368421052
1 0.008226691042047532 0.011924342105263159 0.016453382084095063 0.022203947368421052
1 0.5575868372943327 0.3248355263157895 0.02102376599634369 0.018092105263157895
1 0.8144424131627057 0.6048519736842105 0.02376599634369287 0.027138157894736843
1 0.8043875685557587 0.0990953947368421 0.02102376599634369 0.01644736842105263
1 0.0763254113345521 0.4004934210526316 0.029250457038391225 0.024671052631578948
0 0.17321755027422303 0.11389802631578948 0.016453382084095063 0.015625
1 0.44149908592321757 0.6648848684210527 0.03473491773308958 0.03618421052631579
1 0.10923217550274222 0.6147203947368421 0.022851919561243144 0.019736842105263157
1 0.29113345521023765 0.3951480263157895 0.02102376599634369 0.018914473684210526
1 0.136654478976234 0.2816611842105263 0.02010968921389397 0.02055921052631579
1 0.5479890310786106 0.17351973684210525 0.031078610603290677 0.023848684210526317
1 0.5191956124314442 0.3458059210526316 0.02102376599634369 0.018914473684210526
1 0.8354661791590493 0.608141447368421 0.031992687385740404 0.03125
1 0.19378427787934185 0.4551809210526316 0.024680073126142597 0.017269736842105265
1 0.7856489945155393 0.10485197368421052 0.01736745886654479 0.017269736842105265
1 0.0923217550274223 0.42804276315789475 0.026508226691042046 0.018914473684210526
0 0.8683729433272395 0.016036184210526317 0.02010968921389397 0.017269736842105265
1 0.19241316270566727 0.011924342105263159 0.022851919561243144 0.018914473684210526
1 0.11425959780621572 0.23972039473684212 0.021937842778793418 0.018914473684210526
1 0.17595978062157222 0.4909539473684211 0.02102376599634369 0.02055921052631579
1 0.5987202925045704 0.9070723684210527 0.024680073126142597 0.023848684210526317
1 0.6188299817184644 0.8935032894736842 0.0283363802559415 0.02549342105263158
1 0.2760511882998172 0.3984375 0.016453382084095063 0.02138157894736842
1 0.1526508226691042 0.46957236842105265 0.021937842778793418 0.019736842105263157
1 0.6828153564899452 0.6369243421052632 0.02376599634369287 0.017269736842105265
1 0.8898537477148081 0.34375 0.02376599634369287 0.019736842105263157
0 0.06581352833638025 0.22245065789473684 0.026508226691042046 0.022203947368421052
0 0.1860146252285192 0.1225328947368421 0.022851919561243144 0.018092105263157895
0 0.2929616087751371 0.41324013157894735 0.02376599634369287 0.02055921052631579
1 0.5310786106032906 0.8861019736842105 0.025594149908592323 0.02549342105263158
1 0.048446069469835464 0.04399671052631579 0.019195612431444242 0.017269736842105265
1 0.047989031078610606 0.5345394736842105 0.019195612431444242 0.014802631578947368
1 0.5086837294332724 0.9198190789473685 0.029250457038391225 0.029605263157894735
