1 0.5607861060329068 0.4506578947368421 0.04296160877513711 0.03453947368421053
1 0.6083180987202925 0.9708059210526315 0.037477148080438755 0.028782894736842105
1 0.9012797074954296 0.6726973684210527 0.03290676416819013 0.02631578947368421
1 0.33409506398537475 0.9329769736842105 0.0283363802559415 0.02549342105263158
1 0.26828153564899454 0.9189967105263158 0.03656307129798903 0.028782894736842105
1 0.1563071297989031 0.71875 0.03290676416819013 0.028782894736842105
1 0.360146252285192 0.22532894736842105 0.037477148080438755 0.03289473684210526
1 0.30484460694698357 0.2265625 0.043875685557586835 0.032072368421052634
1 0.7157221206581352 0.8182565789473685 0.0356489945155393 0.032072368421052634
1 0.3546617915904936 0.6311677631578947 0.03290676416819013 0.027960526315789474
1 0.8350091407678245 0.4473684210526316 0.02376599634369287 0.02055921052631579
1 0.9076782449725777 0.6986019736842105 0.03290676416819013 0.02631578947368421
1 0.2463436928702011 0.6484375 0.031078610603290677 0.022203947368421052
1 0.3080438756855576 0.9066611842105263 0.03473491773308958 0.02631578947368421
1 0.9172760511882998 0.9658717105263158 0.03016453382084095 0.02549342105263158
1 0.37705667276051186 0.24835526315789475 0.04204753199268738 0.027960526315789474
1 0.8350091407678245 0.22902960526315788 0.031992687385740404 0.024671052631578948
1 0.6791590493601463 0.8260690789473685 0.044789762340036565 0.03042763157894737
1 0.5690127970749543 0.3861019736842105 0.04570383912248629 0.033717105263157895
1 0.583180987202925 0.7216282894736842 0.03656307129798903 0.029605263157894735
1 0.24817184643510054 0.9921875 0.0356489945155393 0.015625
1 0.5141681901279708 0.967516447368421 0.0356489945155393 0.027960526315789474
1 0.3194698354661792 0.3659539473684211 0.026508226691042046 0.023026315789473683
1 0.3797989031078611 0.9551809210526315 0.03290676416819013 0.029605263157894735
1 0.4250457038391225 0.6356907894736842 0.022851919561243144 0.022203947368421052
1 0.9040219378427788 0.626233552631579 0.02376599634369287 0.023026315789473683
1 0.8491773308957953 0.10649671052631579 0.03016453382084095 0.02631578947368421
1 0.3788848263254113 0.6476151315789473 0.033820840950639856 0.024671052631578948
1 0.39351005484460694 0.18133223684210525 0.026508226691042046 0.023848684210526317
1 0.040676416819012795 0.5933388157894737 0.027422303473491772 0.02055921052631579
1 0.055758683729433274 0.4699835526315789 0.033820840950639856 0.027138157894736843
0 0.25594149908592323 0.021792763157894735 0.0283363802559415 0.02549342105263158
1 0.9245886654478976 0.5842927631578947 0.027422303473491772 0.018092105263157895
1 0.0283363802559415 0.43256578947368424 0.026508226691042046 0.023848684210526317
1 0.9140767824497258 0.7265625 0.03656307129798903 0.03125
1 0.9830895795246801 0.7611019736842105 0.031078610603290677 0.03125
1 0.7303473491773309 0.7611019736842105 0.029250457038391225 0.023848684210526317
1 0.7106946983546618 0.2524671052631579 0.029250457038391225 0.023848684210526317
1 0.6083180987202925 0.9921875 0.05393053016453382 0.015625
1 0.2861060329067642 0.9494243421052632 0.033820840950639856 0.02549342105263158
1 0.5018281535648994 0.6994243421052632 0.031992687385740404 0.023848684210526317
1 0.9474405850091407 0.6763980263157895 0.02376599634369287 0.015625
0 0.35740402193784276 0.04276315789473684 0.02010968921389397 0.019736842105263157
0 0.8761425959780622 0.5230263157894737 0.02376599634369287 0.02138157894736842
1 0.12705667276051189 0.6073190789473685 0.026508226691042046 0.02055921052631579
1 0.04936014625228519 0.4407894736842105 0.029250457038391225 0.023848684210526317
1 0.3921389396709324 0.6254111842105263 0.03473491773308958 0.03042763157894737
1 0.18555758683729434 0.9942434210526315 0.033820840950639856 0.011513157894736841
1 0.08180987202925045 0.2623355263157895 0.03016453382084095 0.028782894736842105
0 0.17915904936014626 0.06578947368421052 0.0283363802559415 0.023848684210526317
1 0.28473491773308957 0.015625 0.03016453382084095 0.024671052631578948
1 0.7074954296160878 0.5896381578947368 0.024680073126142597 0.023026315789473683
1 0.07998171846435101 0.5283717105263158 0.03290676416819013 0.028782894736842105
1 0.20612431444241316 0.6504934210526315 0.0283363802559415 0.02138157894736842
1 0.8569469835466179 0.9555921052631579 0.025594149908592323 0.02138157894736842
1 0.10009140767824497 0.5049342105263158 0.037477148080438755 0.02549342105263158
1 0.10237659963436929 0.9905427631578947 0.04021937842778794 0.018914473684210526
0 0.6860146252285192 0.5851151315789473 0.0283363802559415 0.023026315789473683
1 0.21846435100548445 0.7039473684210527 0.026508226691042046 0.02549342105263158
1 0.05758683729433273 0.5444078947368421 0.031078610603290677 0.02631578947368421
1 0.36608775137111516 0.8667763157894737 0.024680073126142597 0.019736842105263157
1 0.35283363802559414 0.7701480263157895 0.026508226691042046 0.02549342105263158
0 0.8816270566727605 0.6879111842105263 0.026508226691042046 0.023026315789473683
0 0.19744058500914077 0.08470394736842106 0.031078610603290677 0.024671052631578948
1 0.2180073126142596 0.571546052631579 0.026508226691042046 0.02055921052631579
0 0.826782449725777 0.4634046052631579 0.021937842778793418 0.01644736842105263
1 0.13939670932358317 0.5929276315789473 0.025594149908592323 0.018914473684210526
1 0.12522851919561243 0.7257401315789473 0.029250457038391225 0.02631578947368421
1 0.10191956124314443 0.5357730263157895 0.03656307129798903 0.028782894736842105
1 0.2975319926873857 0.37212171052631576 0.02376599634369287 0.02055921052631579
1 0.23720292504570384 0.6636513157894737 0.0283363802559415 0.02138157894736842
1 0.306672760511883 0.727796052631579 0.03290676416819013 0.024671052631578948
0 0.40219378427787933 0.19942434210526316 0.027422303473491772 0.019736842105263157
1 0.3743144424131627 0.18791118421052633 0.027422303473491772 0.022203947368421052
1 0.9524680073126143 0.7208059210526315 0.03290676416819013 0.023026315789473683
0 0.23308957952468007 0.011101973684210526 0.0283363802559415 0.022203947368421052
1 0.9657221206581352 0.8075657894736842 0.029250457038391225 0.028782894736842105
0 0.21480804387568556 0.990953947368421 0.0283363802559415 0.018092105263157895
1 0.6649908592321755 0.5875822368421053 0.022851919561243144 0.02138157894736842
0 0.09095063985374771 0.4810855263157895 0.03016453382084095 0.023848684210526317
0 0.8222120658135283 0.5538651315789473 0.02376599634369287 0.02138157894736842
1 0.4264168190127971 0.7310855263157895 0.022851919561243144 0.022203947368421052
0 0.34414990859232175 0.18955592105263158 0.027422303473491772 0.022203947368421052
1 0.5479890310786106 0.751233552631579 0.029250457038391225 0.02549342105263158
1 0.5690127970749543 0.4095394736842105 0.043875685557586835 0.027138157894736843
1 0.8057586837294333 0.43133223684210525 0.019195612431444242 0.019736842105263157
0 0.8953382084095064 0.5242598684210527 0.02376599634369287 0.022203947368421052
1 0.979890310786106 0.3137335526315789 0.019195612431444242 0.022203947368421052
1 0.4186471663619744 0.7816611842105263 0.026508226691042046 0.022203947368421052
1 0.930073126142596 0.6336348684210527 0.02376599634369287 0.015625
0 0.38939670932358317 0.2158717105263158 0.03016453382084095 0.023848684210526317
1 0.720292504570384 0.3852796052631579 0.024680073126142597 0.022203947368421052
0 0.8761425959780622 0.5431743421052632 0.025594149908592323 0.023848684210526317
0 0.6809872029250457 0.798108552631579 0.037477148080438755 0.027138157894736843
0 0.9076782449725777 0.5460526315789473 0.022851919561243144 0.02055921052631579
1 0.15310786106032906 0.5571546052631579 0.029250457038391225 0.024671052631578948
1 0.48628884826325414 0.7380756578947368 0.021937842778793418 0.02055921052631579
1 0.8871115173674589 0.1328125 0.024680073126142597 0.024671052631578948
1 0.4108775137111517 0.8967927631578947 0.026508226691042046 0.018914473684210526
1 0.17047531992687387 0.7319078947368421 0.031078610603290677 0.023848684210526317
1 0.40950639853747717 0.71875 0.02376599634369287 0.02055921052631579
0 0.1860146252285192 0.1278782894736842 0.031992687385740404 0.023848684210526317
1 0.81672760511883 0.7479440789473685 0.02376599634369287 0.019736842105263157
0 0.49085923217550276 0.3050986842105263 0.024680073126142597 0.018092105263157895
1 0.2426873857404022 0.3667763157894737 0.0356489945155393 0.02549342105263158
1 0.08135283363802559 0.920641447368421 0.029250457038391225 0.02549342105263158
0 0.7550274223034735 0.790296052631579 0.029250457038391225 0.02631578947368421
0 0.1316270566727605 0.15296052631578946 0.026508226691042046 0.019736842105263157
1 0.12020109689213894 0.7549342105263158 0.031078610603290677 0.023848684210526317
1 0.3912248628884826 0.670641447368421 0.03290676416819013 0.02549342105263158
1 0.879798903107861 0.10731907894736842 0.02010968921389397 0.019736842105263157
1 0.5790676416819013 0.31085526315789475 0.033820840950639856 0.032072368421052634
1 0.35146252285191953 0.608141447368421 0.026508226691042046 0.02055921052631579
0 0.30438756855575866 0.17516447368421054 0.031078610603290677 0.023848684210526317
1 0.2020109689213894 0.04481907894736842 0.026508226691042046 0.019736842105263157
0 0.920018281535649 0.5328947368421053 0.02102376599634369 0.017269736842105265
1 0.8286106032906764 0.41899671052631576 0.02102376599634369 0.018914473684210526
1 0.4606946983546618 0.7203947368421053 0.03290676416819013 0.02631578947368421
0 0.3359232175502742 0.17434210526315788 0.03016453382084095 0.023026315789473683
0 0.1316270566727605 0.05879934210526316 0.02102376599634369 0.019736842105263157
1 0.9885740402193784 0.984375 0.021937842778793418 0.023848684210526317
1 0.33226691042047535 0.48807565789473684 0.021937842778793418 0.02055921052631579
0 0.7417733089579525 0.37993421052631576 0.024680073126142597 0.02138157894736842
1 0.21343692870201098 0.5974506578947368 0.024680073126142597 0.019736842105263157
1 0.12111517367458867 0.5550986842105263 0.031078610603290677 0.022203947368421052
1 0.2874771480804388 0.35526315789473684 0.019195612431444242 0.018092105263157895
1 0.22806215722120657 0.5879934210526315 0.02102376599634369 0.018092105263157895
1 0.41910420475319926 0.5370065789473685 0.03016453382084095 0.018092105263157895
1 0.17824497257769653 0.631578947368421 0.02102376599634369 0.02138157894736842
1 0.08272394881170018 0.23972039473684212 0.024680073126142597 0.018914473684210526
1 0.04524680073126142 0.7430098684210527 0.03016453382084095 0.023026315789473683
0 0.18738574040219377 0.7006578947368421 0.02102376599634369 0.017269736842105265
1 0.07175502742230347 0.7376644736842105 0.024680073126142597 0.022203947368421052
0 0.36288848263254114 0.02631578947368421 0.02010968921389397 0.01644736842105263
1 0.007312614259597806 0.5707236842105263 0.014625228519195612 0.027138157894736843
1 0.37705667276051186 0.046052631578947366 0.022851919561243144 0.018092105263157895
1 0.7239488117001828 0.24917763157894737 0.02010968921389397 0.023026315789473683
1 0.3030164533820841 0.9329769736842105 0.025594149908592323 0.02055921052631579
0 0.20246800731261427 0.06291118421052631 0.027422303473491772 0.022203947368421052
1 0.2312614259597806 0.5193256578947368 0.027422303473491772 0.022203947368421052
0 0.9730347349177331 0.5115131578947368 0.031992687385740404 0.024671052631578948
0 0.856489945155393 0.5686677631578947 0.02010968921389397 0.018092105263157895
1 0.13391224862888482 0.9901315789473685 0.0283363802559415 0.019736842105263157
1 0.26051188299817185 0.5444078947368421 0.022851919561243144 0.022203947368421052
1 0.9309872029250457 0.6044407894736842 0.02376599634369287 0.019736842105263157
0 0.9867458866544789 0.8955592105263158 0.02010968921389397 0.015625
0 0.1663619744058501 0.08305921052631579 0.027422303473491772 0.023848684210526317
1 0.9648080438756855 0.7833059210526315 0.031078610603290677 0.023026315789473683
0 0.1905850091407678 0.44819078947368424 0.01736745886654479 0.013157894736842105
1 0.3930530164533821 0.023026315789473683 0.02102376599634369 0.017269736842105265
1 0.136654478976234 0.5106907894736842 0.033820840950639856 0.024671052631578948
1 0.16270566727605118 0.039884868421052634 0.027422303473491772 0.022203947368421052
0 0.12705667276051189 0.5752467105263158 0.026508226691042046 0.02055921052631579
1 0.3382084095063985 0.3597861842105263 0.024680073126142597 0.022203947368421052
0 0.20886654478976233 0.453125 0.02102376599634369 0.017269736842105265
1 0.666819012797075 0.8675986842105263 0.022851919561243144 0.018092105263157895
1 0.04753199268738574 0.5649671052631579 0.02102376599634369 0.018092105263157895
0 0.33683729433272397 0.041529605263157895 0.025594149908592323 0.022203947368421052
0 0.3875685557586837 0.9901315789473685 0.029250457038391225 0.019736842105263157
0 0.846892138939671 0.5423519736842105 0.021937842778793418 0.01644736842105263
0 0.37751371115173676 0.031661184210526314 0.02376599634369287 0.017269736842105265
1 0.8670018281535649 0.453125 0.02102376599634369 0.018914473684210526
1 0.1882998171846435 0.6842105263157895 0.0283363802559415 0.018914473684210526
0 0.3080438756855576 0.203125 0.03016453382084095 0.022203947368421052
0 0.26279707495429616 0.005756578947368421 0.02376599634369287 0.011513157894736841
0 0.42047531992687387 0.9103618421052632 0.029250457038391225 0.02138157894736842
1 0.7253199268738574 0.4050164473684211 0.019195612431444242 0.01644736842105263
1 0.29981718464351004 0.34662828947368424 0.019195612431444242 0.01644736842105263
1 0.360146252285192 0.17598684210526316 0.02102376599634369 0.018092105263157895
0 0.9309872029250457 0.31537828947368424 0.018281535648994516 0.01644736842105263
1 0.8683729433272395 0.14720394736842105 0.031078610603290677 0.027138157894736843
1 0.5758683729433273 0.8264802631578947 0.022851919561243144 0.018092105263157895
0 0.4140767824497258 0.21299342105263158 0.022851919561243144 0.019736842105263157
1 0.41910420475319926 0.5238486842105263 0.02376599634369287 0.015625
1 0.2906764168190128 0.4909539473684211 0.027422303473491772 0.018092105263157895
0 0.496800731261426 0.6763980263157895 0.03016453382084095 0.022203947368421052
0 0.28793418647166363 0.05592105263157895 0.027422303473491772 0.023848684210526317
1 0.49497257769652653 0.31866776315789475 0.0283363802559415 0.018914473684210526
1 0.5712979890310786 0.7504111842105263 0.021937842778793418 0.022203947368421052
1 0.1206581352833638 0.9412006578947368 0.026508226691042046 0.023848684210526317
1 0.33226691042047535 0.6052631578947368 0.022851919561243144 0.018092105263157895
1 0.8368372943327239 0.9444901315789473 0.031078610603290677 0.023026315789473683
1 0.6823583180987203 0.9148848684210527 0.019195612431444242 0.015625
1 0.9483546617915904 0.7989309210526315 0.0283363802559415 0.02138157894736842
1 0.26919561243144424 0.03412828947368421 0.0283363802559415 0.023026315789473683
1 0.9478976234003657 0.27261513157894735 0.019195612431444242 0.02055921052631579
1 0.012340036563071298 0.41694078947368424 0.02376599634369287 0.02631578947368421
1 0.13528336380255943 0.9629934210526315 0.025594149908592323 0.024671052631578948
0 0.23308957952468007 0.04276315789473684 0.02376599634369287 0.017269736842105265
1 0.08775137111517367 0.8133223684210527 0.02376599634369287 0.02138157894736842
1 0.10374771480804387 0.7796052631578947 0.027422303473491772 0.02138157894736842
1 0.6078610603290676 0.936266447368421 0.02376599634369287 0.017269736842105265
1 0.24223034734917734 0.6122532894736842 0.0283363802559415 0.02055921052631579
1 0.3720292504570384 0.017269736842105265 0.026508226691042046 0.015625
1 0.18372943327239488 0.9679276315789473 0.024680073126142597 0.014802631578947368
0 0.23446069469835465 0.05797697368421053 0.022851919561243144 0.018914473684210526
1 0.9428702010968921 0.626233552631579 0.01736745886654479 0.018092105263157895
1 0.5004570383912249 0.733141447368421 0.021937842778793418 0.018914473684210526
1 0.0690127970749543 0.756578947368421 0.024680073126142597 0.02138157894736842
0 0.8938756855575868 0.4680838815789474 0.026590493601462522 0.02035361842105263
0 0.9549908592321755 0.30694901315789475 0.018272394881170016 0.017055921052631578
