1 0.6175 0.09789947486871718 0.05 0.04426106526631658
1 0.7729166666666667 0.5367591897974494 0.06833333333333333 0.058514628657164294
1 0.5091666666666667 0.2959489872468117 0.06583333333333333 0.05926481620405101
1 0.6041666666666666 0.015753938484621154 0.06333333333333334 0.03150787696924231
1 0.5729166666666666 0.19504876219054765 0.06 0.05401350337584396
1 0.4633333333333333 0.5896474118529632 0.055 0.03900975243810953
1 0.5279166666666667 0.17854463615903976 0.055 0.05251312828207052
1 0.56625 0.09264816204051013 0.0575 0.05326331582895724
1 0.60625 0.21980495123780946 0.0525 0.05326331582895724
1 0.715 0.5330082520630157 0.060833333333333336 0.056264066016504126
1 0.41 0.7820705176294074 0.05333333333333334 0.046511627906976744
1 0.7575 0.49474868717179293 0.06666666666666667 0.04576144036009002
0 0.6795833333333333 0.3252063015753939 0.050833333333333335 0.04351087771942986
1 0.6204166666666666 0.055138784696174045 0.05583333333333333 0.04801200300075019
1 0.18708333333333332 0.9808702175543886 0.050833333333333335 0.03675918979744936
1 0.96125 0.2374343585896474 0.0625 0.0555138784696174
1 0.8804166666666666 0.2940735183795949 0.06666666666666667 0.06301575393848462
0 0.6729166666666667 0.291072768192048 0.0475 0.04051012753188297
0 0.9095833333333333 0.4711177794448612 0.04666666666666667 0.04276069017254314
0 0.95125 0.4204801200300075 0.0475 0.04051012753188297
1 0.8354166666666667 0.8897224306076519 0.04666666666666667 0.047261815453863466
1 0.44666666666666666 0.6207801950487621 0.04583333333333333 0.042010502625656414
1 0.96375 0.3124531132783196 0.0725 0.0622655663915979
1 0.5470833333333334 0.231807951987997 0.06333333333333334 0.05251312828207052
0 0.95125 0.45836459114778694 0.049166666666666664 0.04426106526631658
1 0.5991666666666666 0.16616654163540887 0.06333333333333334 0.04801200300075019
1 0.8829166666666667 0.2059264816204051 0.035 0.029257314328582147
0 0.9766666666666667 0.913728432108027 0.04583333333333333 0.04951237809452363
1 0.1775 0.918979744936234 0.05 0.05101275318829707
0 0.69125 0.26294073518379596 0.04833333333333333 0.04126031507876969
1 0.9741666666666666 0.963615903975994 0.051666666666666666 0.03825956489122281
0 0.8120833333333334 0.27756939234808703 0.03666666666666667 0.0345086271567892
1 0.25083333333333335 0.07576894223555888 0.041666666666666664 0.03825956489122281
1 0.8504166666666667 0.2820705176294073 0.045 0.05326331582895724
1 0.79375 0.885596399099775 0.05 0.04051012753188297
0 0.9508333333333333 0.8724681170292573 0.055 0.04951237809452363
0 0.46958333333333335 0.5611402850712678 0.035 0.033008252063015754
0 0.46 0.3015753938484621 0.041666666666666664 0.037509377344336084
0 0.125 0.9317329332333083 0.055 0.04576144036009002
1 0.96125 0.07876969242310577 0.04416666666666667 0.03600900225056264
0 0.9183333333333333 0.9006001500375094 0.0475 0.04126031507876969
1 0.94625 0.2711927981995499 0.0625 0.04801200300075019
0 0.9141666666666667 0.43623405851462865 0.0375 0.030007501875468866
1 0.49541666666666667 0.5712678169542386 0.03 0.03675918979744936
1 0.6554166666666666 0.01312828207051763 0.049166666666666664 0.02625656414103526
1 0.4675 0.23105776444111029 0.0525 0.03075768942235559
1 0.9083333333333333 0.2539384846211553 0.04666666666666667 0.05701425356339085
1 0.013333333333333334 0.37809452363090773 0.025833333333333333 0.03375843960990248
1 0.47875 0.6294073518379595 0.03833333333333333 0.042010502625656414
1 0.13708333333333333 0.4223555888972243 0.04083333333333333 0.025506376594148537
0 0.9804166666666667 0.39122280570142537 0.035 0.04351087771942986
1 0.5720833333333334 0.04388597149287322 0.051666666666666666 0.05101275318829707
1 0.8783333333333333 0.24643660915228807 0.035 0.035258814703675916
1 0.6741666666666667 0.5071267816954238 0.03916666666666667 0.03900975243810953
1 0.22208333333333333 0.32708177044261066 0.034166666666666665 0.02250562640660165
1 0.23708333333333334 0.9722430607651913 0.04666666666666667 0.05251312828207052
0 0.9366666666666666 0.2021755438859715 0.04583333333333333 0.03900975243810953
0 0.6408333333333334 0.31957989497374345 0.03333333333333333 0.03075768942235559
0 0.9633333333333334 0.9827456864216054 0.05416666666666667 0.0345086271567892
0 0.23208333333333334 0.1054013503375844 0.03333333333333333 0.02625656414103526
1 0.5516666666666666 0.3327081770442611 0.03833333333333333 0.04576144036009002
1 0.69 0.46324081020255065 0.043333333333333335 0.03075768942235559
0 0.9166666666666666 0.9909977494373593 0.04416666666666667 0.01800450112528132
1 0.5058333333333334 0.24268567141785446 0.043333333333333335 0.04876219054763691
1 0.465 0.2633158289572393 0.055 0.046511627906976744
0 0.6233333333333333 0.2903225806451613 0.035833333333333335 0.03975993998499625
1 0.65625 0.2576894223555889 0.03833333333333333 0.028507126781695424
1 0.0375 0.36721680420105024 0.03333333333333333 0.03075768942235559
1 0.49375 0.18942235558889722 0.0375 0.04576144036009002
0 0.93875 0.9366091522880721 0.0525 0.04126031507876969
1 0.6525 0.08139534883720931 0.035833333333333335 0.046511627906976744
1 0.57 0.32033008252063017 0.035 0.04576144036009002
1 0.4395833333333333 0.35858964741185295 0.050833333333333335 0.05101275318829707
1 0.08958333333333333 0.21867966991747936 0.030833333333333334 0.02625656414103526
1 0.91125 0.33833458364591146 0.07083333333333333 0.0450112528132033
1 0.89125 0.5307576894223556 0.035833333333333335 0.03375843960990248
1 0.848675 0.3622805701425356 0.06333333333333334 0.05026256564141035
1 0.2238 0.12946736684171042 0.046766666666666665 0.023383345836459117
1 0.9625 0.16279069767441862 0.05583333333333333 0.04426106526631658
0 0.8308333333333333 0.31470367591897974 0.051666666666666666 0.03675918979744936
1 0.5495833333333333 0.28319579894973745 0.04083333333333333 0.05101275318829707
1 0.47833333333333333 0.3477119279819955 0.04083333333333333 0.04126031507876969
0 0.9404166666666667 0.4973743435858965 0.043333333333333335 0.03675918979744936
1 0.595 0.12603150787696923 0.056666666666666664 0.035258814703675916
0 0.6533333333333333 0.03825956489122281 0.035833333333333335 0.03225806451612903
1 0.9866666666666667 0.8713428357089272 0.024166666666666666 0.05251312828207052
0 0.45416666666666666 0.32483120780195046 0.03166666666666667 0.025506376594148537
1 0.29083333333333333 0.14816204051012752 0.028333333333333332 0.03900975243810953
0 0.02 0.3522130532633158 0.024166666666666666 0.02175543885971493
0 0.7504166666666666 0.5682670667666917 0.045 0.033008252063015754
0 0.9091666666666667 0.20967741935483872 0.0325 0.03675918979744936
0 0.935 0.9718679669917479 0.035 0.03150787696924231
0 0.64 0.27831957989497375 0.034166666666666665 0.03150787696924231
1 0.8254166666666667 0.3372093023255814 0.034166666666666665 0.03075768942235559
1 0.4091666666666667 0.6110277569392348 0.034166666666666665 0.029257314328582147
1 0.007083333333333333 0.34658664666166544 0.0125 0.03225806451612903
1 0.860225 0.5609977494373592 0.040358333333333336 0.03941485371342836
0 0.9845833333333334 0.4354463615903976 0.030833333333333334 0.05369842460615153
0 0.9861083333333333 0.48594148537134285 0.027783333333333337 0.04392348087021755
