1 0.10166666666666667 0.19129782445611404 0.06416666666666666 0.05926481620405101
1 0.16333333333333333 0.2078019504876219 0.0725 0.060765191297824456
1 0.020833333333333332 0.34996249062265566 0.04083333333333333 0.04951237809452363
1 0.07791666666666666 0.44898724681170293 0.056666666666666664 0.05326331582895724
0 0.08125 0.024006001500375095 0.055 0.04801200300075019
0 0.7704166666666666 0.9741185296324081 0.041666666666666664 0.03600900225056264
0 0.11166666666666666 0.42273068267066766 0.04083333333333333 0.03075768942235559
0 0.35583333333333333 0.6256564141035259 0.049166666666666664 0.04276069017254314
0 0.6929166666666666 0.7955738934733684 0.0475 0.035258814703675916
0 0.12958333333333333 0.25806451612903225 0.0425 0.03900975243810953
0 0.56625 0.9891222805701425 0.049166666666666664 0.02175543885971493
0 0.034583333333333334 0.025131282820705175 0.051666666666666666 0.05026256564141035
1 0.12166666666666667 0.4579894973743436 0.041666666666666664 0.04351087771942986
0 0.5391666666666667 0.8870967741935484 0.0425 0.03675918979744936
0 0.09458333333333334 0.2355588897224306 0.0475 0.04426106526631658
0 0.09708333333333333 0.2711927981995499 0.03833333333333333 0.03375843960990248
0 0.7070833333333333 0.7745686421605401 0.0375 0.030007501875468866
0 0.11875 0.051762940735183796 0.049166666666666664 0.04576144036009002
0 0.13375 0.01687921980495124 0.0425 0.03375843960990248
0 0.14791666666666667 0.16354088522130533 0.05416666666666667 0.03600900225056264
1 0.4429166666666667 0.4384846211552888 0.03 0.033008252063015754
0 0.16041666666666668 0.26894223555888974 0.04 0.035258814703675916
1 0.03125 0.061140285071267814 0.04 0.03225806451612903
1 0.3258333333333333 0.6440360090022506 0.04083333333333333 0.03600900225056264
0 0.165 0.019129782445611403 0.03833333333333333 0.03825956489122281
1 0.2991666666666667 0.30307576894223553 0.04416666666666667 0.03825956489122281
1 0.33400833333333335 0.2974643660915229 0.04 0.029257314328582147
1 0.9925 0.08814703675918979 0.014166666666666666 0.033008252063015754
0 0.08958333333333333 0.06751687921980495 0.050833333333333335 0.04126031507876969
1 0.3308333333333333 0.24268567141785446 0.04083333333333333 0.02700675168792198
0 0.6620666666666667 0.7865341335333834 0.033350000000000005 0.029737434358589648
0 0.6980666666666666 0.7596399099774944 0.03274166666666667 0.0181695423855964
1 0.022216666666666666 0.4336459114778694 0.03545 0.048649662415603895
0 0.14648333333333333 0.05078769692423106 0.03339166666666667 0.037456864216054014
