1 0.94 0.20517629407351837 0.041666666666666664 0.033008252063015754
1 0.12708333333333333 0.8619654913728432 0.035 0.03150787696924231
1 0.88875 0.3664666166541635 0.0475 0.042010502625656414
0 0.8751333333333334 0.24254313578394598 0.024641666666666666 0.028004501125281318
1 0.9 0.24268567141785446 0.035833333333333335 0.03075768942235559
0 0.12166666666666667 0.4174793698424606 0.029166666666666667 0.029257314328582147
0 0.35125 0.9921230307576894 0.025 0.015753938484621154
0 0.9295833333333333 0.2479369842460615 0.028333333333333332 0.02250562640660165
1 0.25958333333333333 0.6271567891972993 0.041666666666666664 0.033008252063015754
0 0.19875 0.7959489872468117 0.0275 0.02175543885971493
0 0.8316666666666667 0.32220555138784696 0.049166666666666664 0.04051012753188297
0 0.9041666666666667 0.18229557389347337 0.030833333333333334 0.023255813953488372
0 0.028333333333333332 0.9332333083270817 0.041666666666666664 0.03600900225056264
0 0.85625 0.2280570142535634 0.0325 0.02700675168792198
0 0.3016666666666667 0.6042760690172543 0.03 0.0277569392348087
0 0.29083333333333333 0.5843960990247562 0.0275 0.02250562640660165
1 0.9129166666666667 0.36046511627906974 0.0425 0.0450112528132033
1 0.06375 0.9156039009752438 0.03916666666666667 0.03600900225056264
0 0.9845833333333334 0.9868717179294824 0.030833333333333334 0.02625656414103526
0 0.13708333333333333 0.47561890472618157 0.0275 0.025506376594148537
1 0.40458333333333335 0.9808702175543886 0.03666666666666667 0.02625656414103526
0 0.8795833333333334 0.2933233308327082 0.029166666666666667 0.025506376594148537
0 0.145 0.4223555888972243 0.023333333333333334 0.02250562640660165
0 0.8483333333333334 0.29444861215303825 0.02666666666666667 0.02625656414103526
0 0.29041666666666666 0.6230307576894224 0.025833333333333333 0.019504876219054765
0 0.85875 0.2730682670667667 0.034166666666666665 0.02700675168792198
0 0.14958333333333335 0.4062265566391598 0.021666666666666667 0.01350337584396099
0 0.01125 0.9538634658664666 0.0225 0.023255813953488372
0 0.21541666666666667 0.8218304576144037 0.028333333333333332 0.03225806451612903
0 0.10125 0.5731432858214554 0.03333333333333333 0.029257314328582147
0 0.4379166666666667 0.991747936984246 0.0325 0.016504126031507877
0 0.36875 0.9549887471867967 0.028333333333333332 0.024006001500375095
0 0.14875 0.44486121530382594 0.025 0.02250562640660165
1 0.8795833333333334 0.3207051762940735 0.030833333333333334 0.02250562640660165
0 0.2733333333333333 0.6069017254313578 0.030833333333333334 0.024756189047261814
0 0.19083333333333333 0.8162040510127532 0.03166666666666667 0.028507126781695424
1 0.09208333333333334 0.8368342085521381 0.020833333333333332 0.02250562640660165
0 0.26916666666666667 0.5783945986496624 0.028333333333333332 0.023255813953488372
1 0.17583333333333334 0.7970742685671418 0.020833333333333332 0.023255813953488372
0 0.3933333333333333 0.9921230307576894 0.02666666666666667 0.015753938484621154
0 0.04958333333333333 0.8402100525131283 0.02666666666666667 0.02250562640660165
0 0.16541666666666666 0.4257314328582146 0.020833333333333332 0.024006001500375095
1 0.9470833333333334 0.2651912978244561 0.02 0.03225806451612903
0 0.15041666666666667 0.8465866466616654 0.029166666666666667 0.024756189047261814
1 0.9270833333333334 0.22693173293323332 0.03333333333333333 0.024006001500375095
1 0.9066666666666666 0.28394598649662417 0.034166666666666665 0.035258814703675916
1 0.8553083333333332 0.3937509377344336 0.043333333333333335 0.037509377344336084
1 0.10041666666666667 0.8364591147786947 0.0275 0.024006001500375095
0 0.13375 0.43885971492873216 0.0225 0.01800450112528132
1 0.34208333333333335 0.609152288072018 0.018333333333333333 0.0172543135783946
0 0.9254166666666667 0.2730682670667667 0.035833333333333335 0.03075768942235559
0 0.38125 0.9876219054763691 0.023333333333333334 0.021005251312828207
0 0.4666666666666667 0.9932483120780196 0.0275 0.01350337584396099
0 0.10958333333333334 0.48237059264816207 0.0225 0.02250562640660165
0 0.8967833333333334 0.3986121530382596 0.04079166666666667 0.03387846961740435
