1 0.1725 0.9681170292573144 0.055 0.04801200300075019
1 0.7841666666666667 0.9249812453113279 0.07166666666666667 0.06751687921980495
1 0.7616666666666667 0.42010502625656415 0.04083333333333333 0.03600900225056264
1 0.97 0.20892723180795197 0.056666666666666664 0.056264066016504126
1 0.9225 0.9643660915228808 0.06333333333333334 0.05401350337584396
1 0.29583333333333334 0.9703675918979745 0.055 0.05401350337584396
1 0.13041666666666665 0.9553638409602401 0.043333333333333335 0.042010502625656414
1 0.9566666666666667 0.2618154538634659 0.065 0.06526631657914479
1 0.7791666666666667 0.49362340585146286 0.045 0.04576144036009002
0 0.8245833333333333 0.9606151537884471 0.049166666666666664 0.04126031507876969
1 0.9675 0.5483870967741935 0.05 0.04876219054763691
1 0.66 0.9823705926481621 0.0475 0.03225806451612903
1 0.7420833333333333 0.9894973743435859 0.04083333333333333 0.021005251312828207
1 0.90875 0.2374343585896474 0.05416666666666667 0.05251312828207052
1 0.8045833333333333 0.8600900225056264 0.06583333333333333 0.04876219054763691
0 0.7583333333333333 0.4549887471867967 0.0375 0.03225806451612903
0 0.7279166666666667 0.4384846211552888 0.045 0.04051012753188297
1 0.92375 0.20255063765941486 0.05416666666666667 0.05026256564141035
1 0.8370833333333333 0.8945986496624156 0.06333333333333334 0.06751687921980495
1 0.34458333333333335 0.9684921230307577 0.04583333333333333 0.03225806451612903
1 0.6425 0.9936234058514629 0.04833333333333333 0.012753188297074268
1 0.7570833333333333 0.891972993248312 0.03916666666666667 0.04576144036009002
0 0.7633333333333333 0.5660165041260315 0.03333333333333333 0.02625656414103526
1 0.7005916666666667 0.9878619654913728 0.064525 0.024276069017254313
0 0.7954166666666667 0.4156039009752438 0.034166666666666665 0.028507126781695424
0 0.8091666666666667 0.9804951237809453 0.056666666666666664 0.037509377344336084
1 0.86875 0.9654913728432108 0.0525 0.042010502625656414
0 0.73625 0.5157539384846211 0.03333333333333333 0.029257314328582147
0 0.7532583333333333 0.4967366841710427 0.026341666666666666 0.032535633908477114
1 0.9873749999999999 0.17471867966991747 0.02525 0.038192048012002995
