1 0.9104204753199269 0.5986842105263158 0.029250457038391225 0.024671052631578948
1 0.5374771480804388 0.12664473684210525 0.026508226691042046 0.022203947368421052
1 0.44561243144424134 0.04893092105263158 0.031078610603290677 0.029605263157894735
1 0.7536563071297989 0.6422697368421053 0.044789762340036565 0.033717105263157895
1 0.13071297989031078 0.20230263157894737 0.02376599634369287 0.022203947368421052
1 0.6110603290676416 0.33100328947368424 0.031078610603290677 0.023848684210526317
1 0.5187385740402194 0.37787828947368424 0.031992687385740404 0.02631578947368421
0 0.21023765996343693 0.9580592105263158 0.026508226691042046 0.018092105263157895
1 0.5475319926873857 0.21957236842105263 0.03290676416819013 0.027960526315789474
1 0.2687385740402194 0.1225328947368421 0.03290676416819013 0.027138157894736843
1 0.07723948811700183 0.13651315789473684 0.025594149908592323 0.02055921052631579
1 0.7618829981718465 0.4354440789473684 0.026508226691042046 0.023026315789473683
1 0.22120658135283364 0.7545230263157895 0.033820840950639856 0.028782894736842105
1 0.9373857404021938 0.031661184210526314 0.033820840950639856 0.029605263157894735
1 0.9803473491773309 0.5485197368421053 0.025594149908592323 0.022203947368421052
1 0.7993601462522852 0.2722039473684211 0.026508226691042046 0.023026315789473683
1 0.9291590493601463 0.9749177631578947 0.0356489945155393 0.027960526315789474
1 0.1613345521023766 0.5875822368421053 0.024680073126142597 0.02138157894736842
1 0.7915904936014625 0.9428453947368421 0.033820840950639856 0.027960526315789474
1 0.5763254113345521 0.013980263157894737 0.024680073126142597 0.022203947368421052
1 0.5187385740402194 0.23273026315789475 0.0283363802559415 0.024671052631578948
1 0.6526508226691042 0.9136513157894737 0.033820840950639856 0.027138157894736843
1 0.8372943327239488 0.16324013157894737 0.031078610603290677 0.028782894736842105
1 0.6805301645338209 0.9514802631578947 0.0356489945155393 0.027960526315789474
1 0.6307129798903108 0.48273026315789475 0.03016453382084095 0.023026315789473683
1 0.823126142595978 0.9810855263157895 0.04204753199268738 0.03042763157894737
1 0.24223034734917734 0.12705592105263158 0.0283363802559415 0.02631578947368421
1 0.20749542961608775 0.22450657894736842 0.0283363802559415 0.023026315789473683
1 0.05393053016453382 0.7438322368421053 0.0283363802559415 0.02138157894736842
1 0.9680073126142597 0.7960526315789473 0.03656307129798903 0.027138157894736843
1 0.022394881170018283 0.18215460526315788 0.029250457038391225 0.02549342105263158
1 0.5223948811700183 0.14268092105263158 0.027422303473491772 0.022203947368421052
1 0.13756855575868374 0.27425986842105265 0.025594149908592323 0.023026315789473683
1 0.01416819012797075 0.7150493421052632 0.025594149908592323 0.02549342105263158
1 0.16042047531992687 0.2635690789473684 0.026508226691042046 0.019736842105263157
1 0.7943327239488117 0.08675986842105263 0.031992687385740404 0.022203947368421052
1 0.030621572212065813 0.203125 0.031078610603290677 0.024671052631578948
1 0.2979890310786106 0.9897203947368421 0.03290676416819013 0.019736842105263157
1 0.32769652650822667 0.37335526315789475 0.026508226691042046 0.017269736842105265
1 0.03930530164533821 0.9732730263157895 0.03656307129798903 0.029605263157894735
1 0.9606946983546618 0.20641447368421054 0.024680073126142597 0.018914473684210526
1 0.062157221206581355 0.8844572368421053 0.026508226691042046 0.027138157894736843
1 0.8162705667276051 0.9576480263157895 0.031992687385740404 0.027138157894736843
1 0.16087751371115175 0.2787828947368421 0.0283363802559415 0.023026315789473683
1 0.9319012797074955 0.9046052631578947 0.03290676416819013 0.02631578947368421
1 0.8820840950639853 0.9564144736842105 0.038391224862888484 0.03453947368421053
1 0.0370201096892139 0.06866776315789473 0.025594149908592323 0.024671052631578948
1 0.29341864716636196 0.1825657894736842 0.026508226691042046 0.027138157894736843
1 0.443327239488117 0.42680921052631576 0.033820840950639856 0.02549342105263158
1 0.14716636197440586 0.859375 0.025594149908592323 0.023026315789473683
1 0.12294332723948811 0.5682565789473685 0.0283363802559415 0.02549342105263158
1 0.16681901279707495 0.20148026315789475 0.031992687385740404 0.03042763157894737
0 0.5927787934186471 0.860608552631579 0.04021937842778794 0.03536184210526316
1 0.1416819012797075 0.29317434210526316 0.026508226691042046 0.019736842105263157
1 0.9506398537477148 0.9884868421052632 0.03290676416819013 0.023026315789473683
1 0.5909506398537477 0.3145559210526316 0.026508226691042046 0.019736842105263157
1 0.489945155393053 0.44901315789473684 0.031078610603290677 0.02549342105263158
1 0.846892138939671 0.959703947368421 0.03016453382084095 0.027138157894736843
0 0.7769652650822669 0.9847861842105263 0.02376599634369287 0.022203947368421052
1 0.9341864716636198 0.790296052631579 0.031992687385740404 0.027960526315789474
1 0.8112431444241316 0.18215460526315788 0.03656307129798903 0.028782894736842105
1 0.5169104204753199 0.31620065789473684 0.027422303473491772 0.023026315789473683
1 0.7426873857404022 0.10773026315789473 0.026508226691042046 0.02055921052631579
1 0.1046617915904936 0.8585526315789473 0.03656307129798903 0.023848684210526317
0 0.4638939670932358 0.3885690789473684 0.029250457038391225 0.024671052631578948
0 0.39716636197440586 0.17516447368421054 0.022851919561243144 0.02138157894736842
1 0.33683729433272397 0.10896381578947369 0.025594149908592323 0.023026315789473683
1 0.7161791590493601 0.6492598684210527 0.033820840950639856 0.027960526315789474
1 0.3546617915904936 0.09745065789473684 0.025594149908592323 0.019736842105263157
1 0.9277879341864717 0.8199013157894737 0.037477148080438755 0.032072368421052634
1 0.10283363802559416 0.13240131578947367 0.022851919561243144 0.019736842105263157
1 0.7618829981718465 0.12417763157894737 0.0283363802559415 0.024671052631578948
1 0.3391224862888483 0.46587171052631576 0.025594149908592323 0.02138157894736842
1 0.6028336380255942 0.15419407894736842 0.03016453382084095 0.023848684210526317
1 0.95018281535649 0.19490131578947367 0.022851919561243144 0.018092105263157895
1 0.716636197440585 0.12006578947368421 0.026508226691042046 0.02055921052631579
0 0.21892138939670933 0.9728618421052632 0.021937842778793418 0.018914473684210526
1 0.9625228519195612 0.8203125 0.037477148080438755 0.028782894736842105
1 0.13756855575868374 0.5875822368421053 0.026508226691042046 0.022203947368421052
1 0.6608775137111518 0.2911184210526316 0.022851919561243144 0.02055921052631579
1 0.10648994515539305 0.8379934210526315 0.025594149908592323 0.022203947368421052
1 0.2230347349177331 0.3384046052631579 0.026508226691042046 0.024671052631578948
1 0.7815356489945156 0.3022203947368421 0.026508226691042046 0.023026315789473683
1 0.8021023765996343 0.10238486842105263 0.031078610603290677 0.02138157894736842
1 0.529707495429616 0.6196546052631579 0.03016453382084095 0.02631578947368421
1 0.19469835466179158 0.9732730263157895 0.03016453382084095 0.027960526315789474
1 0.7038391224862889 0.9449013157894737 0.031078610603290677 0.03125
1 0.4040219378427788 0.5604440789473685 0.025594149908592323 0.02055921052631579
1 0.7358318098720292 0.29276315789473684 0.026508226691042046 0.022203947368421052
1 0.7088665447897623 0.3984375 0.025594149908592323 0.02055921052631579
1 0.7778793418647166 0.42105263157894735 0.026508226691042046 0.02055921052631579
1 0.1846435100548446 0.2265625 0.02376599634369287 0.02631578947368421
1 0.4606946983546618 0.11019736842105263 0.0283363802559415 0.023026315789473683
0 0.5680987202925045 0.84375 0.03473491773308958 0.02631578947368421
0 0.5553016453382084 0.8910361842105263 0.04204753199268738 0.033717105263157895
1 0.420018281535649 0.04070723684210526 0.027422303473491772 0.027960526315789474
0 0.09826325411334552 0.5287828947368421 0.021937842778793418 0.018092105263157895
1 0.7897623400365631 0.9679276315789473 0.031992687385740404 0.027138157894736843
1 0.08592321755027423 0.890625 0.031992687385740404 0.028782894736842105
1 0.7879341864716636 0.13363486842105263 0.027422303473491772 0.02055921052631579
1 0.20246800731261427 0.24300986842105263 0.027422303473491772 0.02055921052631579
1 0.47486288848263253 0.2236842105263158 0.026508226691042046 0.023848684210526317
0 0.6773308957952467 0.9272203947368421 0.037477148080438755 0.027138157894736843
0 0.41681901279707495 0.17434210526315788 0.02376599634369287 0.023026315789473683
1 0.35283363802559414 0.5176809210526315 0.024680073126142597 0.02055921052631579
1 0.32861060329067643 0.3910361842105263 0.022851919561243144 0.022203947368421052
1 0.8153564899451554 0.2635690789473684 0.019195612431444242 0.014802631578947368
1 0.7861060329067642 0.46463815789473684 0.029250457038391225 0.02055921052631579
1 0.1983546617915905 0.19449013157894737 0.03016453382084095 0.023848684210526317
0 0.6412248628884827 0.2878289473684211 0.02010968921389397 0.017269736842105265
1 0.8098720292504571 0.45600328947368424 0.022851919561243144 0.019736842105263157
1 0.23583180987202926 0.9625822368421053 0.029250457038391225 0.02549342105263158
1 0.56672760511883 0.3182565789473684 0.026508226691042046 0.018914473684210526
1 0.23080438756855576 0.21669407894736842 0.02376599634369287 0.023026315789473683
1 0.12614259597806216 0.844983552631579 0.021937842778793418 0.019736842105263157
1 0.5580438756855576 0.7606907894736842 0.033820840950639856 0.02549342105263158
1 0.7591407678244972 0.20847039473684212 0.02102376599634369 0.018914473684210526
0 0.7490859232175503 0.2759046052631579 0.024680073126142597 0.02055921052631579
0 0.8893967093235832 0.023026315789473683 0.03656307129798903 0.032072368421052634
1 0.06581352833638025 0.17064144736842105 0.024680073126142597 0.023026315789473683
1 0.7056672760511883 0.3441611842105263 0.02010968921389397 0.018092105263157895
1 0.48628884826325414 0.23108552631578946 0.026508226691042046 0.023026315789473683
1 0.9040219378427788 0.007401315789473684 0.04570383912248629 0.014802631578947368
1 0.41544789762340034 0.30057565789473684 0.02376599634369287 0.02138157894736842
0 0.720292504570384 0.6299342105263158 0.03016453382084095 0.023026315789473683
1 0.5658135283363802 0.18174342105263158 0.0283363802559415 0.022203947368421052
1 0.010968921389396709 0.8474506578947368 0.016453382084095063 0.019736842105263157
1 0.26279707495429616 0.06373355263157894 0.0283363802559415 0.018092105263157895
0 0.6174588665447898 0.8778782894736842 0.03016453382084095 0.03042763157894737
1 0.6992687385740403 0.0078125 0.0356489945155393 0.015625
1 0.4904021937842779 0.10361842105263158 0.027422303473491772 0.022203947368421052
1 0.8372943327239488 0.9412006578947368 0.027422303473491772 0.023026315789473683
0 0.030621572212065813 0.7306743421052632 0.02376599634369287 0.023848684210526317
1 0.15219378427787933 0.1640625 0.02376599634369287 0.018914473684210526
1 0.1773308957952468 0.4140625 0.026508226691042046 0.018914473684210526
1 0.7148080438756855 0.29769736842105265 0.02010968921389397 0.018092105263157895
1 0.399908592321755 0.055509868421052634 0.027422303473491772 0.023026315789473683
0 0.42687385740402195 0.40912828947368424 0.024680073126142597 0.024671052631578948
1 0.2952468007312614 0.12870065789473684 0.019195612431444242 0.019736842105263157
1 0.02330895795246801 0.48848684210526316 0.025594149908592323 0.022203947368421052
0 0.2390310786106033 0.31414473684210525 0.0283363802559415 0.023026315789473683
1 0.04204753199268738 0.826891447368421 0.024680073126142597 0.02055921052631579
1 0.7783363802559415 0.21546052631578946 0.022851919561243144 0.018914473684210526
0 0.47989031078610606 0.37582236842105265 0.024680073126142597 0.018092105263157895
0 0.7184643510054844 0.6122532894736842 0.0283363802559415 0.02055921052631579
1 0.0923217550274223 0.15501644736842105 0.024680073126142597 0.019736842105263157
1 0.7737659963436929 0.2845394736842105 0.01736745886654479 0.014802631578947368
0 0.16270566727605118 0.13856907894736842 0.021937842778793418 0.018092105263157895
0 0.9117915904936015 0.9523026315789473 0.0283363802559415 0.023848684210526317
1 0.8148994515539305 0.13363486842105263 0.019195612431444242 0.017269736842105265
0 0.5516453382084096 0.9181743421052632 0.03290676416819013 0.023026315789473683
1 0.4273308957952468 0.2911184210526316 0.02102376599634369 0.019736842105263157
1 0.9931444241316271 0.9642269736842105 0.013711151736745886 0.03536184210526316
1 0.8989945155393053 0.04810855263157895 0.029250457038391225 0.024671052631578948
1 0.5415904936014625 0.328125 0.024680073126142597 0.02055921052631579
1 0.9314442413162706 0.07483552631578948 0.025594149908592323 0.023848684210526317
1 0.46755027422303475 0.09210526315789473 0.021937842778793418 0.018092105263157895
0 0.2609689213893967 0.16858552631578946 0.02376599634369287 0.019736842105263157
1 0.9945155393053017 0.3873355263157895 0.010968921389396709 0.02631578947368421
1 0.8062157221206582 0.6529605263157895 0.025594149908592323 0.018914473684210526
1 0.5776965265082267 0.7726151315789473 0.02376599634369287 0.02138157894736842
1 0.34049360146252283 0.13610197368421054 0.03016453382084095 0.024671052631578948
0 0.5909506398537477 0.8873355263157895 0.031078610603290677 0.023026315789473683
1 0.037477148080438755 0.171875 0.02010968921389397 0.018914473684210526
1 0.7893053016453382 0.4555921052631579 0.02376599634369287 0.017269736842105265
1 0.48720292504570384 0.3930921052631579 0.02102376599634369 0.02138157894736842
1 0.7285191956124314 0.31743421052631576 0.029250457038391225 0.019736842105263157
1 0.9556672760511883 0.22080592105263158 0.02376599634369287 0.018092105263157895
0 0.46846435100548445 0.4107730263157895 0.026508226691042046 0.02055921052631579
1 0.3779707495429616 0.26644736842105265 0.018281535648994516 0.015625
1 0.40356489945155394 0.038240131578947366 0.019195612431444242 0.017269736842105265
0 0.7568555758683729 0.9893092105263158 0.029250457038391225 0.02138157894736842
1 0.6535648994515539 0.9403782894736842 0.02376599634369287 0.023848684210526317
1 0.025137111517367458 0.07606907894736842 0.026508226691042046 0.023026315789473683
0 0.34414990859232175 0.44243421052631576 0.026508226691042046 0.02055921052631579
1 0.7979890310786106 0.1611842105263158 0.022851919561243144 0.017269736842105265
0 0.803016453382084 0.14638157894736842 0.018281535648994516 0.015625
0 0.09643510054844608 0.7574013157894737 0.021937842778793418 0.017269736842105265
0 0.7554844606946983 0.5892269736842105 0.0356489945155393 0.019736842105263157
1 0.22989031078610603 0.23396381578947367 0.027422303473491772 0.022203947368421052
0 0.7454296160877514 0.6110197368421053 0.03473491773308958 0.028782894736842105
0 0.2463436928702011 0.18009868421052633 0.02376599634369287 0.022203947368421052
0 0.04113345521023766 0.4486019736842105 0.022851919561243144 0.018914473684210526
1 0.9661791590493601 0.3384046052631579 0.02376599634369287 0.01644736842105263
0 0.4186471663619744 0.007401315789473684 0.027422303473491772 0.014802631578947368
0 0.5470749542961609 0.8626644736842105 0.03473491773308958 0.02631578947368421
0 0.20886654478976233 0.12129934210526316 0.021937842778793418 0.019736842105263157
0 0.44515539305301643 0.4004934210526316 0.02376599634369287 0.018092105263157895
0 0.8674588665447898 0.013157894736842105 0.031992687385740404 0.02549342105263158
1 0.36060329067641683 0.11842105263157894 0.026508226691042046 0.023848684210526317
1 0.613345521023766 0.3515625 0.02376599634369287 0.02055921052631579
0 0.10923217550274222 0.20394736842105263 0.022851919561243144 0.02055921052631579
1 0.1316270566727605 0.41118421052631576 0.018281535648994516 0.017269736842105265
0 0.5936928702010968 0.9058388157894737 0.033820840950639856 0.023026315789473683
1 0.5982632541133455 0.36554276315789475 0.027422303473491772 0.02055921052631579
1 0.9913162705667276 0.3675986842105263 0.015539305301645339 0.01644736842105263
1 0.07906764168190128 0.15830592105263158 0.021937842778793418 0.019736842105263157
0 0.5329067641681902 0.9046052631578947 0.022851919561243144 0.023848684210526317
1 0.5479890310786106 0.16036184210526316 0.021937842778793418 0.018914473684210526
1 0.19972577696526508 0.36019736842105265 0.02102376599634369 0.018092105263157895
1 0.6074040219378428 0.13733552631578946 0.02102376599634369 0.014802631578947368
0 0.6553930530164533 0.2754934210526316 0.01736745886654479 0.013980263157894737
1 0.9931444241316271 0.7989309210526315 0.012797074954296161 0.033717105263157895
1 0.7979890310786106 0.4115953947368421 0.02376599634369287 0.014802631578947368
1 0.7198354661791591 0.34991776315789475 0.01736745886654479 0.017269736842105265
0 0.9680073126142597 0.3737664473684211 0.021937842778793418 0.017269736842105265
0 0.3459780621572212 0.39226973684210525 0.021937842778793418 0.023026315789473683
1 0.8496343692870201 0.819078947368421 0.022851919561243144 0.02055921052631579
0 0.953382084095064 0.915296052631579 0.024680073126142597 0.019736842105263157
1 0.79981718464351 0.4263980263157895 0.024680073126142597 0.019736842105263157
1 0.7276051188299817 0.3675986842105263 0.026508226691042046 0.019736842105263157
0 0.976691042047532 0.14967105263157895 0.026508226691042046 0.023026315789473683
1 0.5630712979890311 0.16570723684210525 0.027422303473491772 0.019736842105263157
1 0.48811700182815354 0.11883223684210527 0.03016453382084095 0.02055921052631579
1 0.28153564899451555 0.20476973684210525 0.026508226691042046 0.023026315789473683
0 0.573583180987203 0.14226973684210525 0.024680073126142597 0.02138157894736842
0 0.21343692870201098 0.16077302631578946 0.019195612431444242 0.01644736842105263
0 0.2563985374771481 0.15378289473684212 0.021937842778793418 0.015625
0 0.9483546617915904 0.9568256578947368 0.025594149908592323 0.018914473684210526
1 0.07723948811700183 0.8536184210526315 0.025594149908592323 0.023026315789473683
0 0.37294332723948814 0.532483552631579 0.018281535648994516 0.01644736842105263
