1 0.31078610603290674 0.9403782894736842 0.0356489945155393 0.028782894736842105
1 0.16179159049360145 0.5945723684210527 0.02102376599634369 0.018914473684210526
1 0.015996343692870202 0.7606907894736842 0.024680073126142597 0.019736842105263157
1 0.6535648994515539 0.9490131578947368 0.04021937842778794 0.028782894736842105
1 0.6613345521023766 0.8100328947368421 0.03016453382084095 0.024671052631578948
1 0.7915904936014625 0.296875 0.04661791590493602 0.039473684210526314
0 0.6352833638025595 0.8096217105263158 0.025594149908592323 0.02055921052631579
1 0.3829981718464351 0.6702302631578947 0.029250457038391225 0.024671052631578948
1 0.4446983546617916 0.7327302631578947 0.0356489945155393 0.03042763157894737
1 0.36837294332723947 0.96875 0.027422303473491772 0.023026315789473683
1 0.28884826325411334 0.5148026315789473 0.029250457038391225 0.023026315789473683
1 0.6672760511882998 0.8392269736842105 0.0283363802559415 0.023026315789473683
1 0.022851919561243144 0.7421875 0.02376599634369287 0.02138157894736842
1 0.47760511882998175 0.25493421052631576 0.038391224862888484 0.02631578947368421
1 0.6974405850091407 0.9835526315789473 0.031078610603290677 0.027138157894736843
1 0.16819012797074953 0.9169407894736842 0.038391224862888484 0.029605263157894735
1 0.45109689213893966 0.5822368421052632 0.026508226691042046 0.023026315789473683
1 0.010968921389396709 0.727796052631579 0.021937842778793418 0.018914473684210526
1 0.9414990859232175 0.9272203947368421 0.03016453382084095 0.022203947368421052
1 0.2897623400365631 0.4934210526315789 0.0283363802559415 0.022203947368421052
1 0.23583180987202926 0.3363486842105263 0.031078610603290677 0.023848684210526317
1 0.33409506398537475 0.9905427631578947 0.03016453382084095 0.018914473684210526
1 0.9840036563071298 0.8984375 0.024680073126142597 0.02138157894736842
1 0.4346435100548446 0.5452302631578947 0.03016453382084095 0.022203947368421052
1 0.970292504570384 0.3548519736842105 0.03656307129798903 0.03125
1 0.273308957952468 0.7129934210526315 0.029250457038391225 0.02549342105263158
1 0.3510054844606947 0.579358552631579 0.0356489945155393 0.027960526315789474
1 0.8144424131627057 0.7705592105263158 0.025594149908592323 0.023026315789473683
1 0.8555758683729433 0.5045230263157895 0.033820840950639856 0.023026315789473683
1 0.4840036563071298 0.28207236842105265 0.04113345521023766 0.03042763157894737
1 0.03656307129798903 0.7323190789473685 0.025594149908592323 0.022203947368421052
1 0.34506398537477145 0.9712171052631579 0.024680073126142597 0.023026315789473683
1 0.14625228519195613 0.9576480263157895 0.03473491773308958 0.029605263157894735
1 0.8715722120658135 0.782483552631579 0.033820840950639856 0.022203947368421052
1 0.7902193784277879 0.7672697368421053 0.03016453382084095 0.02549342105263158
1 0.5790676416819013 0.5291940789473685 0.031078610603290677 0.023848684210526317
1 0.93327239488117 0.9588815789473685 0.037477148080438755 0.032072368421052634
1 0.5086837294332724 0.764391447368421 0.031078610603290677 0.022203947368421052
1 0.19378427787934185 0.28289473684210525 0.03656307129798903 0.029605263157894735
1 0.9204753199268738 0.011513157894736841 0.04021937842778794 0.023026315789473683
1 0.5059414990859232 0.7401315789473685 0.033820840950639856 0.028782894736842105
1 0.4936014625228519 0.3293585526315789 0.031078610603290677 0.024671052631578948
0 0.6380255941499086 0.7282072368421053 0.024680073126142597 0.018914473684210526
1 0.9579524680073126 0.9444901315789473 0.029250457038391225 0.02631578947368421
0 0.5214808043875686 0.7154605263157895 0.029250457038391225 0.023026315789473683
1 0.9840036563071298 0.9925986842105263 0.0283363802559415 0.014802631578947368
1 0.09780621572212066 0.3120888157894737 0.02102376599634369 0.02138157894736842
0 0.012797074954296161 0.6373355263157895 0.022851919561243144 0.018914473684210526
1 0.37477148080438755 0.9905427631578947 0.02376599634369287 0.018092105263157895
0 0.03884826325411334 0.6089638157894737 0.021937842778793418 0.017269736842105265
1 0.2042961608775137 0.3926809210526316 0.021937842778793418 0.02138157894736842
1 0.6741316270566727 0.9921875 0.03473491773308958 0.015625
1 0.06170018281535649 0.3762335526315789 0.025594149908592323 0.022203947368421052
1 0.7372029250457038 0.29975328947368424 0.051188299817184646 0.03782894736842105
1 0.8085009140767825 0.9819078947368421 0.025594149908592323 0.018092105263157895
1 0.36060329067641683 0.6640625 0.022851919561243144 0.02055921052631579
1 0.47623400365630714 0.734375 0.029250457038391225 0.019736842105263157
1 0.5164533820840951 0.46587171052631576 0.021937842778793418 0.019736842105263157
1 0.2664533820840951 0.4831414473684211 0.029250457038391225 0.02055921052631579
1 0.7993601462522852 0.9654605263157895 0.024680073126142597 0.02138157894736842
1 0.16179159049360145 0.740953947368421 0.02010968921389397 0.018092105263157895
0 0.5283363802559415 0.34991776315789475 0.031078610603290677 0.023026315789473683
0 0.5342778793418648 0.7504111842105263 0.031992687385740404 0.02549342105263158
1 0.4789762340036563 0.7537006578947368 0.031078610603290677 0.027138157894736843
0 0.6407678244972578 0.5037006578947368 0.02102376599634369 0.018092105263157895
1 0.8404936014625228 0.6722861842105263 0.0283363802559415 0.023848684210526317
0 0.8578610603290676 0.8585526315789473 0.03016453382084095 0.02138157894736842
1 0.9250457038391224 0.8577302631578947 0.02102376599634369 0.018092105263157895
1 0.016453382084095063 0.3626644736842105 0.018281535648994516 0.018914473684210526
1 0.14670932358318098 0.04194078947368421 0.027422303473491772 0.023848684210526317
1 0.5415904936014625 0.46710526315789475 0.025594149908592323 0.02055921052631579
0 0.8756855575868373 0.5217927631578947 0.031078610603290677 0.024671052631578948
1 0.6403107861060329 0.15008223684210525 0.033820840950639856 0.03042763157894737
1 0.8112431444241316 0.9634046052631579 0.025594149908592323 0.02138157894736842
1 0.593235831809872 0.45024671052631576 0.021937842778793418 0.018914473684210526
1 0.9145338208409507 0.920641447368421 0.025594149908592323 0.023848684210526317
0 0.8583180987202925 0.8869243421052632 0.031992687385740404 0.023848684210526317
1 0.9053930530164533 0.953125 0.02376599634369287 0.02549342105263158
0 0.1416819012797075 0.4115953947368421 0.021937842778793418 0.017269736842105265
0 0.1576782449725777 0.4058388157894737 0.016453382084095063 0.017269736842105265
1 0.6215722120658135 0.826891447368421 0.02010968921389397 0.022203947368421052
0 0.8386654478976234 0.7693256578947368 0.025594149908592323 0.02055921052631579
1 0.8455210237659964 0.9399671052631579 0.031992687385740404 0.032072368421052634
0 0.6393967093235832 0.826891447368421 0.022851919561243144 0.018914473684210526
1 0.17184643510054845 0.8976151315789473 0.021937842778793418 0.01644736842105263
1 0.5365630712979891 0.7327302631578947 0.03016453382084095 0.02055921052631579
1 0.5287934186471663 0.33305921052631576 0.03016453382084095 0.02055921052631579
1 0.643510054844607 0.9954769736842105 0.0283363802559415 0.009046052631578948
1 0.14990859232175502 0.514391447368421 0.018281535648994516 0.018914473684210526
1 0.4369287020109689 0.7541118421052632 0.02376599634369287 0.023026315789473683
1 0.0603290676416819 0.4029605263157895 0.024680073126142597 0.023848684210526317
0 0.10877513711151737 0.38569078947368424 0.02376599634369287 0.019736842105263157
1 0.17276051188299818 0.5818256578947368 0.02102376599634369 0.015625
1 0.006398537477148081 0.5703125 0.012797074954296161 0.023848684210526317
1 0.3788848263254113 0.10855263157894737 0.03016453382084095 0.02631578947368421
1 0.45521023765996343 0.7569901315789473 0.022851919561243144 0.023848684210526317
0 0.4323583180987203 0.5649671052631579 0.027422303473491772 0.018092105263157895
1 0.7394881170018281 0.6208881578947368 0.022851919561243144 0.01644736842105263
1 0.8962522851919561 0.9288651315789473 0.02376599634369287 0.022203947368421052
1 0.783363802559415 0.9897203947368421 0.02010968921389397 0.015625
1 0.4319012797074954 0.5908717105263158 0.02102376599634369 0.02055921052631579
1 0.5804387568555759 0.9905427631578947 0.03016453382084095 0.018914473684210526
1 0.24680073126142596 0.35238486842105265 0.021937842778793418 0.018092105263157895
1 0.34506398537477145 0.09745065789473684 0.03473491773308958 0.023026315789473683
0 0.7074954296160878 0.6685855263157895 0.03290676416819013 0.02631578947368421
1 0.6348263254113345 0.5217927631578947 0.02010968921389397 0.018092105263157895
1 0.8377513711151737 0.5172697368421053 0.02376599634369287 0.018092105263157895
1 0.8775137111517367 0.9642269736842105 0.037477148080438755 0.02631578947368421
1 0.6156307129798904 0.6085526315789473 0.026508226691042046 0.022203947368421052
0 0.0740402193784278 0.6517269736842105 0.018281535648994516 0.014802631578947368
0 0.04936014625228519 0.6229440789473685 0.019195612431444242 0.01644736842105263
1 0.7856489945155393 0.9942434210526315 0.024680073126142597 0.011513157894736841
0 0.27056672760511885 0.6463815789473685 0.01736745886654479 0.015625
1 0.7605118829981719 0.6163651315789473 0.02102376599634369 0.014802631578947368
1 0.26279707495429616 0.6352796052631579 0.016453382084095063 0.014802631578947368
1 0.4803473491773309 0.5625 0.026508226691042046 0.022203947368421052
1 0.49497257769652653 0.4588815789473684 0.022851919561243144 0.018914473684210526
1 0.8043875685557587 0.9946546052631579 0.021937842778793418 0.009868421052631578
1 0.8048446069469836 0.7532894736842105 0.025594149908592323 0.019736842105263157
1 0.3907678244972578 0.48355263157894735 0.02102376599634369 0.018092105263157895
1 0.18327239488117003 0.5254934210526315 0.02102376599634369 0.014802631578947368
1 0.3642595978062157 0.6274671052631579 0.025594149908592323 0.019736842105263157
0 0.41316270566727603 0.5826480263157895 0.021937842778793418 0.018092105263157895
1 0.025594149908592323 0.5974506578947368 0.02102376599634369 0.015625
1 0.27376599634369286 0.3684210526315789 0.02376599634369287 0.019736842105263157
1 0.7477148080438757 0.6776315789473685 0.02010968921389397 0.015625
1 0.6649908592321755 0.5189144736842105 0.02010968921389397 0.014802631578947368
0 0.014625228519195612 0.6208881578947368 0.02010968921389397 0.01644736842105263
1 0.5617001828153565 0.9794407894736842 0.024680073126142597 0.02055921052631579
0 0.36654478976234006 0.9555921052631579 0.024680073126142597 0.01644736842105263
