1 0.9608333333333333 0.22355588897224307 0.059166666666666666 0.05476369092273068
1 0.845 0.695423855963991 0.07166666666666667 0.05326331582895724
1 0.44916666666666666 0.36159039759939987 0.055 0.04426106526631658
1 0.30083333333333334 0.981245311327832 0.06 0.03675918979744936
0 0.7366666666666667 0.23630907726931732 0.045 0.03375843960990248
1 0.33916666666666667 0.020255063765941484 0.055 0.04051012753188297
1 0.50625 0.7363090772693174 0.051666666666666666 0.04576144036009002
1 0.54875 0.7186796699174793 0.060833333333333336 0.05401350337584396
1 0.8125 0.7888222055513878 0.058333333333333334 0.04351087771942986
1 0.7754166666666666 0.43135783945986494 0.056666666666666664 0.04876219054763691
1 0.95125 0.034133533383345835 0.05583333333333333 0.03975993998499625
1 0.42125 0.023255813953488372 0.04083333333333333 0.03600900225056264
1 0.44875 0.09602400600150038 0.050833333333333335 0.04126031507876969
1 0.6791666666666667 0.27831957989497375 0.04666666666666667 0.05026256564141035
1 0.8204166666666667 0.2753188297074269 0.04666666666666667 0.05251312828207052
0 0.7145833333333333 0.2558139534883721 0.035833333333333335 0.03225806451612903
1 0.30583333333333335 0.04051012753188297 0.045 0.04276069017254314
1 0.57875 0.41710427606901723 0.051666666666666666 0.04051012753188297
1 0.3466666666666667 0.8387096774193549 0.05333333333333334 0.03975993998499625
1 0.7941666666666667 0.3859714928732183 0.04833333333333333 0.04801200300075019
1 0.72625 0.29182295573893474 0.0575 0.0450112528132033
1 0.6404166666666666 0.8495873968492123 0.05333333333333334 0.046511627906976744
1 0.7479166666666667 0.3915978994748687 0.05583333333333333 0.046511627906976744
1 0.38416666666666666 0.037134283570892726 0.0475 0.04351087771942986
0 0.6025 0.38559639909977494 0.041666666666666664 0.03825956489122281
1 0.6166666666666667 0.6717929482370593 0.04666666666666667 0.04276069017254314
1 0.6345833333333334 0.654913728432108 0.050833333333333335 0.051762940735183796
1 0.5933333333333334 0.7055513878469617 0.0425 0.04276069017254314
1 0.24166666666666667 0.8848462115528882 0.045 0.03900975243810953
1 0.3475 0.05888972243060765 0.04416666666666667 0.0345086271567892
0 0.5579166666666666 0.3938484621155289 0.034166666666666665 0.029257314328582147
1 0.33666666666666667 0.9939984996249063 0.0375 0.012003000750187547
1 0.6545833333333333 0.8150787696924231 0.03333333333333333 0.029257314328582147
1 0.76875 0.7655663915978995 0.05416666666666667 0.0555138784696174
1 0.7775 0.29369842460615153 0.056666666666666664 0.04801200300075019
0 0.5445833333333333 0.37284321080270066 0.03166666666666667 0.025506376594148537
0 0.96875 0.9538634658664666 0.034166666666666665 0.02700675168792198
0 0.8495833333333334 0.7336834208552138 0.0425 0.0345086271567892
1 0.05625 0.37021755438859716 0.03 0.02700675168792198
1 0.43333333333333335 0.05813953488372093 0.04833333333333333 0.04351087771942986
0 0.9854166666666667 0.20367591897974494 0.029166666666666667 0.035258814703675916
1 0.8991666666666667 0.03975993998499625 0.045 0.03075768942235559
0 0.6920833333333334 0.24568642160540136 0.030833333333333334 0.03150787696924231
1 0.98125 0.9411102775693924 0.034166666666666665 0.023255813953488372
1 0.6708333333333333 0.8458364591147787 0.03333333333333333 0.04426106526631658
1 0.7179166666666666 0.7865716429107277 0.056666666666666664 0.04126031507876969
1 0.9222083333333334 0.9754913728432107 0.043000000000000003 0.03960240060015004
0 0.9391666666666667 0.9373593398349588 0.03833333333333333 0.0277569392348087
1 0.8108333333333333 0.7486871717929482 0.04666666666666667 0.046511627906976744
1 0.7283333333333334 0.42273068267066766 0.041666666666666664 0.042010502625656414
0 0.8858333333333334 0.012378094523630907 0.03333333333333333 0.024756189047261814
1 0.03929166666666666 0.2532333083270818 0.041683333333333336 0.04008252063015754
0 0.9633333333333334 0.9808702175543886 0.04416666666666667 0.028507126781695424
1 0.16291666666666665 0.7576894223555889 0.03833333333333333 0.03075768942235559
1 0.5770833333333333 0.036384096024006 0.03333333333333333 0.02700675168792198
1 0.7495833333333334 0.3709677419354839 0.051666666666666666 0.028507126781695424
0 0.9408333333333333 0.1774193548387097 0.03666666666666667 0.02700675168792198
1 0.5641666666666667 0.753563390847712 0.05583333333333333 0.04126031507876969
1 0.52125 0.15153788447111777 0.04583333333333333 0.03825956489122281
1 0.0779 0.24627156789197296 0.0375 0.028507126781695424
1 0.035833333333333335 0.2895723930982746 0.03833333333333333 0.03375843960990248
1 0.4091666666666667 0.09377344336084022 0.034166666666666665 0.03675918979744936
0 0.98235 0.16746436609152288 0.0353 0.03502625656414103
1 0.578825 0.49638409602400596 0.045575 0.03772693173293323
1 0.61375 0.5111102775693923 0.038625 0.04249812453113278
