1 0.8679159049360147 0.42475328947368424 0.03656307129798903 0.03042763157894737
1 0.6252285191956124 0.8408717105263158 0.04296160877513711 0.03453947368421053
1 0.6974405850091407 0.8133223684210527 0.04113345521023766 0.033717105263157895
1 0.7038391224862889 0.15542763157894737 0.0283363802559415 0.023848684210526317
1 0.34323583180987205 0.052220394736842105 0.024680073126142597 0.023026315789473683
1 0.19652650822669104 0.6110197368421053 0.037477148080438755 0.03289473684210526
1 0.26279707495429616 0.09991776315789473 0.0283363802559415 0.024671052631578948
1 0.9648080438756855 0.09375 0.033820840950639856 0.029605263157894735
1 0.8007312614259597 0.6870888157894737 0.03473491773308958 0.03289473684210526
1 0.09460694698354662 0.14473684210526316 0.02376599634369287 0.02055921052631579
1 0.8409506398537477 0.18914473684210525 0.03930530164533821 0.032072368421052634
1 0.46115173674588666 0.15666118421052633 0.024680073126142597 0.02138157894736842
1 0.7646252285191956 0.3729440789473684 0.033820840950639856 0.028782894736842105
1 0.8071297989031079 0.5320723684210527 0.04296160877513711 0.03042763157894737
1 0.3756855575868373 0.975328947368421 0.04661791590493602 0.038651315789473686
1 0.22212065813528337 0.5904605263157895 0.03290676416819013 0.02631578947368421
1 0.025137111517367458 0.4597039473684211 0.024680073126142597 0.023848684210526317
1 0.6659049360146252 0.15995065789473684 0.03290676416819013 0.032072368421052634
1 0.24451553930530165 0.11554276315789473 0.029250457038391225 0.02549342105263158
1 0.06946983546617916 0.6920230263157895 0.024680073126142597 0.023026315789473683
1 0.19881170018281535 0.15666118421052633 0.027422303473491772 0.023026315789473683
1 0.04250457038391225 0.027549342105263157 0.031078610603290677 0.027960526315789474
0 0.27148080438756855 0.6677631578947368 0.02376599634369287 0.018914473684210526
1 0.476691042047532 0.04481907894736842 0.029250457038391225 0.023026315789473683
1 0.8286106032906764 0.6899671052631579 0.027422303473491772 0.02631578947368421
1 0.8414076782449725 0.727796052631579 0.029250457038391225 0.027960526315789474
1 0.10786106032906764 0.06620065789473684 0.022851919561243144 0.019736842105263157
1 0.9730347349177331 0.11759868421052631 0.03656307129798903 0.029605263157894735
1 0.8386654478976234 0.8787006578947368 0.029250457038391225 0.02631578947368421
1 0.24040219378427788 0.04358552631578947 0.027422303473491772 0.02138157894736842
1 0.5781535648994516 0.20271381578947367 0.03473491773308958 0.03042763157894737
1 0.2659963436928702 0.6916118421052632 0.04021937842778794 0.03289473684210526
1 0.6910420475319927 0.17269736842105263 0.031078610603290677 0.027960526315789474
1 0.8226691042047533 0.9078947368421053 0.0283363802559415 0.02549342105263158
1 0.4346435100548446 0.34662828947368424 0.02376599634369287 0.02138157894736842
1 0.2655393053016453 0.8729440789473685 0.03016453382084095 0.027138157894736843
1 0.9021937842778793 0.15213815789473684 0.03473491773308958 0.032072368421052634
1 0.016910420475319928 0.033717105263157895 0.027422303473491772 0.027138157894736843
1 0.8135283363802559 0.7232730263157895 0.031992687385740404 0.028782894736842105
1 0.2897623400365631 0.921875 0.031992687385740404 0.027960526315789474
1 0.11151736745886655 0.16570723684210525 0.029250457038391225 0.02549342105263158
1 0.20246800731261427 0.3314144736842105 0.026508226691042046 0.02138157894736842
1 0.9670932358318098 0.7430098684210527 0.029250457038391225 0.024671052631578948
1 0.26051188299817185 0.6192434210526315 0.0356489945155393 0.027138157894736843
1 0.5187385740402194 0.07648026315789473 0.027422303473491772 0.024671052631578948
1 0.656764168190128 0.4198190789473684 0.03473491773308958 0.033717105263157895
1 0.37705667276051186 0.06537828947368421 0.02376599634369287 0.023026315789473683
1 0.4273308957952468 0.30633223684210525 0.027422303473491772 0.023026315789473683
1 0.2426873857404022 0.5328947368421053 0.025594149908592323 0.023848684210526317
1 0.6796160877513712 0.3540296052631579 0.0283363802559415 0.023026315789473683
1 0.6416819012797075 0.24588815789473684 0.031078610603290677 0.027138157894736843
1 0.050274223034734916 0.9107730263157895 0.024680073126142597 0.02631578947368421
1 0.7678244972577697 0.6800986842105263 0.033820840950639856 0.03042763157894737
1 0.9840036563071298 0.18585526315789475 0.029250457038391225 0.02549342105263158
1 0.08363802559414991 0.3667763157894737 0.031078610603290677 0.023848684210526317
1 0.5786106032906764 0.03741776315789474 0.027422303473491772 0.02549342105263158
1 0.5859232175502742 0.2623355263157895 0.03016453382084095 0.028782894736842105
1 0.6211151736745887 0.23601973684210525 0.0283363802559415 0.02138157894736842
1 0.09506398537477148 0.6875 0.024680073126142597 0.023848684210526317
1 0.5470749542961609 0.21504934210526316 0.031992687385740404 0.03125
1 0.9250457038391224 0.14432565789473684 0.026508226691042046 0.024671052631578948
1 0.6138025594149908 0.2512335526315789 0.031992687385740404 0.02055921052631579
0 0.2655393053016453 0.647203947368421 0.029250457038391225 0.023848684210526317
1 0.376599634369287 0.3458059210526316 0.02376599634369287 0.018914473684210526
0 0.9872029250457038 0.7319078947368421 0.024680073126142597 0.02138157894736842
1 0.23583180987202926 0.6328125 0.031992687385740404 0.024671052631578948
1 0.48171846435100546 0.16077302631578946 0.021937842778793418 0.019736842105263157
1 0.07586837294332724 0.16200657894736842 0.03473491773308958 0.028782894736842105
1 0.03473491773308958 0.09087171052631579 0.026508226691042046 0.02138157894736842
1 0.41819012797074956 0.10361842105263158 0.025594149908592323 0.02138157894736842
1 0.21252285191956125 0.38569078947368424 0.024680073126142597 0.022203947368421052
1 0.44515539305301643 0.13404605263157895 0.022851919561243144 0.02055921052631579
1 0.46755027422303475 0.17598684210526316 0.025594149908592323 0.02138157894736842
0 0.8628884826325411 0.8729440789473685 0.02376599634369287 0.022203947368421052
1 0.6403107861060329 0.7294407894736842 0.03016453382084095 0.024671052631578948
1 0.833180987202925 0.15172697368421054 0.024680073126142597 0.02055921052631579
1 0.4876599634369287 0.22820723684210525 0.022851919561243144 0.023026315789473683
1 0.6512797074954296 0.09087171052631579 0.025594149908592323 0.023848684210526317
1 0.10237659963436929 0.38445723684210525 0.031992687385740404 0.027138157894736843
1 0.8322669104204753 0.13116776315789475 0.02376599634369287 0.023026315789473683
0 0.8062157221206582 0.5069901315789473 0.031992687385740404 0.024671052631578948
1 0.3446069469835466 0.48848684210526316 0.02102376599634369 0.02055921052631579
1 0.363345521023766 0.08264802631578948 0.03016453382084095 0.02055921052631579
1 0.49817184643510054 0.0884046052631579 0.025594149908592323 0.02631578947368421
1 0.6179159049360147 0.26973684210526316 0.03290676416819013 0.029605263157894735
1 0.010968921389396709 0.5916940789473685 0.021937842778793418 0.023026315789473683
0 0.8596892138939671 0.891858552631579 0.02376599634369287 0.018914473684210526
1 0.4606946983546618 0.26932565789473684 0.031078610603290677 0.02631578947368421
1 0.6320840950639853 0.027549342105263157 0.0283363802559415 0.024671052631578948
1 0.08638025594149909 0.4642269736842105 0.02010968921389397 0.015625
1 0.15127970749542963 0.3359375 0.022851919561243144 0.015625
0 0.009597806215722121 0.6221217105263158 0.01736745886654479 0.018914473684210526
1 0.01416819012797075 0.0990953947368421 0.02376599634369287 0.022203947368421052
1 0.9638939670932358 0.49712171052631576 0.027422303473491772 0.022203947368421052
1 0.6128884826325411 0.04235197368421053 0.031078610603290677 0.024671052631578948
0 0.6622486288848263 0.07319078947368421 0.022851919561243144 0.019736842105263157
1 0.7440585009140768 0.14679276315789475 0.026508226691042046 0.023848684210526317
1 0.10511882998171847 0.008634868421052632 0.04661791590493602 0.017269736842105265
1 0.2920475319926874 0.9584703947368421 0.0283363802559415 0.024671052631578948
0 0.7623400365630713 0.7064144736842105 0.027422303473491772 0.024671052631578948
1 0.5872943327239488 0.02138157894736842 0.02102376599634369 0.017269736842105265
1 0.07769652650822668 0.4786184210526316 0.02376599634369287 0.022203947368421052
1 0.6019195612431444 0.2845394736842105 0.033820840950639856 0.029605263157894735
1 0.696526508226691 0.36883223684210525 0.025594149908592323 0.023026315789473683
0 0.10694698354661791 0.4621710526315789 0.019195612431444242 0.017269736842105265
1 0.443327239488117 0.234375 0.031992687385740404 0.02549342105263158
1 0.7710237659963437 0.17310855263157895 0.025594149908592323 0.024671052631578948
0 0.2463436928702011 0.6669407894736842 0.031078610603290677 0.027138157894736843
0 0.9689213893967094 0.5160361842105263 0.03016453382084095 0.023026315789473683
1 0.8583180987202925 0.9083059210526315 0.024680073126142597 0.019736842105263157
0 0.22486288848263253 0.0962171052631579 0.022851919561243144 0.02055921052631579
1 0.623400365630713 0.08388157894736842 0.024680073126142597 0.023848684210526317
0 0.7861060329067642 0.19284539473684212 0.025594149908592323 0.023848684210526317
0 0.9707495429616088 0.5357730263157895 0.027422303473491772 0.023848684210526317
1 0.5132541133455211 0.22779605263157895 0.024680073126142597 0.02631578947368421
0 0.21892138939670933 0.11143092105263158 0.02102376599634369 0.01644736842105263
0 0.7239488117001828 0.37129934210526316 0.024680073126142597 0.02055921052631579
1 0.21663619744058502 0.15583881578947367 0.022851919561243144 0.024671052631578948
0 0.8144424131627057 0.13898026315789475 0.02010968921389397 0.018092105263157895
0 0.2317184643510055 0.610608552631579 0.026508226691042046 0.023026315789473683
1 0.6288848263254113 0.2730263157894737 0.03473491773308958 0.029605263157894735
1 0.2006398537477148 0.13733552631578946 0.02102376599634369 0.018092105263157895
0 0.8829981718464351 0.11554276315789473 0.027422303473491772 0.023026315789473683
1 0.7020109689213894 0.3482730263157895 0.021937842778793418 0.018092105263157895
1 0.6160877513711152 0.01069078947368421 0.025594149908592323 0.02055921052631579
1 0.6348263254113345 0.06373355263157894 0.024680073126142597 0.02138157894736842
0 0.028793418647166363 0.6217105263157895 0.022851919561243144 0.019736842105263157
1 0.6809872029250457 0.4083059210526316 0.03290676416819013 0.03125
1 0.6393967093235832 0.01069078947368421 0.02376599634369287 0.019736842105263157
0 0.09552102376599635 0.5427631578947368 0.02376599634369287 0.019736842105263157
1 0.5050274223034735 0.5686677631578947 0.021937842778793418 0.019736842105263157
1 0.8491773308957953 0.8618421052631579 0.022851919561243144 0.017269736842105265
1 0.5571297989031079 0.5394736842105263 0.0283363802559415 0.024671052631578948
1 0.3642595978062157 0.052220394736842105 0.022851919561243144 0.023026315789473683
0 0.05210237659963437 0.3606085526315789 0.02010968921389397 0.01644736842105263
1 0.993601462522852 0.13240131578947367 0.012797074954296161 0.03042763157894737
0 0.8802559414990859 0.9021381578947368 0.025594149908592323 0.023026315789473683
0 0.3249542961608775 0.8486842105263158 0.026508226691042046 0.023026315789473683
1 0.8724862888482633 0.15953947368421054 0.027422303473491772 0.028782894736842105
1 0.42047531992687387 0.3363486842105263 0.02102376599634369 0.02055921052631579
1 0.3062157221206581 0.515625 0.031992687385740404 0.02549342105263158
1 0.6357404021937842 0.09046052631578948 0.022851919561243144 0.024671052631578948
0 0.1956124314442413 0.1015625 0.02376599634369287 0.02055921052631579
1 0.6704753199268738 0.826891447368421 0.02102376599634369 0.018092105263157895
1 0.06261425959780621 0.4831414473684211 0.02010968921389397 0.02055921052631579
0 0.8807129798903108 0.8824013157894737 0.02376599634369287 0.019736842105263157
1 0.1590493601462523 0.3482730263157895 0.021937842778793418 0.017269736842105265
1 0.07038391224862889 0.9132401315789473 0.02376599634369287 0.022203947368421052
1 0.24314442413162707 0.027549342105263157 0.022851919561243144 0.017269736842105265
0 0.9382998171846435 0.5555098684210527 0.026508226691042046 0.024671052631578948
1 0.9273308957952467 0.12129934210526316 0.024680073126142597 0.02138157894736842
1 0.473491773308958 0.24177631578947367 0.024680073126142597 0.023026315789473683
1 0.8578610603290676 0.14679276315789475 0.026508226691042046 0.027138157894736843
0 0.2746800731261426 0.8540296052631579 0.025594149908592323 0.02138157894736842
1 0.2696526508226691 0.9288651315789473 0.02376599634369287 0.02138157894736842
1 0.8395795246800731 0.16858552631578946 0.027422303473491772 0.017269736842105265
1 0.13756855575868374 0.35074013157894735 0.024680073126142597 0.019736842105263157
0 0.5406764168190128 0.5291940789473685 0.02010968921389397 0.019736842105263157
0 0.04524680073126142 0.6866776315789473 0.0283363802559415 0.02138157894736842
0 0.9373857404021938 0.7602796052631579 0.027422303473491772 0.022203947368421052
1 0.6023765996343693 0.062088815789473686 0.02376599634369287 0.023026315789473683
0 0.8318098720292505 0.2911184210526316 0.031992687385740404 0.022203947368421052
1 0.7148080438756855 0.46504934210526316 0.025594149908592323 0.02138157894736842
0 0.8222120658135283 0.30304276315789475 0.029250457038391225 0.023026315789473683
1 0.3190127970749543 0.5337171052631579 0.03016453382084095 0.02138157894736842
0 0.5607861060329068 0.3803453947368421 0.03016453382084095 0.028782894736842105
0 0.7381170018281535 0.12705592105263158 0.02102376599634369 0.017269736842105265
1 0.23857404021937842 0.6854440789473685 0.026508226691042046 0.023026315789473683
1 0.746800731261426 0.18626644736842105 0.027422303473491772 0.02631578947368421
0 0.4913162705667276 0.06949013157894737 0.02010968921389397 0.017269736842105265
0 0.11380255941499086 0.14802631578947367 0.019195612431444242 0.015625
0 0.9776051188299817 0.023026315789473683 0.03473491773308958 0.029605263157894735
0 0.007312614259597806 0.013980263157894737 0.014625228519195612 0.027960526315789474
1 0.879798903107861 0.1328125 0.027422303473491772 0.02138157894736842
0 0.8007312614259597 0.8939144736842105 0.03290676416819013 0.027138157894736843
1 0.7696526508226691 0.47491776315789475 0.02376599634369287 0.023026315789473683
0 0.12294332723948811 0.46463815789473684 0.019195612431444242 0.018092105263157895
1 0.41453382084095064 0.34745065789473684 0.02102376599634369 0.015625
1 0.1846435100548446 0.16570723684210525 0.018281535648994516 0.018914473684210526
0 0.043875685557586835 0.34539473684210525 0.02102376599634369 0.017269736842105265
1 0.7513711151736746 0.12541118421052633 0.02102376599634369 0.019736842105263157
0 0.8190127970749543 0.3203125 0.027422303473491772 0.019736842105263157
0 0.03016453382084095 0.07360197368421052 0.018281535648994516 0.01644736842105263
0 0.49725776965265084 0.46011513157894735 0.0283363802559415 0.022203947368421052
1 0.6517367458866545 0.8236019736842105 0.018281535648994516 0.015625
1 0.08775137111517367 0.4810855263157895 0.02102376599634369 0.02138157894736842
0 0.7317184643510055 0.1768092105263158 0.022851919561243144 0.023026315789473683
0 0.4945155393053016 0.24917763157894737 0.025594149908592323 0.022203947368421052
1 0.16179159049360145 0.04975328947368421 0.019195612431444242 0.01644736842105263
0 0.7394881170018281 0.3581414473684211 0.02376599634369287 0.019736842105263157
0 0.043875685557586835 0.07606907894736842 0.018281535648994516 0.01644736842105263
0 0.6928702010968921 0.0884046052631579 0.02376599634369287 0.02055921052631579
1 0.20840950639853748 0.6332236842105263 0.019195612431444242 0.015625
1 0.11608775137111517 0.08305921052631579 0.02010968921389397 0.015625
1 0.4670932358318099 0.0649671052631579 0.027422303473491772 0.023026315789473683
0 0.8788848263254113 0.4777960526315789 0.022851919561243144 0.02055921052631579
0 0.09140767824497258 0.28824013157894735 0.02010968921389397 0.01644736842105263
