1 0.445 0.195423855963991 0.056666666666666664 0.04351087771942986
1 0.79125 0.6140285071267817 0.05333333333333334 0.04276069017254314
1 0.6408333333333334 0.6699174793698425 0.0625 0.04426106526631658
1 0.9558333333333333 0.445986496624156 0.0425 0.04351087771942986
1 0.4820833333333333 0.10577644411102775 0.045 0.03975993998499625
1 0.7441666666666666 0.654913728432108 0.0625 0.047261815453863466
1 0.7704166666666666 0.7974493623405852 0.045 0.04426106526631658
1 0.7825 0.6710427606901725 0.035 0.030007501875468866
1 0.4191666666666667 0.07464366091522881 0.0425 0.03825956489122281
0 0.8166666666666667 0.6489122280570142 0.035 0.029257314328582147
1 0.9191666666666667 0.44486121530382594 0.04416666666666667 0.042010502625656414
0 0.81375 0.7914478619654913 0.03666666666666667 0.03600900225056264
1 0.8120833333333334 0.7145536384096024 0.03666666666666667 0.03075768942235559
1 0.8558333333333333 0.4249812453113278 0.043333333333333335 0.04426106526631658
0 0.8270833333333333 0.7456864216054013 0.024166666666666666 0.020255063765941484
0 0.7745833333333333 0.7618154538634658 0.03 0.024756189047261814
1 0.543875 0.1540510127531883 0.040258333333333333 0.040585146286571644
0 0.82635 0.5604126031507877 0.037625 0.02838709677419355
0 0.8018833333333333 0.5769917479369843 0.032591666666666665 0.026841710427606903
0 0.783525 0.6505851462865716 0.02478333333333333 0.020750187546886723
0 0.8237333333333333 0.585423855963991 0.0206 0.02924981245311328
0 0.7632833333333334 0.6037359339834959 0.025 0.027314328582145535
0 0.828175 0.7299324831207802 0.021991666666666666 0.02038259564891223
