1 0.06992687385740402 0.858141447368421 0.04936014625228519 0.04194078947368421
1 0.7221206581352834 0.23396381578947367 0.031078610603290677 0.027960526315789474
1 0.7125228519195612 0.33963815789473684 0.03016453382084095 0.023848684210526317
0 0.8994515539305301 0.3338815789473684 0.0283363802559415 0.02549342105263158
1 0.4556672760511883 0.29194078947368424 0.03473491773308958 0.03125
1 0.5452468007312614 0.03495065789473684 0.031992687385740404 0.028782894736842105
1 0.32449725776965266 0.18503289473684212 0.037477148080438755 0.032072368421052634
1 0.6544789762340036 0.44161184210526316 0.044789762340036565 0.03700657894736842
0 0.25411334552102377 0.014802631578947368 0.0283363802559415 0.023026315789473683
1 0.07769652650822668 0.8898026315789473 0.044789762340036565 0.03536184210526316
1 0.23857404021937842 0.08141447368421052 0.03016453382084095 0.027138157894736843
0 0.8761425959780622 0.3268914473684211 0.025594149908592323 0.027960526315789474
1 0.5804387568555759 0.4194078947368421 0.03016453382084095 0.03782894736842105
1 0.4529250457038391 0.3338815789473684 0.03016453382084095 0.027960526315789474
1 0.11060329067641682 0.8597861842105263 0.04296160877513711 0.044407894736842105
1 0.28884826325411334 0.17763157894736842 0.03656307129798903 0.03289473684210526
0 0.716636197440585 0.2557565789473684 0.021937842778793418 0.018914473684210526
1 0.6663619744058501 0.29769736842105265 0.025594149908592323 0.02631578947368421
1 0.7961608775137111 0.6657072368421053 0.03930530164533821 0.03453947368421053
1 0.42230347349177333 0.3384046052631579 0.031078610603290677 0.032072368421052634
0 0.9693784277879341 0.39226973684210525 0.031078610603290677 0.027138157894736843
0 0.17093235831809872 0.026726973684210526 0.02010968921389397 0.01644736842105263
0 0.5786106032906764 0.33675986842105265 0.03016453382084095 0.02631578947368421
1 0.7865630712979891 0.31537828947368424 0.031078610603290677 0.027960526315789474
1 0.04616087751371115 0.8778782894736842 0.03930530164533821 0.03618421052631579
1 0.19881170018281535 0.2590460526315789 0.03016453382084095 0.023026315789473683
1 0.1910420475319927 0.05962171052631579 0.029250457038391225 0.023026315789473683
0 0.8953382084095064 0.30838815789473684 0.03016453382084095 0.024671052631578948
1 0.226691042047532 0.2746710526315789 0.031078610603290677 0.03125
1 0.19378427787934185 0.022203947368421052 0.03016453382084095 0.027138157894736843
1 0.2143510054844607 0.3001644736842105 0.027422303473491772 0.024671052631578948
1 0.7161791590493601 0.29399671052631576 0.027422303473491772 0.02631578947368421
0 0.9753199268738574 0.4185855263157895 0.029250457038391225 0.028782894736842105
0 0.8807129798903108 0.5127467105263158 0.02010968921389397 0.02138157894736842
1 0.19012797074954296 0.32113486842105265 0.03016453382084095 0.018914473684210526
1 0.19881170018281535 0.27960526315789475 0.026508226691042046 0.02549342105263158
0 0.9520109689213894 0.41241776315789475 0.026508226691042046 0.027138157894736843
0 0.7394881170018281 0.2944078947368421 0.02376599634369287 0.022203947368421052
1 0.17641681901279707 0.25164473684210525 0.03016453382084095 0.02631578947368421
1 0.18647166361974407 0.3026315789473684 0.031078610603290677 0.02631578947368421
0 0.9314442413162706 0.3527960526315789 0.03016453382084095 0.027138157894736843
1 0.7925045703839122 0.6332236842105263 0.03290676416819013 0.02631578947368421
1 0.1723034734917733 0.011101973684210526 0.0283363802559415 0.02138157894736842
1 0.6654478976234004 0.4115953947368421 0.03016453382084095 0.032072368421052634
0 0.6256855575868373 0.38363486842105265 0.031992687385740404 0.03042763157894737
1 0.21617915904936014 0.054276315789473686 0.0283363802559415 0.02549342105263158
0 0.863345521023766 0.5106907894736842 0.02010968921389397 0.02055921052631579
0 0.9309872029250457 0.375 0.03016453382084095 0.023026315789473683
0 0.8478062157221207 0.4761513157894737 0.022851919561243144 0.019736842105263157
0 0.6654478976234004 0.4691611842105263 0.037477148080438755 0.03042763157894737
1 0.6051188299817185 0.44819078947368424 0.033820840950639856 0.02631578947368421
1 0.08546617915904936 0.0727796052631579 0.038391224862888484 0.029605263157894735
0 0.18510054844606946 0.04317434210526316 0.024680073126142597 0.019736842105263157
1 0.9643510054844607 0.21833881578947367 0.0283363802559415 0.023848684210526317
0 0.9725776965265083 0.23684210526315788 0.022851919561243144 0.019736842105263157
1 0.5338208409506399 0.009457236842105263 0.03290676416819013 0.018914473684210526
0 0.7609689213893968 0.3104440789473684 0.02102376599634369 0.019736842105263157
1 0.4826325411334552 0.47574013157894735 0.031992687385740404 0.022203947368421052
1 0.15813528336380256 0.30180921052631576 0.0283363802559415 0.03042763157894737
1 0.09506398537477148 0.8125 0.03473491773308958 0.03536184210526316
0 0.569926873857404 0.3597861842105263 0.0283363802559415 0.023848684210526317
0 0.6229433272394881 0.31537828947368424 0.027422303473491772 0.02138157894736842
1 0.21343692870201098 0.04564144736842105 0.029250457038391225 0.03289473684210526
1 0.15722120658135283 0.27425986842105265 0.025594149908592323 0.02631578947368421
0 0.596892138939671 0.38569078947368424 0.0283363802559415 0.024671052631578948
0 0.7728519195612431 0.2964638157894737 0.022851919561243144 0.017269736842105265
0 0.7842778793418648 0.3359375 0.021937842778793418 0.01644736842105263
1 0.17413162705667276 0.27837171052631576 0.025594149908592323 0.02631578947368421
0 0.879798903107861 0.49383223684210525 0.021937842778793418 0.019736842105263157
0 0.7362888482632541 0.26398026315789475 0.02376599634369287 0.02055921052631579
0 0.23537477148080438 0.0069901315789473685 0.0283363802559415 0.013980263157894737
0 0.6430530164533821 0.2923519736842105 0.025594149908592323 0.023026315789473683
0 0.773308957952468 0.3359375 0.018281535648994516 0.017269736842105265
1 0.8601462522851919 0.6398026315789473 0.031078610603290677 0.027960526315789474
0 0.6138025594149908 0.36019736842105265 0.024680073126142597 0.02055921052631579
0 0.7504570383912249 0.2779605263157895 0.021937842778793418 0.019736842105263157
0 0.6119744058500914 0.899671052631579 0.04113345521023766 0.03782894736842105
1 0.9021937842778793 0.5078125 0.025594149908592323 0.02631578947368421
1 0.25045703839122485 0.03330592105263158 0.025594149908592323 0.02055921052631579
1 0.6892138939670932 0.3277138157894737 0.02102376599634369 0.018914473684210526
1 0.8628884826325411 0.4897203947368421 0.021937842778793418 0.022203947368421052
1 0.21709323583180987 0.3145559210526316 0.024680073126142597 0.018914473684210526
0 0.6078610603290676 0.42680921052631576 0.031078610603290677 0.02631578947368421
0 0.5274223034734917 0.23601973684210525 0.03016453382084095 0.024671052631578948
0 0.6124314442413162 0.34539473684210525 0.031078610603290677 0.022203947368421052
1 0.9894881170018281 0.2643914473684211 0.02102376599634369 0.02549342105263158
1 0.14625228519195613 0.016036184210526317 0.027422303473491772 0.027960526315789474
0 0.5941499085923218 0.3671875 0.02010968921389397 0.014802631578947368
1 0.43144424131627057 0.31949013157894735 0.024680073126142597 0.018092105263157895
1 0.653107861060329 0.5296052631578947 0.021937842778793418 0.018914473684210526
1 0.1956124314442413 0.006167763157894737 0.031078610603290677 0.012335526315789474
1 0.819926873857404 0.6796875 0.029250457038391225 0.03042763157894737
1 0.18647166361974407 0.23560855263157895 0.027422303473491772 0.017269736842105265
