1 0.009140767824497258 0.9375 0.018281535648994516 0.023848684210526317
1 0.3094149908592322 0.41899671052631576 0.03016453382084095 0.027138157894736843
0 0.051645338208409504 0.9375 0.021937842778793418 0.02138157894736842
1 0.20521023765996343 0.5999177631578947 0.027422303473491772 0.024671052631578948
1 0.40950639853747717 0.9346217105263158 0.03290676416819013 0.023848684210526317
0 0.11106032906764168 0.9132401315789473 0.019195612431444242 0.015625
1 0.3190127970749543 0.9107730263157895 0.02376599634369287 0.023848684210526317
1 0.15310786106032906 0.623766447368421 0.027422303473491772 0.023026315789473683
1 0.17824497257769653 0.6019736842105263 0.03016453382084095 0.02631578947368421
1 0.05210237659963437 0.4712171052631579 0.0283363802559415 0.023026315789473683
1 0.9478976234003657 0.7368421052631579 0.031078610603290677 0.02549342105263158
0 0.022394881170018283 0.985608552631579 0.021937842778793418 0.018092105263157895
1 0.0603290676416819 0.49136513157894735 0.0283363802559415 0.024671052631578948
1 0.24085923217550273 0.780016447368421 0.02376599634369287 0.019736842105263157
1 0.2545703839122486 0.7504111842105263 0.02376599634369287 0.019736842105263157
0 0.010054844606946984 0.9938322368421053 0.01736745886654479 0.012335526315789474
1 0.8912248628884827 0.7717927631578947 0.033820840950639856 0.027960526315789474
1 0.29659963436928705 0.834967105263158 0.020822669104204754 0.022203947368421052
1 0.31672760511882997 0.8462171052631579 0.018281535648994516 0.014802631578947368
1 0.8656307129798904 0.8194901315789473 0.038391224862888484 0.032072368421052634
1 0.8980804387568556 0.8018092105263158 0.031078610603290677 0.028782894736842105
1 0.9661791590493601 0.7685032894736842 0.03016453382084095 0.024671052631578948
1 0.9410420475319927 0.7615131578947368 0.031078610603290677 0.02549342105263158
1 0.8660877513711152 0.787828947368421 0.0356489945155393 0.028782894736842105
1 0.8395795246800731 0.8038651315789473 0.0283363802559415 0.03125
1 0.2746800731261426 0.7919407894736842 0.018281535648994516 0.01644736842105263
1 0.16910420475319926 0.6385690789473685 0.022851919561243144 0.018914473684210526
1 0.028793418647166363 0.938733552631579 0.024680073126142597 0.023026315789473683
0 0.06718464351005485 0.453125 0.025594149908592323 0.02055921052631579
1 0.02376599634369287 0.5538651315789473 0.03016453382084095 0.02631578947368421
1 0.07358318098720293 0.9317434210526315 0.026508226691042046 0.023026315789473683
1 0.0603290676416819 0.9140625 0.024680073126142597 0.019736842105263157
1 0.4063071297989031 0.954358552631579 0.03016453382084095 0.022203947368421052
1 0.03930530164533821 0.49917763157894735 0.026508226691042046 0.024671052631578948
0 0.0763254113345521 0.8939144736842105 0.01736745886654479 0.01644736842105263
1 0.06718464351005485 0.9584703947368421 0.027422303473491772 0.02549342105263158
1 0.9552102376599635 0.9942434210526315 0.037477148080438755 0.011513157894736841
0 0.09460694698354662 0.8861019736842105 0.02010968921389397 0.015625
1 0.33775137111517367 0.9148848684210527 0.02102376599634369 0.019736842105263157
0 0.11197440585009141 0.8980263157894737 0.01736745886654479 0.014802631578947368
1 0.12522851919561243 0.8470394736842105 0.021937842778793418 0.01644736842105263
0 0.2993601462522852 0.7845394736842105 0.02010968921389397 0.017269736842105265
1 0.040676416819012795 0.9592927631578947 0.026508226691042046 0.02138157894736842
0 0.16270566727605118 0.9592927631578947 0.019195612431444242 0.01644736842105263
1 0.1503656307129799 0.6422697368421053 0.021937842778793418 0.019736842105263157
1 0.23537477148080438 0.7664473684210527 0.018281535648994516 0.018914473684210526
1 0.30118829981718465 0.9169407894736842 0.024680073126142597 0.023026315789473683
0 0.08683729433272395 0.9087171052631579 0.019195612431444242 0.017269736842105265
0 0.3436928702010969 0.8963815789473685 0.01736745886654479 0.017269736842105265
0 0.07815356489945155 0.990953947368421 0.025594149908592323 0.018092105263157895
1 0.16727605118829983 0.6529605263157895 0.02376599634369287 0.02055921052631579
0 0.029707495429616086 0.8712993421052632 0.019195612431444242 0.015625
1 0.03884826325411334 0.9864309210526315 0.018281535648994516 0.019736842105263157
1 0.07586837294332724 0.9601151315789473 0.0283363802559415 0.02549342105263158
0 0.30118829981718465 0.766858552631579 0.02010968921389397 0.017269736842105265
0 0.04113345521023766 0.9202302631578947 0.02102376599634369 0.018914473684210526
1 0.2586837294332724 0.8001644736842105 0.019195612431444242 0.017269736842105265
1 0.28382084095063986 0.43338815789473684 0.01736745886654479 0.02138157894736842
1 0.6640767824497258 0.9962993421052632 0.031992687385740404 0.007401315789473684
0 0.41590493601462525 0.9177631578947368 0.02010968921389397 0.014802631578947368
0 0.4172760511882998 0.9029605263157895 0.019195612431444242 0.01644736842105263
1 0.3039305301645338 0.8556743421052632 0.018281535648994516 0.018092105263157895
0 0.31672760511882997 0.7845394736842105 0.01736745886654479 0.015625
