1 0.8222120658135283 0.9321546052631579 0.022851919561243144 0.018914473684210526
1 0.33318098720292505 0.6258223684210527 0.026508226691042046 0.02055921052631579
1 0.3647166361974406 0.6015625 0.026508226691042046 0.022203947368421052
1 0.9236745886654479 0.7138157894736842 0.02102376599634369 0.02055921052631579
1 0.0712979890310786 0.798108552631579 0.026508226691042046 0.024671052631578948
1 0.20521023765996343 0.5123355263157895 0.0283363802559415 0.027960526315789474
1 0.9890310786106032 0.9272203947368421 0.021937842778793418 0.027960526315789474
1 0.7641681901279708 0.4925986842105263 0.03656307129798903 0.029605263157894735
1 0.42687385740402195 0.2722039473684211 0.04936014625228519 0.04029605263157895
1 0.8130712979890311 0.18379934210526316 0.03290676416819013 0.03042763157894737
1 0.7120658135283364 0.30879934210526316 0.033820840950639856 0.028782894736842105
1 0.2915904936014625 0.3918585526315789 0.0283363802559415 0.02549342105263158
1 0.7070383912248629 0.5670230263157895 0.037477148080438755 0.03700657894736842
1 0.28016453382084094 0.9161184210526315 0.03656307129798903 0.032072368421052634
1 0.9748628884826326 0.6208881578947368 0.026508226691042046 0.023848684210526317
1 0.016453382084095063 0.2972861842105263 0.02376599634369287 0.019736842105263157
1 0.9053930530164533 0.7105263157894737 0.021937842778793418 0.022203947368421052
1 0.02330895795246801 0.2631578947368421 0.04113345521023766 0.033717105263157895
1 0.4515539305301645 0.4083059210526316 0.029250457038391225 0.023848684210526317
0 0.9922303473491774 0.6147203947368421 0.015539305301645339 0.02138157894736842
1 0.4602376599634369 0.26480263157894735 0.038391224862888484 0.03618421052631579
1 0.6494515539305301 0.5596217105263158 0.03290676416819013 0.03700657894736842
1 0.6718464351005484 0.5657894736842105 0.04296160877513711 0.03782894736842105
1 0.47714808043875684 0.4909539473684211 0.03290676416819013 0.027960526315789474
1 0.058043875685557585 0.25493421052631576 0.03290676416819013 0.03289473684210526
1 0.10237659963436929 0.4740953947368421 0.027422303473491772 0.027138157894736843
1 0.11060329067641682 0.8412828947368421 0.02010968921389397 0.018914473684210526
1 0.01782449725776965 0.2314967105263158 0.0356489945155393 0.038651315789473686
1 0.04936014625228519 0.7927631578947368 0.022851919561243144 0.018914473684210526
1 0.03290676416819013 0.5049342105263158 0.03016453382084095 0.024671052631578948
1 0.17184643510054845 0.6056743421052632 0.02102376599634369 0.017269736842105265
1 0.13619744058500913 0.8116776315789473 0.03016453382084095 0.027960526315789474
1 0.823126142595978 0.9136513157894737 0.025594149908592323 0.02055921052631579
1 0.9131627056672761 0.9313322368421053 0.029250457038391225 0.02549342105263158
1 0.8455210237659964 0.4074835526315789 0.029250457038391225 0.03042763157894737
1 0.1183729433272395 0.6998355263157895 0.021937842778793418 0.018914473684210526
1 0.16270566727605118 0.8174342105263158 0.021937842778793418 0.018914473684210526
1 0.10283363802559416 0.6837993421052632 0.02102376599634369 0.018092105263157895
1 0.7673674588665448 0.20929276315789475 0.03473491773308958 0.03042763157894737
1 0.9776051188299817 0.9502467105263158 0.03290676416819013 0.029605263157894735
1 0.14945155393053017 0.4597039473684211 0.031078610603290677 0.027960526315789474
1 0.48583180987202923 0.9810855263157895 0.025594149908592323 0.023026315789473683
1 0.061243144424131625 0.8384046052631579 0.03290676416819013 0.028782894736842105
1 0.2915904936014625 0.13692434210526316 0.02010968921389397 0.019736842105263157
1 0.9378427787934186 0.6048519736842105 0.027422303473491772 0.023848684210526317
1 0.18372943327239488 0.6492598684210527 0.026508226691042046 0.022203947368421052
1 0.4954296160877514 0.4370888157894737 0.03016453382084095 0.027138157894736843
1 0.015082266910420476 0.31743421052631576 0.027422303473491772 0.024671052631578948
1 0.12842778793418647 0.47491776315789475 0.0283363802559415 0.024671052631578948
1 0.15082266910420475 0.4979440789473684 0.024680073126142597 0.022203947368421052
1 0.1046617915904936 0.38363486842105265 0.022851919561243144 0.018914473684210526
1 0.16042047531992687 0.5974506578947368 0.02010968921389397 0.018092105263157895
1 0.07678244972577697 0.21710526315789475 0.03930530164533821 0.03453947368421053
1 0.35740402193784276 0.5855263157894737 0.019195612431444242 0.017269736842105265
1 0.46755027422303475 0.9720394736842105 0.02376599634369287 0.02055921052631579
1 0.9890310786106032 0.9851973684210527 0.021937842778793418 0.029605263157894735
1 0.5443327239488117 0.3597861842105263 0.0356489945155393 0.029605263157894735
1 0.180073126142596 0.5929276315789473 0.02102376599634369 0.018092105263157895
1 0.24085923217550273 0.9046052631578947 0.026508226691042046 0.022203947368421052
1 0.46755027422303475 0.4276315789473684 0.026508226691042046 0.02138157894736842
1 0.25182815356489946 0.9280427631578947 0.0356489945155393 0.03042763157894737
1 0.3148994515539305 0.4136513157894737 0.027422303473491772 0.02549342105263158
1 0.943327239488117 0.9469572368421053 0.03473491773308958 0.029605263157894735
1 0.8729433272394881 0.9083059210526315 0.026508226691042046 0.023026315789473683
1 0.15447897623400367 0.516858552631579 0.026508226691042046 0.02055921052631579
1 0.11060329067641682 0.5316611842105263 0.027422303473491772 0.02549342105263158
1 0.2829067641681901 0.8721217105263158 0.027422303473491772 0.023026315789473683
0 0.5882084095063985 0.5476973684210527 0.031992687385740404 0.029605263157894735
1 0.3272394881170018 0.43338815789473684 0.031992687385740404 0.027960526315789474
1 0.09414990859232175 0.5431743421052632 0.03473491773308958 0.028782894736842105
1 0.5251371115173674 0.21052631578947367 0.02376599634369287 0.023848684210526317
1 0.2993601462522852 0.4453125 0.03473491773308958 0.029605263157894735
1 0.543418647166362 0.17434210526315788 0.03016453382084095 0.02631578947368421
1 0.496800731261426 0.46011513157894735 0.026508226691042046 0.023026315789473683
1 0.0370201096892139 0.8273026315789473 0.025594149908592323 0.023026315789473683
1 0.9259597806215722 0.43338815789473684 0.02010968921389397 0.018914473684210526
1 0.6809872029250457 0.587171052631579 0.04021937842778794 0.02549342105263158
1 0.02010968921389397 0.9021381578947368 0.021937842778793418 0.018914473684210526
1 0.09552102376599635 0.6973684210526315 0.024680073126142597 0.02138157894736842
1 0.4469835466179159 0.4276315789473684 0.024680073126142597 0.022203947368421052
1 0.32769652650822667 0.6385690789473685 0.026508226691042046 0.022203947368421052
1 0.8592321755027422 0.930921052631579 0.022851919561243144 0.022203947368421052
1 0.19744058500914077 0.29605263157894735 0.018281535648994516 0.014802631578947368
1 0.25411334552102377 0.22985197368421054 0.027422303473491772 0.023848684210526317
1 0.022851919561243144 0.4457236842105263 0.025594149908592323 0.018914473684210526
1 0.453382084095064 0.4790296052631579 0.024680073126142597 0.022203947368421052
1 0.276508226691042 0.34991776315789475 0.026508226691042046 0.02138157894736842
1 0.11745886654478976 0.6846217105263158 0.01736745886654479 0.018092105263157895
1 0.008226691042047532 0.9194078947368421 0.016453382084095063 0.023026315789473683
1 0.8121572212065814 0.2598684210526316 0.025594149908592323 0.022203947368421052
1 0.04616087751371115 0.8096217105263158 0.024680073126142597 0.02055921052631579
1 0.543418647166362 0.3803453947368421 0.037477148080438755 0.02549342105263158
1 0.906764168190128 0.4309210526315789 0.022851919561243144 0.018914473684210526
0 0.8272394881170019 0.41488486842105265 0.02376599634369287 0.022203947368421052
1 0.0923217550274223 0.24958881578947367 0.0283363802559415 0.02631578947368421
0 0.2554844606946984 0.25287828947368424 0.019195612431444242 0.018914473684210526
1 0.95018281535649 0.9239309210526315 0.02376599634369287 0.019736842105263157
1 0.3647166361974406 0.6439144736842105 0.026508226691042046 0.023848684210526317
1 0.9131627056672761 0.4120065789473684 0.024680073126142597 0.019736842105263157
1 0.10146252285191956 0.3725328947368421 0.022851919561243144 0.015625
0 0.13208409506398539 0.5254934210526315 0.025594149908592323 0.023848684210526317
1 0.031078610603290677 0.8832236842105263 0.0283363802559415 0.024671052631578948
1 0.49085923217550276 0.509046052631579 0.03016453382084095 0.024671052631578948
0 0.7627970749542962 0.18421052631578946 0.0283363802559415 0.023026315789473683
1 0.47212065813528337 0.4477796052631579 0.02376599634369287 0.02138157894736842
1 0.576782449725777 0.5801809210526315 0.026508226691042046 0.024671052631578948
1 0.022394881170018283 0.811266447368421 0.022851919561243144 0.02055921052631579
1 0.37751371115173676 0.5374177631578947 0.0283363802559415 0.02631578947368421
1 0.15585009140767825 0.5349506578947368 0.026508226691042046 0.018914473684210526
1 0.3788848263254113 0.881578947368421 0.031992687385740404 0.02631578947368421
0 0.4524680073126143 0.45929276315789475 0.024680073126142597 0.02055921052631579
1 0.007312614259597806 0.4745065789473684 0.014625228519195612 0.02055921052631579
0 0.09140767824497258 0.5189144736842105 0.021937842778793418 0.018914473684210526
0 0.9195612431444241 0.8807565789473685 0.027422303473491772 0.022203947368421052
1 0.556672760511883 0.22327302631578946 0.02376599634369287 0.02055921052631579
1 0.2152650822669104 0.27713815789473684 0.016453382084095063 0.014802631578947368
1 0.3094149908592322 0.7092927631578947 0.025594149908592323 0.023026315789473683
1 0.2042961608775137 0.6270559210526315 0.027422303473491772 0.02138157894736842
0 0.3103290676416819 0.6217105263157895 0.02376599634369287 0.019736842105263157
1 0.26782449725776963 0.39761513157894735 0.02376599634369287 0.023026315789473683
1 0.12888482632541134 0.5037006578947368 0.02376599634369287 0.022203947368421052
1 0.5255941499085923 0.3573190789473684 0.02376599634369287 0.023848684210526317
1 0.8162705667276051 0.6969572368421053 0.024680073126142597 0.02138157894736842
0 0.2042961608775137 0.3984375 0.02010968921389397 0.01644736842105263
1 0.9570383912248629 0.915296052631579 0.031078610603290677 0.022203947368421052
1 0.07952468007312614 0.24054276315789475 0.027422303473491772 0.019736842105263157
1 0.193327239488117 0.594983552631579 0.015539305301645339 0.017269736842105265
1 0.18647166361974407 0.5361842105263158 0.027422303473491772 0.02631578947368421
1 0.0923217550274223 0.9954769736842105 0.02376599634369287 0.009046052631578948
1 0.24177330895795246 0.15748355263157895 0.02010968921389397 0.018092105263157895
0 0.18555758683729434 0.32113486842105265 0.019195612431444242 0.018092105263157895
1 0.6759597806215722 0.5398848684210527 0.027422303473491772 0.02138157894736842
0 0.4753199268738574 0.40912828947368424 0.024680073126142597 0.02055921052631579
0 0.09826325411334552 0.5653782894736842 0.0283363802559415 0.022203947368421052
1 0.756398537477148 0.23231907894736842 0.0283363802559415 0.022203947368421052
0 0.16544789762340037 0.48848684210526316 0.0283363802559415 0.022203947368421052
0 0.37248628884826324 0.5826480263157895 0.02010968921389397 0.018092105263157895
0 0.050274223034734916 0.22286184210526316 0.02102376599634369 0.019736842105263157
1 0.5607861060329068 0.9263980263157895 0.02376599634369287 0.024671052631578948
1 0.09552102376599635 0.7685032894736842 0.02102376599634369 0.018092105263157895
0 0.9063071297989032 0.8630756578947368 0.024680073126142597 0.018914473684210526
0 0.3212979890310786 0.7438322368421053 0.025594149908592323 0.018092105263157895
1 0.1170018281535649 0.4946546052631579 0.02376599634369287 0.018092105263157895
1 0.4053930530164534 0.8338815789473685 0.027422303473491772 0.027960526315789474
1 0.879798903107861 0.16611842105263158 0.03016453382084095 0.018092105263157895
1 0.7239488117001828 0.7483552631578947 0.021937842778793418 0.02055921052631579
1 0.4739488117001828 0.4683388157894737 0.024680073126142597 0.02138157894736842
1 0.5425045703839122 0.20106907894736842 0.02102376599634369 0.019736842105263157
0 0.9529250457038391 0.618421052631579 0.019195612431444242 0.018092105263157895
