1 0.9739488117001828 0.6229440789473685 0.03930530164533821 0.033717105263157895
1 0.15219378427787933 0.4440789473684211 0.0740402193784278 0.05592105263157895
1 0.04021937842778794 0.21258223684210525 0.062157221206581355 0.04194078947368421
1 0.5895795246800731 0.17927631578947367 0.03290676416819013 0.024671052631578948
0 0.8816270566727605 0.09457236842105263 0.031992687385740404 0.028782894736842105
1 0.44744058500914075 0.7495888157894737 0.027422303473491772 0.024671052631578948
1 0.46206581352833637 0.9642269736842105 0.03656307129798903 0.03125
0 0.5219378427787934 0.8396381578947368 0.03290676416819013 0.02631578947368421
1 0.36380255941499084 0.9296875 0.03473491773308958 0.027138157894736843
1 0.16179159049360145 0.990953947368421 0.044789762340036565 0.018092105263157895
1 0.5114259597806216 0.6208881578947368 0.04113345521023766 0.03125
0 0.26142595978062155 0.48601973684210525 0.04661791590493602 0.04111842105263158
1 0.920018281535649 0.09827302631578948 0.044789762340036565 0.03618421052631579
1 0.42458866544789764 0.9786184210526315 0.03930530164533821 0.03125
1 0.9218464351005484 0.6126644736842105 0.031992687385740404 0.03125
1 0.24954296160877515 0.9481907894736842 0.03656307129798903 0.02631578947368421
1 0.6192870201096892 0.3873355263157895 0.031992687385740404 0.024671052631578948
1 0.27010968921389394 0.14185855263157895 0.03016453382084095 0.022203947368421052
1 0.6864716636197441 0.9494243421052632 0.04753199268738574 0.032072368421052634
0 0.21892138939670933 0.48026315789473684 0.043875685557586835 0.03700657894736842
1 0.7088665447897623 0.1953125 0.026508226691042046 0.02631578947368421
1 0.23491773308957953 0.9276315789473685 0.0356489945155393 0.02631578947368421
1 0.36608775137111516 0.9523026315789473 0.03016453382084095 0.023026315789473683
1 0.489945155393053 0.7265625 0.025594149908592323 0.02138157894736842
0 0.2274497257769653 0.3219819078947368 0.039442413162705664 0.03509868421052632
1 0.2554844606946984 0.2935855263157895 0.03930530164533821 0.029605263157894735
1 0.9090493601462523 0.15666118421052633 0.06855575868372943 0.044407894736842105
1 0.9780621572212066 0.5575657894736842 0.026508226691042046 0.02549342105263158
1 0.08912248628884827 0.13157894736842105 0.043875685557586835 0.03782894736842105
1 0.21252285191956125 0.5884046052631579 0.03016453382084095 0.023848684210526317
1 0.770109689213894 0.3170230263157895 0.027422303473491772 0.02138157894736842
1 0.5137111517367459 0.657483552631579 0.038391224862888484 0.032072368421052634
1 0.14853747714808044 0.5875822368421053 0.03016453382084095 0.02138157894736842
1 0.48720292504570384 0.7894736842105263 0.0356489945155393 0.027138157894736843
1 0.12705667276051189 0.5032894736842105 0.05850091407678245 0.04358552631578947
0 0.8944241316270567 0.12541118421052633 0.04936014625228519 0.039473684210526314
1 0.16956124314442414 0.9773848684210527 0.033820840950639856 0.02055921052631579
1 0.5457038391224863 0.8182565789473685 0.0356489945155393 0.028782894736842105
1 0.32221206581352835 0.6212993421052632 0.03016453382084095 0.02549342105263158
1 0.49588665447897623 0.8441611842105263 0.029250457038391225 0.027960526315789474
1 0.7481718464351006 0.39432565789473684 0.02376599634369287 0.018092105263157895
1 0.37522851919561245 0.3260690789473684 0.031078610603290677 0.02549342105263158
1 0.2573126142595978 0.1591282894736842 0.033820840950639856 0.027138157894736843
1 0.4753199268738574 0.7421875 0.03290676416819013 0.02549342105263158
1 0.6412248628884827 0.9712171052631579 0.031992687385740404 0.023026315789473683
0 0.806672760511883 0.9461348684210527 0.0283363802559415 0.023848684210526317
1 0.05941499085923217 0.10649671052631579 0.038391224862888484 0.032072368421052634
0 0.10420475319926874 0.41118421052631576 0.055758683729433274 0.03700657894736842
1 0.9625228519195612 0.12129934210526316 0.031992687385740404 0.02549342105263158
1 0.4209323583180987 0.27837171052631576 0.03290676416819013 0.023848684210526317
1 0.8596892138939671 0.08758223684210527 0.04204753199268738 0.04276315789473684
0 0.21252285191956125 0.44695723684210525 0.04570383912248629 0.033717105263157895
1 0.8889396709323584 0.35320723684210525 0.024680073126142597 0.02138157894736842
1 0.48583180987202923 0.8149671052631579 0.031992687385740404 0.028782894736842105
1 0.8496343692870201 0.32442434210526316 0.025594149908592323 0.018914473684210526
1 0.180073126142596 0.33675986842105265 0.04113345521023766 0.03453947368421053
0 0.17595978062157222 0.5875822368421053 0.02376599634369287 0.018092105263157895
1 0.47760511882998175 0.3079769736842105 0.03656307129798903 0.02631578947368421
0 0.1736745886654479 0.484375 0.04661791590493602 0.038651315789473686
1 0.7321755027422303 0.8951480263157895 0.03016453382084095 0.02549342105263158
1 0.07998171846435101 0.09868421052631579 0.033820840950639856 0.027138157894736843
0 0.024789762340036565 0.1801233552631579 0.04957952468007313 0.03981085526315789
1 0.04204753199268738 0.13486842105263158 0.04570383912248629 0.03782894736842105
1 0.41224862888482633 0.3569078947368421 0.025594149908592323 0.022203947368421052
1 0.1882998171846435 0.29317434210526316 0.03656307129798903 0.028782894736842105
1 0.350091407678245 0.2545230263157895 0.02376599634369287 0.02138157894736842
1 0.014625228519195612 0.2837171052631579 0.026508226691042046 0.024671052631578948
1 0.7879341864716636 0.9000822368421053 0.0356489945155393 0.023848684210526317
1 0.2129798903107861 0.6073190789473685 0.031992687385740404 0.02138157894736842
1 0.8295246800731262 0.9510690789473685 0.0283363802559415 0.023026315789473683
1 0.9314442413162706 0.2902960526315789 0.021937842778793418 0.018914473684210526
1 0.9616087751371115 0.6533717105263158 0.04296160877513711 0.032072368421052634
1 0.3875685557586837 0.34991776315789475 0.031992687385740404 0.02549342105263158
1 0.6412248628884827 0.39925986842105265 0.025594149908592323 0.018914473684210526
1 0.10191956124314443 0.5620888157894737 0.029250457038391225 0.022203947368421052
1 0.015539305301645339 0.12828947368421054 0.03016453382084095 0.047697368421052634
0 0.6819012797074955 0.9243421052631579 0.0356489945155393 0.027138157894736843
0 0.136654478976234 0.9268092105263158 0.02010968921389397 0.015625
0 0.04890310786106033 0.4251644736842105 0.048446069469835464 0.03536184210526316
0 0.08546617915904936 0.5045230263157895 0.044789762340036565 0.03782894736842105
1 0.6924131627056673 0.21463815789473684 0.0283363802559415 0.024671052631578948
0 0.21892138939670933 0.13527960526315788 0.029250457038391225 0.024671052631578948
1 0.4163619744058501 0.6513157894736842 0.0283363802559415 0.022203947368421052
1 0.9044789762340036 0.6620065789473685 0.03290676416819013 0.02549342105263158
1 0.2797074954296161 0.2578125 0.022851919561243144 0.019736842105263157
1 0.7280621572212066 0.29399671052631576 0.026508226691042046 0.017269736842105265
1 0.5470749542961609 0.844983552631579 0.031078610603290677 0.02549342105263158
1 0.7600548446069469 0.522203947368421 0.022851919561243144 0.017269736842105265
1 0.653107861060329 0.3902138157894737 0.029250457038391225 0.02055921052631579
1 0.4140767824497258 0.9925986842105263 0.029250457038391225 0.014802631578947368
1 0.9830895795246801 0.9860197368421053 0.025594149908592323 0.023848684210526317
1 0.33089579524680074 0.2611019736842105 0.02376599634369287 0.02138157894736842
0 0.8107861060329068 0.9263980263157895 0.025594149908592323 0.017269736842105265
1 0.14488117001828155 0.9136513157894737 0.031078610603290677 0.019736842105263157
0 0.6521937842778793 0.9288651315789473 0.031078610603290677 0.027138157894736843
1 0.9638939670932358 0.29070723684210525 0.02376599634369287 0.024671052631578948
1 0.2970749542961609 0.6776315789473685 0.02376599634369287 0.019736842105263157
1 0.7870201096892139 0.5226151315789473 0.025594149908592323 0.015625
1 0.08363802559414991 0.47574013157894735 0.04204753199268738 0.033717105263157895
1 0.019195612431444242 0.790296052631579 0.0356489945155393 0.033717105263157895
0 0.1476234003656307 0.6032072368421053 0.022851919561243144 0.017269736842105265
1 0.5585009140767825 0.5115131578947368 0.024680073126142597 0.018092105263157895
0 0.08546617915904936 0.44366776315789475 0.04570383912248629 0.03700657894736842
1 0.9712065813528337 0.18297697368421054 0.02376599634369287 0.022203947368421052
1 0.590036563071298 0.4362664473684211 0.02376599634369287 0.02055921052631579
1 0.3706581352833638 0.9954769736842105 0.027422303473491772 0.009046052631578948
1 0.6170018281535649 0.9189967105263158 0.0356489945155393 0.024671052631578948
1 0.22943327239488118 0.15419407894736842 0.024680073126142597 0.023026315789473683
1 0.376599634369287 0.9728618421052632 0.022851919561243144 0.018092105263157895
1 0.7253199268738574 0.19695723684210525 0.018281535648994516 0.018914473684210526
1 0.9721206581352834 0.14720394736842105 0.027422303473491772 0.023026315789473683
1 0.7815356489945156 0.23108552631578946 0.022851919561243144 0.022203947368421052
1 0.7020109689213894 0.9103618421052632 0.04296160877513711 0.03289473684210526
1 0.1293418647166362 0.602796052631579 0.019195612431444242 0.014802631578947368
1 0.5607861060329068 0.4925986842105263 0.026508226691042046 0.023026315789473683
1 0.4643510054844607 0.7236842105263158 0.024680073126142597 0.01644736842105263
1 0.4689213893967093 0.062088815789473686 0.024680073126142597 0.02138157894736842
0 0.5187385740402194 0.8013980263157895 0.031992687385740404 0.019736842105263157
1 0.743601462522852 0.4120065789473684 0.02010968921389397 0.018092105263157895
1 0.30484460694698357 0.610608552631579 0.03290676416819013 0.02549342105263158
1 0.02696526508226691 0.2668585526315789 0.027422303473491772 0.019736842105263157
1 0.4602376599634369 0.9876644736842105 0.04021937842778794 0.023026315789473683
1 0.03930530164533821 0.2865953947368421 0.02376599634369287 0.022203947368421052
1 0.7353747714808044 0.8754111842105263 0.021937842778793418 0.019736842105263157
1 0.04661791590493602 0.15460526315789475 0.051188299817184646 0.03042763157894737
1 0.21252285191956125 0.9703947368421053 0.025594149908592323 0.02055921052631579
0 0.8276965265082267 0.9317434210526315 0.022851919561243144 0.019736842105263157
1 0.33683729433272397 0.5995065789473685 0.03290676416819013 0.023026315789473683
0 0.7545703839122486 0.2845394736842105 0.021937842778793418 0.017269736842105265
1 0.25274223034734916 0.967516447368421 0.025594149908592323 0.02055921052631579
1 0.32541133455210236 0.9823190789473685 0.02376599634369287 0.018092105263157895
0 0.946983546617916 0.610608552631579 0.024680073126142597 0.022203947368421052
1 0.9163619744058501 0.6455592105263158 0.02010968921389397 0.01644736842105263
0 0.8290676416819013 0.11101973684210527 0.03290676416819013 0.023848684210526317
1 0.42138939670932357 0.680921052631579 0.026508226691042046 0.022203947368421052
1 0.7659963436928702 0.5320723684210527 0.021937842778793418 0.013980263157894737
0 0.5095978062157221 0.8174342105263158 0.031078610603290677 0.024671052631578948
1 0.7303473491773309 0.27631578947368424 0.024680073126142597 0.018914473684210526
1 0.13117001828153566 0.5797697368421053 0.02376599634369287 0.018092105263157895
1 0.7225776965265083 0.8745888157894737 0.03016453382084095 0.02138157894736842
1 0.7865630712979891 0.47944078947368424 0.024680073126142597 0.017269736842105265
0 0.7513345521023767 0.8930674342105264 0.02583180987202925 0.023708881578947367
0 0.7586837294332724 0.8758223684210527 0.031992687385740404 0.024671052631578948
0 0.15061243144424133 0.1248766447368421 0.03187385740402193 0.027730263157894737
0 0.16050274223034736 0.10286184210526315 0.02736745886654479 0.024300986842105264
0 0.7704204753199269 0.8859868421052631 0.030521023765996344 0.01859375
0 0.5792595978062157 0.5999917763157895 0.03657221206581353 0.02643092105263158
