1 0.6823583180987203 0.7734375 0.05941499085923217 0.049342105263157895
1 0.8738574040219378 0.2808388157894737 0.0356489945155393 0.027960526315789474
1 0.6243144424131627 0.7767269736842105 0.06764168190127971 0.05345394736842105
1 0.626599634369287 0.07195723684210527 0.033820840950639856 0.029605263157894735
1 0.38619744058500916 0.17146381578947367 0.04570383912248629 0.03700657894736842
1 0.44012797074954296 0.046052631578947366 0.03656307129798903 0.032072368421052634
0 0.8240402193784278 0.3379934210526316 0.027422303473491772 0.023848684210526317
0 0.4648080438756856 0.1689967105263158 0.04296160877513711 0.03125
1 0.9721206581352834 0.33963815789473684 0.033820840950639856 0.03125
1 0.39853747714808047 0.036595394736842105 0.033820840950639856 0.023848684210526317
1 0.7577696526508226 0.32730263157894735 0.031992687385740404 0.02631578947368421
0 0.4195612431444241 0.21217105263157895 0.037477148080438755 0.03289473684210526
0 0.4990859232175503 0.041529605263157895 0.03016453382084095 0.023848684210526317
0 0.47303473491773307 0.02919407894736842 0.03016453382084095 0.023848684210526317
1 0.3446069469835466 0.3285361842105263 0.033820840950639856 0.02631578947368421
1 0.31215722120658135 0.2779605263157895 0.031992687385740404 0.02631578947368421
1 0.3094149908592322 0.328125 0.03473491773308958 0.03042763157894737
0 0.37294332723948814 0.14103618421052633 0.037477148080438755 0.02631578947368421
1 0.4524680073126143 0.06455592105263158 0.027422303473491772 0.024671052631578948
1 0.3263254113345521 0.30386513157894735 0.0283363802559415 0.02631578947368421
1 0.486745886654479 0.8869243421052632 0.03473491773308958 0.044407894736842105
1 0.8455210237659964 0.34210526315789475 0.022851919561243144 0.023026315789473683
1 0.4227605118829982 0.8984375 0.050274223034734916 0.044407894736842105
1 0.3743144424131627 0.05016447368421053 0.03290676416819013 0.02631578947368421
1 0.45429616087751373 0.8807565789473685 0.05393053016453382 0.04276315789473684
1 0.35146252285191953 0.03453947368421053 0.027422303473491772 0.02055921052631579
1 0.4936014625228519 0.26932565789473684 0.03930530164533821 0.029605263157894735
1 0.34323583180987205 0.2845394736842105 0.033820840950639856 0.023848684210526317
1 0.746800731261426 0.3729440789473684 0.03930530164533821 0.03125
0 0.47623400365630714 0.19695723684210525 0.03473491773308958 0.027960526315789474
1 0.4593235831809872 0.9140625 0.044789762340036565 0.033717105263157895
1 0.37614259597806216 0.3022203947368421 0.03016453382084095 0.028782894736842105
1 0.30027422303473494 0.3001644736842105 0.0283363802559415 0.027138157894736843
1 0.6535648994515539 0.7335526315789473 0.055758683729433274 0.05180921052631579
0 0.4437842778793419 0.1903782894736842 0.03290676416819013 0.024671052631578948
1 0.32541133455210236 0.04893092105263158 0.025594149908592323 0.022203947368421052
0 0.4977148080438757 0.22245065789473684 0.03656307129798903 0.02549342105263158
0 0.35648994515539306 0.16776315789473684 0.027422303473491772 0.029605263157894735
1 0.8372943327239488 0.5238486842105263 0.04570383912248629 0.029605263157894735
1 0.26371115173674586 0.030838815789473683 0.0283363802559415 0.02549342105263158
1 0.3546617915904936 0.30633223684210525 0.027422303473491772 0.02549342105263158
1 0.38939670932358317 0.078125 0.0283363802559415 0.029605263157894735
1 0.34323583180987205 0.06825657894736842 0.03016453382084095 0.027960526315789474
1 0.7883912248628885 0.37006578947368424 0.03016453382084095 0.02631578947368421
1 0.8692870201096892 0.5061677631578947 0.03290676416819013 0.02549342105263158
1 0.8834552102376599 0.5226151315789473 0.031078610603290677 0.023848684210526317
1 0.4945155393053016 0.16529605263157895 0.033820840950639856 0.027960526315789474
1 0.8340950639853748 0.027960526315789474 0.03290676416819013 0.023848684210526317
1 0.3720292504570384 0.32730263157894735 0.024680073126142597 0.023026315789473683
1 0.503199268738574 0.1924342105263158 0.03290676416819013 0.029605263157894735
1 0.8756855575868373 0.4934210526315789 0.04753199268738574 0.03289473684210526
1 0.863345521023766 0.5386513157894737 0.031078610603290677 0.027138157894736843
0 0.4273308957952468 0.06866776315789473 0.026508226691042046 0.02138157894736842
1 0.28473491773308957 0.2865953947368421 0.021937842778793418 0.02055921052631579
1 0.5840950639853748 0.04399671052631579 0.027422303473491772 0.02138157894736842
0 0.4904021937842779 0.2421875 0.0356489945155393 0.027138157894736843
0 0.4547531992687386 0.21504934210526316 0.031078610603290677 0.024671052631578948
0 0.9931444241316271 0.3392269736842105 0.013711151736745886 0.023848684210526317
0 0.44789762340036565 0.2635690789473684 0.03656307129798903 0.029605263157894735
1 0.596892138939671 0.08388157894736842 0.027422303473491772 0.023026315789473683
1 0.10054844606946983 0.004934210526315789 0.024680073126142597 0.009868421052631578
0 0.4113345521023766 0.05098684210526316 0.02376599634369287 0.019736842105263157
0 0.8976234003656307 0.3100328947368421 0.026508226691042046 0.022203947368421052
1 0.1183729433272395 0.09827302631578948 0.025594149908592323 0.02138157894736842
1 0.819926873857404 0.49136513157894735 0.04021937842778794 0.02631578947368421
1 0.07861060329067641 0.003700657894736842 0.0283363802559415 0.007401315789473684
1 0.2993601462522852 0.2643914473684211 0.027422303473491772 0.019736842105263157
1 0.8354661791590493 0.5139802631578947 0.04661791590493602 0.03289473684210526
1 0.373400365630713 0.08141447368421052 0.031992687385740404 0.027138157894736843
1 0.3382084095063985 0.3462171052631579 0.0356489945155393 0.019736842105263157
0 0.9922303473491774 0.3207236842105263 0.015539305301645339 0.023848684210526317
0 0.803016453382084 0.3412828947368421 0.021937842778793418 0.018914473684210526
0 0.47943327239488115 0.05797697368421053 0.022851919561243144 0.02138157894736842
1 0.8098720292504571 0.4946546052631579 0.0283363802559415 0.027960526315789474
1 0.7344606946983546 0.3560855263157895 0.029250457038391225 0.024671052631578948
0 0.4556672760511883 0.2393092105263158 0.031992687385740404 0.023848684210526317
