1 0.31416666666666665 0.27644411102775696 0.060833333333333336 0.05101275318829707
1 0.08458333333333333 0.37134283570892723 0.050833333333333335 0.0450112528132033
0 0.36541666666666667 0.42610652663165793 0.05 0.04576144036009002
1 0.020833333333333332 0.785821455363841 0.041666666666666664 0.047261815453863466
0 0.31625 0.4249812453113278 0.05333333333333334 0.04276069017254314
0 0.11666666666666667 0.3657164291072768 0.0275 0.030007501875468866
1 0.285 0.4973743435858965 0.055 0.05251312828207052
1 0.35291666666666666 0.24006001500375093 0.0675 0.04876219054763691
0 0.36125 0.27756939234808703 0.041666666666666664 0.037509377344336084
1 0.35583333333333333 0.4827456864216054 0.0425 0.03675918979744936
1 0.28 0.8042010502625656 0.0625 0.05476369092273068
1 0.36333333333333334 0.6695423855963991 0.03916666666666667 0.03075768942235559
0 0.39625 0.6924231057764441 0.035833333333333335 0.033008252063015754
0 0.6375 0.7299324831207802 0.0475 0.03900975243810953
1 0.03 0.746436609152288 0.029166666666666667 0.0277569392348087
1 0.3358333333333333 0.8477119279819955 0.04083333333333333 0.03900975243810953
0 0.6116583333333333 0.5786871717929483 0.028224999999999997 0.025641410352588146
