1 0.2225 0.5333833458364591 0.1025 0.06526631657914479
1 0.19083333333333333 0.4662415603900975 0.07416666666666667 0.07576894223555888
1 0.31625 0.5078769692423106 0.07333333333333333 0.0690172543135784
1 0.2504166666666667 0.4891222805701425 0.08583333333333333 0.07426856714178545
0 0.12916666666666668 0.578019504876219 0.051666666666666666 0.05326331582895724
1 0.18541666666666667 0.5813953488372093 0.07416666666666667 0.07201800450112528
1 0.24458333333333335 0.6301575393848462 0.0825 0.04801200300075019
1 0.29083333333333333 0.572768192048012 0.09416666666666666 0.07801950487621906
1 0.585 0.805701425356339 0.051666666666666666 0.04576144036009002
1 0.7008333333333333 0.3210802700675169 0.05333333333333334 0.04126031507876969
1 0.6179166666666667 0.8015753938484621 0.043333333333333335 0.04951237809452363
0 0.24666666666666667 0.43285821455363843 0.06 0.05251312828207052
1 0.30916666666666665 0.436609152288072 0.08416666666666667 0.072768192048012
1 0.14625 0.5255063765941486 0.06333333333333334 0.06301575393848462
1 0.38375 0.4317329332333083 0.0475 0.0450112528132033
1 0.075 0.20517629407351837 0.04666666666666667 0.04276069017254314
1 0.4708333333333333 0.5596399099774944 0.065 0.05251312828207052
0 0.3516666666666667 0.41335333833458365 0.0375 0.03075768942235559
0 0.07125 0.5596399099774944 0.050833333333333335 0.047261815453863466
1 0.08791666666666667 0.1905476369092273 0.04833333333333333 0.042010502625656414
1 0.5554416666666666 0.013593398349587397 0.06838333333333334 0.027186796699174794
0 0.7329166666666667 0.24493623405851464 0.0375 0.03150787696924231
1 0.5054166666666666 0.5352588147036759 0.035833333333333335 0.04126031507876969
1 0.6708333333333333 0.48199549887471865 0.03333333333333333 0.03675918979744936
1 0.09791666666666667 0.2348087021755439 0.0475 0.04051012753188297
0 0.017916666666666668 0.2603150787696924 0.0325 0.05476369092273068
1 0.9916666666666667 0.4081020255063766 0.015 0.042010502625656414
0 0.23083333333333333 0.6635408852213053 0.041666666666666664 0.030007501875468866
1 0.9920833333333333 0.36946736684171044 0.014166666666666666 0.03375843960990248
0 0.24166666666666667 0.5986496624156039 0.0425 0.03375843960990248
0 0.02540833333333333 0.21492873218304576 0.04331666666666666 0.047261815453863466
0 0.01625 0.1748237059264816 0.0325 0.03975993998499625
0 0.08022499999999999 0.5173593398349587 0.06023333333333333 0.049204801200300075
0 0.19646666666666665 0.6432558139534884 0.033525 0.043465866466616654
