1 0.9520833333333333 0.08514628657164292 0.051666666666666666 0.04951237809452363
1 0.94375 0.13953488372093023 0.06416666666666666 0.0555138784696174
1 0.7183333333333334 0.06451612903225806 0.08333333333333333 0.058514628657164294
1 0.79625 0.44373593398349587 0.059166666666666666 0.05326331582895724
1 0.18125 0.11440360090022506 0.05333333333333334 0.04351087771942986
1 0.74625 0.02175543885971493 0.065 0.04276069017254314
1 0.9004166666666666 0.07914478619654913 0.06 0.06151537884471118
0 0.80375 0.16916729182295573 0.04666666666666667 0.04126031507876969
1 0.9816666666666667 0.04801200300075019 0.03666666666666667 0.05776444111027757
1 0.14333333333333334 0.09227306826706677 0.045 0.0450112528132033
1 0.21041666666666667 0.6129032258064516 0.05416666666666667 0.04276069017254314
1 0.9366666666666666 0.03825956489122281 0.059166666666666666 0.05476369092273068
1 0.90125 0.1312828207051763 0.043333333333333335 0.04951237809452363
1 0.44666666666666666 0.6680420105026257 0.0375 0.03075768942235559
1 0.7408333333333333 0.3199549887471868 0.043333333333333335 0.03225806451612903
0 0.7795833333333333 0.1466616654163541 0.051666666666666666 0.04126031507876969
0 0.30635833333333334 0.6136534133533383 0.03484166666666667 0.0331807951987997
0 0.34458333333333335 0.5765191297824456 0.034166666666666665 0.0345086271567892
1 0.78 0.34921230307576895 0.05 0.04576144036009002
1 0.85375 0.6110277569392348 0.055 0.04876219054763691
1 0.8059166666666667 0.08193548387096775 0.043425 0.046346586646661664
0 0.84 0.06676669167291822 0.03916666666666667 0.037509377344336084
1 0.9033333333333333 0.028882220555138786 0.05583333333333333 0.046511627906976744
1 0.78375 0.036384096024006 0.065 0.05776444111027757
1 0.66125 0.01350337584396099 0.0475 0.02700675168792198
0 0.7720833333333333 0.18417104276069018 0.041666666666666664 0.03975993998499625
0 0.7004166666666667 0.32295573893473367 0.043333333333333335 0.04351087771942986
1 0.8020833333333334 0.008252063015753939 0.0525 0.016504126031507877
1 0.7583333333333333 0.43060765191297823 0.045 0.04576144036009002
1 0.71 0.025131282820705175 0.0625 0.05026256564141035
0 0.22125 0.10802700675168792 0.03666666666666667 0.03825956489122281
0 0.09541666666666666 0.5093773443360841 0.035 0.03075768942235559
1 0.25416666666666665 0.36084021005251316 0.03333333333333333 0.024006001500375095
1 0.6670833333333334 0.04388597149287322 0.041666666666666664 0.046511627906976744
1 0.5345833333333333 0.39909977494373594 0.0475 0.04276069017254314
0 0.8 0.47861965491372843 0.0275 0.023255813953488372
0 0.7408333333333333 0.12303075768942236 0.0425 0.03825956489122281
1 0.9833333333333333 0.10315078769692423 0.03166666666666667 0.04426106526631658
1 0.7566666666666667 0.4163540885221305 0.03916666666666667 0.03150787696924231
0 0.7616666666666667 0.09264816204051013 0.03916666666666667 0.03075768942235559
1 0.18958333333333333 0.63615903975994 0.04083333333333333 0.037509377344336084
0 0.8295833333333333 0.0967741935483871 0.025 0.02700675168792198
1 0.82375 0.038634658664666165 0.03 0.03600900225056264
0 0.8170833333333334 0.490622655663916 0.030833333333333334 0.024756189047261814
1 0.024583333333333332 0.20142535633908476 0.045 0.047261815453863466
