1 0.8875 0.6432858214553638 0.059166666666666666 0.051762940735183796
1 0.9504166666666667 0.12303075768942236 0.049166666666666664 0.03900975243810953
1 0.8625 0.6721680420105026 0.06 0.047261815453863466
1 0.98375 0.13728432108027006 0.0325 0.042010502625656414
1 0.9641666666666666 0.4298574643660915 0.04583333333333333 0.03675918979744936
1 0.6716666666666666 0.7565641410352588 0.056666666666666664 0.04876219054763691
1 0.30833333333333335 0.23443360840210054 0.041666666666666664 0.037509377344336084
1 0.5704166666666667 0.24343585896474118 0.03666666666666667 0.03150787696924231
1 0.3858333333333333 0.35408852213053266 0.0425 0.04051012753188297
1 0.5791666666666667 0.7715678919729932 0.049166666666666664 0.03825956489122281
1 0.37583333333333335 0.21117779444861215 0.04583333333333333 0.035258814703675916
1 0.13291666666666666 0.9354838709677419 0.04583333333333333 0.03225806451612903
1 0.9545833333333333 0.15453863465866466 0.03833333333333333 0.03075768942235559
1 0.9820833333333333 0.36609152288072017 0.035833333333333335 0.03225806451612903
1 0.62625 0.24306076519129782 0.0375 0.035258814703675916
1 0.5783333333333334 0.2726931732933233 0.0375 0.03150787696924231
1 0.61125 0.1579144786196549 0.03 0.02700675168792198
1 0.08666666666666667 0.18417104276069018 0.030833333333333334 0.024756189047261814
1 0.9304166666666667 0.16879219804951237 0.035833333333333335 0.03150787696924231
1 0.34041666666666665 0.21567891972993247 0.03333333333333333 0.03375843960990248
1 0.6104166666666667 0.18529632408102026 0.0375 0.028507126781695424
1 0.7454166666666666 0.4782445611402851 0.04416666666666667 0.04126031507876969
1 0.3254166666666667 0.33083270817704424 0.04 0.03375843960990248
1 0.13375 0.12228057014253563 0.03 0.0277569392348087
1 0.4216666666666667 0.3765941485371343 0.0425 0.03150787696924231
1 0.6920833333333334 0.5708927231807952 0.0375 0.0345086271567892
1 0.8458333333333333 0.28769692423105775 0.03166666666666667 0.03600900225056264
1 0.6158333333333333 0.03113278319579895 0.028333333333333332 0.02625656414103526
1 0.12 0.10765191297824456 0.028333333333333332 0.02250562640660165
1 0.9875 0.5022505626406601 0.024166666666666666 0.03150787696924231
0 0.34208333333333335 0.2441860465116279 0.029166666666666667 0.02625656414103526
1 0.8241666666666667 0.2711927981995499 0.034166666666666665 0.03600900225056264
1 0.4370833333333333 0.3428357089272318 0.03666666666666667 0.02700675168792198
1 0.9720833333333333 0.16991747936984247 0.03833333333333333 0.029257314328582147
1 0.7275 0.6575393848462115 0.034166666666666665 0.030007501875468866
1 0.29833333333333334 0.31282820705176295 0.03666666666666667 0.03600900225056264
1 0.15166666666666667 0.11965491372843211 0.023333333333333334 0.024006001500375095
1 0.37416666666666665 0.23968492123030757 0.03833333333333333 0.02700675168792198
1 0.7216666666666667 0.578019504876219 0.030833333333333334 0.03825956489122281
1 0.7929166666666667 0.2921980495123781 0.0375 0.035258814703675916
1 0.7058333333333333 0.05401350337584396 0.0375 0.035258814703675916
1 0.4533333333333333 0.3642160540135034 0.030833333333333334 0.03375843960990248
0 0.42083333333333334 0.32408102025506375 0.035833333333333335 0.024756189047261814
1 0.645 0.7524381095273819 0.034166666666666665 0.04351087771942986
0 0.3377 0.19064516129032258 0.0287 0.02348087021755439
1 0.34375 0.1751687921980495 0.03 0.021005251312828207
1 0.36875 0.18829707426856715 0.03666666666666667 0.02175543885971493
0 0.9279166666666666 0.14516129032258066 0.025 0.023255813953488372
1 0.6191666666666666 0.2678169542385596 0.02666666666666667 0.023255813953488372
1 0.4075 0.18904726181545387 0.035 0.028507126781695424
0 0.635 0.02663165791447862 0.025 0.020255063765941484
0 0.316875 0.20724681170292572 0.034166666666666665 0.033008252063015754
0 0.3725 0.17254313578394598 0.035833333333333335 0.02700675168792198
1 0.345 0.16316579144786197 0.0275 0.016504126031507877
0 0.9604166666666667 0.39422355588897223 0.03 0.024756189047261814
0 0.3525 0.9129782445611403 0.0275 0.021005251312828207
1 0.44208333333333333 0.3612153038259565 0.050833333333333335 0.03375843960990248
1 0.20548333333333335 0.14650412603150786 0.030216666666666666 0.01762190547636909
0 0.20023333333333335 0.1328132033008252 0.022891666666666664 0.014613653413353338
0 0.184425 0.14156039009752439 0.017566666666666664 0.01776444111027757
1 0.497125 0.29852213053263316 0.044199999999999996 0.03494373593398349
1 0.6018 0.2267516879219805 0.033591666666666666 0.022993248312078017
1 0.5952666666666667 0.2509452363090773 0.030808333333333333 0.023780945236309078
1 0.5933916666666668 0.4075843960990247 0.02045 0.028994748687171792
1 0.7093416666666666 0.5001050262565642 0.042325 0.036856714178544636
1 0.6667916666666667 0.5817029257314328 0.03285833333333333 0.03279819954988747
0 0.6324166666666666 0.4603750937734433 0.028233333333333336 0.02746436609152288
0 0.6556666666666666 0.4570667666916729 0.026558333333333333 0.030307576894223556
0 0.36723333333333336 0.9062490622655663 0.030383333333333335 0.018507126781695426
0 0.32848333333333335 0.8533383345836459 0.022683333333333333 0.02278319579894974
