1 0.33416666666666667 0.77344336084021 0.04583333333333333 0.03675918979744936
1 0.30125 0.7835708927231808 0.03666666666666667 0.03225806451612903
1 0.33708333333333335 0.8098274568642161 0.03916666666666667 0.03375843960990248
1 0.2891666666666667 0.7558139534883721 0.03666666666666667 0.030007501875468866
1 0.21333333333333335 0.9156039009752438 0.04416666666666667 0.03900975243810953
1 0.4525 0.4782445611402851 0.0325 0.03600900225056264
0 0.48875 0.46399099774943736 0.035833333333333335 0.02625656414103526
1 0.15208333333333332 0.5776444111027756 0.04583333333333333 0.037509377344336084
1 0.5079166666666667 0.495873968492123 0.0275 0.024756189047261814
0 0.05125 0.30982745686421603 0.0375 0.033008252063015754
1 0.31625 0.45236309077269315 0.03333333333333333 0.024006001500375095
1 0.305175 0.4720180045011253 0.021175 0.03856714178544636
1 0.32245833333333335 0.47252063015753937 0.018691666666666665 0.02765191297824456
