1 0.02056672760511883 0.35320723684210525 0.04021937842778794 0.03618421052631579
1 0.9684643510054844 0.2314967105263158 0.03656307129798903 0.03125
1 0.5132541133455211 0.11060855263157894 0.03290676416819013 0.03289473684210526
1 0.6302559414990859 0.18379934210526316 0.03290676416819013 0.03042763157894737
1 0.3491773308957952 0.35074013157894735 0.04570383912248629 0.039473684210526314
1 0.8834552102376599 0.02631578947368421 0.027422303473491772 0.022203947368421052
1 0.7367458866544789 0.3371710526315789 0.0356489945155393 0.029605263157894735
1 0.6371115173674589 0.20888157894736842 0.03473491773308958 0.029605263157894735
1 0.2376599634369287 0.31332236842105265 0.031992687385740404 0.03125
1 0.42687385740402195 0.12171052631578948 0.0283363802559415 0.02549342105263158
1 0.05941499085923217 0.42023026315789475 0.04113345521023766 0.039473684210526314
1 0.6672760511882998 0.22327302631578946 0.03656307129798903 0.028782894736842105
1 0.5013711151736746 0.018914473684210526 0.04021937842778794 0.033717105263157895
1 0.9017367458866545 0.6221217105263158 0.0283363802559415 0.023026315789473683
1 0.9492687385740403 0.32113486842105265 0.024680073126142597 0.02549342105263158
1 0.46846435100548445 0.013569078947368422 0.0283363802559415 0.027138157894736843
1 0.49085923217550276 0.15090460526315788 0.0356489945155393 0.024671052631578948
1 0.2513711151736746 0.03453947368421053 0.031078610603290677 0.02631578947368421
1 0.19287020109689215 0.19366776315789475 0.026508226691042046 0.022203947368421052
1 0.8660877513711152 0.21299342105263158 0.029250457038391225 0.02055921052631579
1 0.49954296160877515 0.4173519736842105 0.0356489945155393 0.032072368421052634
1 0.9296160877513712 0.3092105263157895 0.0283363802559415 0.022203947368421052
1 0.8715722120658135 0.6291118421052632 0.031078610603290677 0.032072368421052634
1 0.7143510054844607 0.4699835526315789 0.04753199268738574 0.03536184210526316
1 0.48811700182815354 0.12705592105263158 0.04113345521023766 0.03289473684210526
1 0.8610603290676416 0.19983552631578946 0.029250457038391225 0.02138157894736842
1 0.5338208409506399 0.18873355263157895 0.031078610603290677 0.02631578947368421
1 0.44972577696526506 0.026726973684210526 0.025594149908592323 0.02631578947368421
1 0.5141681901279708 0.17763157894736842 0.03473491773308958 0.029605263157894735
1 0.40356489945155394 0.3754111842105263 0.03656307129798903 0.029605263157894735
1 0.4739488117001828 0.033717105263157895 0.027422303473491772 0.02055921052631579
1 0.42687385740402195 0.3626644736842105 0.025594149908592323 0.02138157894736842
0 0.6796160877513712 0.4473684210526316 0.029250457038391225 0.028782894736842105
1 0.20521023765996343 0.027138157894736843 0.0283363802559415 0.028782894736842105
1 0.819926873857404 0.03700657894736842 0.024680073126142597 0.018092105263157895
1 0.653107861060329 0.4683388157894737 0.02102376599634369 0.02138157894736842
1 0.5219378427787934 0.43133223684210525 0.03016453382084095 0.03042763157894737
1 0.22851919561243145 0.027960526315789474 0.024680073126142597 0.02631578947368421
1 0.3117001828153565 0.0649671052631579 0.029250457038391225 0.02631578947368421
1 0.3482632541133455 0.4296875 0.03473491773308958 0.03042763157894737
1 0.26051188299817185 0.32976973684210525 0.029250457038391225 0.02549342105263158
1 0.3436928702010969 0.40707236842105265 0.026508226691042046 0.022203947368421052
1 0.7308043875685558 0.4309210526315789 0.038391224862888484 0.027138157894736843
0 0.8893967093235832 0.008634868421052632 0.02010968921389397 0.01644736842105263
1 0.5438756855575868 0.17927631578947367 0.019195612431444242 0.023848684210526317
1 0.4218464351005484 0.5250822368421053 0.038391224862888484 0.029605263157894735
1 0.523308957952468 0.16940789473684212 0.027422303473491772 0.02549342105263158
0 0.7189213893967094 0.44901315789473684 0.02376599634369287 0.018914473684210526
1 0.9922303473491774 0.5719572368421053 0.015539305301645339 0.029605263157894735
1 0.9862888482632541 0.5703125 0.022851919561243144 0.03042763157894737
1 0.5127970749542962 0.43585526315789475 0.031992687385740404 0.027138157894736843
1 0.30118829981718465 0.3199013157894737 0.026508226691042046 0.02549342105263158
