1 0.89625 0.2854463615903976 0.07333333333333333 0.051762940735183796
1 0.72875 0.05401350337584396 0.05416666666666667 0.04576144036009002
1 0.88375 0.3267066766691673 0.0725 0.047261815453863466
1 0.018333333333333333 0.54576144036009 0.03666666666666667 0.06301575393848462
1 0.019166666666666665 0.5990247561890473 0.035833333333333335 0.051762940735183796
0 0.8816666666666667 0.24868717179294825 0.04083333333333333 0.030007501875468866
1 0.96125 0.2996999249812453 0.06166666666666667 0.05251312828207052
1 0.7804166666666666 0.07426856714178545 0.051666666666666666 0.05326331582895724
1 0.92875 0.268192048012003 0.05 0.04876219054763691
1 0.6625 0.27906976744186046 0.04083333333333333 0.03675918979744936
1 0.9783333333333334 0.3428357089272318 0.04083333333333333 0.05026256564141035
1 0.37166666666666665 0.12790697674418605 0.030833333333333334 0.025506376594148537
1 0.6883333333333334 0.2914478619654914 0.03833333333333333 0.051762940735183796
0 0.3218333333333333 0.11704426106526633 0.026350000000000002 0.028964741185296322
0 0.34825 0.10845461365341334 0.03336666666666666 0.02415603900975244
