0 0.6708333333333333 0.2843210802700675 0.06 0.051762940735183796
1 0.7920833333333334 0.5588897224306076 0.07 0.06601650412603151
1 0.7591666666666667 0.4951237809452363 0.07 0.06526631657914479
1 0.6558333333333334 0.2348087021755439 0.065 0.0555138784696174
1 0.07208333333333333 0.6301575393848462 0.058333333333333334 0.051762940735183796
1 0.935 0.15153788447111777 0.05333333333333334 0.046511627906976744
0 0.9475 0.18267066766691673 0.055 0.04801200300075019
1 0.8566666666666667 0.2280570142535634 0.07833333333333334 0.05926481620405101
1 0.7316666666666667 0.567516879219805 0.06416666666666666 0.04876219054763691
1 0.035833333333333335 0.6909227306826706 0.050833333333333335 0.04951237809452363
1 0.6204166666666666 0.2820705176294073 0.05416666666666667 0.05776444111027757
1 0.5441666666666667 0.020630157539384845 0.05 0.04126031507876969
1 0.5533333333333333 0.09489872468117029 0.041666666666666664 0.03975993998499625
1 0.6770833333333334 0.45986496624156037 0.065 0.06451612903225806
0 0.57 0.024756189047261814 0.04583333333333333 0.04051012753188297
1 0.06375 0.6849212303075769 0.0425 0.04576144036009002
1 0.6279166666666667 0.09564891222805702 0.0375 0.03675918979744936
0 0.72875 0.4519879969992498 0.0375 0.03150787696924231
0 0.7083333333333334 0.2528132033008252 0.050833333333333335 0.05401350337584396
0 0.7 0.48349587396849214 0.06 0.05326331582895724
1 0.050416666666666665 0.2914478619654914 0.03666666666666667 0.0345086271567892
0 0.6020833333333333 0.010502625656414103 0.03666666666666667 0.021005251312828207
1 0.49833333333333335 0.08139534883720931 0.02666666666666667 0.024006001500375095
1 0.9595833333333333 0.21192798199549887 0.056666666666666664 0.03975993998499625
1 0.9829166666666667 0.16879219804951237 0.034166666666666665 0.06601650412603151
1 0.57875 0.12040510127531882 0.03916666666666667 0.04126031507876969
1 0.7120833333333333 0.5352588147036759 0.04833333333333333 0.029257314328582147
0 0.6241666666666666 0.22955738934733683 0.041666666666666664 0.04951237809452363
0 0.6258333333333334 0.016129032258064516 0.034166666666666665 0.03075768942235559
1 0.06125 0.21530382595648911 0.02666666666666667 0.024006001500375095
