1 0.9379166666666666 0.21642910727681922 0.0175 0.015753938484621154
1 0.18416666666666667 0.5 0.016666666666666666 0.015753938484621154
1 0.16791666666666666 0.4951237809452363 0.02 0.015753938484621154
1 0.84375 0.6327831957989497 0.0225 0.0172543135783946
1 0.17291666666666666 0.5116279069767442 0.016666666666666666 0.015753938484621154
1 0.9379166666666666 0.20367591897974494 0.016666666666666666 0.012003000750187547
1 0.21583333333333332 0.23293323330832708 0.018333333333333333 0.014253563390847712
1 0.9779166666666667 0.23668417104276068 0.0175 0.0172543135783946
1 0.6679166666666667 0.8030757689422355 0.02 0.015003750937734433
1 0.8291666666666667 0.3833458364591148 0.015833333333333335 0.014253563390847712
1 0.20833333333333334 0.24381095273818454 0.0175 0.014253563390847712
1 0.9633333333333334 0.2280570142535634 0.020833333333333332 0.016504126031507877
1 0.24208333333333334 0.5975243810952738 0.015833333333333335 0.01350337584396099
1 0.8729166666666667 0.37696924231057766 0.02 0.01350337584396099
1 0.13875 0.5708927231807952 0.015 0.012753188297074268
1 0.91625 0.3420855213803451 0.018333333333333333 0.014253563390847712
1 0.10791666666666666 0.586271567891973 0.016666666666666666 0.012753188297074268
1 0.23416666666666666 0.23705926481620404 0.018333333333333333 0.014253563390847712
1 0.925 0.1972993248312078 0.0175 0.014253563390847712
1 0.66875 0.8150787696924231 0.0175 0.014253563390847712
1 0.89 0.3480870217554389 0.019166666666666665 0.016504126031507877
1 0.23 0.6260315078769693 0.0175 0.015753938484621154
1 0.8716666666666667 0.38897224306076517 0.019166666666666665 0.016504126031507877
1 0.18208333333333335 0.5438859714928732 0.015833333333333335 0.012753188297074268
1 0.1925 0.5285071267816954 0.016666666666666666 0.014253563390847712
1 0.40625 0.43360840210052515 0.018333333333333333 0.015753938484621154
1 0.21291666666666667 0.595648912228057 0.015 0.012753188297074268
1 0.8275 0.6140285071267817 0.0225 0.01800450112528132
1 0.9195833333333333 0.3852213053263316 0.021666666666666667 0.018754688672168042
1 0.9616666666666667 0.24081020255063765 0.02 0.015753938484621154
1 0.19148333333333334 0.24148537134283568 0.018333333333333333 0.01350337584396099
1 0.8291666666666667 0.39722430607651915 0.016666666666666666 0.015003750937734433
1 0.6841666666666667 0.8192048012003 0.0175 0.014253563390847712
1 0.23666666666666666 0.2516879219804951 0.015833333333333335 0.01350337584396099
1 0.9091666666666667 0.3570892723180795 0.020833333333333332 0.016504126031507877
1 0.21916666666666668 0.5543885971492873 0.015 0.012003000750187547
1 0.224375 0.2693548387096774 0.016025 0.013218304576144037
1 0.23204166666666665 0.26149287321830456 0.013425 0.007599399849962492
1 0.03125 0.4309827456864216 0.0175 0.016504126031507877
1 0.17958333333333334 0.5318829707426856 0.016666666666666666 0.014253563390847712
1 0.6583333333333333 0.8259564891222806 0.0175 0.015753938484621154
1 0.9066666666666666 0.23705926481620404 0.019166666666666665 0.016504126031507877
1 0.8883333333333333 0.3893473368342086 0.018333333333333333 0.01800450112528132
1 0.08708333333333333 0.5645161290322581 0.015833333333333335 0.011252813203300824
1 0.8483333333333334 0.614403600900225 0.019166666666666665 0.015003750937734433
1 0.0825 0.5772693173293323 0.015833333333333335 0.014253563390847712
1 0.9020833333333333 0.3435858964741185 0.014166666666666666 0.01350337584396099
1 0.20291666666666666 0.5832708177044261 0.014166666666666666 0.012753188297074268
0 0.840175 0.3941785446361591 0.011083333333333334 0.010082520630157538
0 0.8373833333333334 0.38675918979744933 0.012558333333333333 0.00967741935483871
0 0.8494833333333334 0.3842085521380345 0.016666666666666666 0.016504126031507877
1 0.11477499999999999 0.597404351087772 0.016666666666666666 0.015003750937734433
1 0.2075 0.5333833458364591 0.014166666666666666 0.015003750937734433
1 0.09625 0.5750187546886721 0.015833333333333335 0.012753188297074268
1 0.90375 0.3934733683420855 0.016666666666666666 0.019504876219054765
1 0.1625 0.5251312828207052 0.0175 0.012753188297074268
1 0.030416666666666668 0.3439609902475619 0.018333333333333333 0.016504126031507877
1 0.6908333333333333 0.8334583645911477 0.0175 0.015753938484621154
1 0.9381666666666666 0.673278319579895 0.012166666666666666 0.014238559639909977
1 0.94625 0.6654163540885222 0.015833333333333335 0.015003750937734433
1 0.23166666666666666 0.5495123780945236 0.015833333333333335 0.01350337584396099
1 0.96375 0.2145536384096024 0.015833333333333335 0.01350337584396099
1 0.22416666666666665 0.2471867966991748 0.014166666666666666 0.012003000750187547
1 0.6545833333333333 0.8184546136534133 0.015 0.015003750937734433
0 0.92 0.2145536384096024 0.018333333333333333 0.015753938484621154
1 0.8295833333333333 0.6301575393848462 0.016666666666666666 0.014253563390847712
1 0.67625 0.8300825206301575 0.018333333333333333 0.016504126031507877
1 0.9520833333333333 0.21642910727681922 0.014166666666666666 0.014253563390847712
0 0.19666666666666666 0.5416354088522131 0.016666666666666666 0.014253563390847712
1 0.30666666666666664 0.3919729932483121 0.016666666666666666 0.015753938484621154
1 0.97125 0.6680420105026257 0.0175 0.015753938484621154
1 0.2970833333333333 0.3833458364591148 0.015833333333333335 0.014253563390847712
1 0.20278333333333334 0.09066766691672919 0.012333333333333333 0.013173293323330832
1 0.21332500000000001 0.08651162790697674 0.013666666666666666 0.01460615153788447
1 0.14716666666666667 0.11733683420855213 0.01705833333333333 0.017179294823705924
1 0.10938333333333333 0.12654163540885222 0.019225 0.01666166541635409
1 0.21635000000000001 0.2799324831207802 0.012708333333333334 0.0154463615903976
1 0.18920833333333334 0.22969242310577645 0.014499999999999999 0.011335333833458364
1 0.36801666666666666 0.6169242310577645 0.01825 0.01627906976744186
1 0.38051666666666667 0.6426706676669167 0.014466666666666666 0.011905476369092272
1 0.38584166666666664 0.6335783945986496 0.013283333333333333 0.010997749437359339
0 0.35194166666666665 0.611867966991748 0.016566666666666667 0.013795948987246813
1 0.3711 0.18475618904726182 0.01755 0.010502625656414103
1 0.09178333333333333 0.9576444111027757 0.021125 0.014561140285071267
1 0.268675 0.9118529632408102 0.013683333333333336 0.015701425356339085
1 0.28178333333333333 0.916841710427607 0.01805 0.013030757689422356
1 0.2809666666666667 0.9025131282820705 0.017191666666666664 0.015281320330082521
1 0.272775 0.8968942235558889 0.011733333333333333 0.015281320330082521
1 0.3045 0.795933983495874 0.016666666666666666 0.015626406601650412
1 0.6801666666666667 0.8449587396849212 0.01535 0.013623405851462865
1 0.79615 0.7146511627906976 0.014308333333333334 0.014388597149287322
1 0.80725 0.7077494373593398 0.014616666666666667 0.012790697674418604
1 0.7883 0.7025206301575394 0.015825 0.014996249062265566
1 0.7856749999999999 0.716219054763691 0.013166666666666667 0.01237059264816204
1 0.8109833333333333 0.6563015753938485 0.0153 0.013593398349587397
1 0.7780416666666666 0.6793623405851463 0.014058333333333334 0.011380345086271568
1 0.8156666666666667 0.6361215303825957 0.014258333333333333 0.01078019504876219
1 0.9127083333333333 0.662205551387847 0.013891666666666668 0.01086271567891973
1 0.9302416666666666 0.6675768942235559 0.010916666666666667 0.013630907726931735
1 0.9528666666666668 0.6783495873968493 0.018625000000000003 0.013113278319579895
1 0.973375 0.6542985746436609 0.018466666666666666 0.014291072768192048
1 0.9848416666666666 0.659887471867967 0.012208333333333333 0.015131282820705177
1 0.9583083333333333 0.6505701425356339 0.016491666666666665 0.011987996999249812
1 0.9596666666666666 0.6140810202550638 0.017116666666666665 0.015033758439609902
1 0.948125 0.6282745686421606 0.018525 0.014801200300075019
1 0.9318833333333333 0.5460240060015004 0.016808333333333335 0.014538634658664666
1 0.8768166666666667 0.49939984996249065 0.016133333333333333 0.016084021005251314
1 0.8679833333333332 0.4900675168792198 0.016708333333333335 0.015236309077269316
1 0.885625 0.4906526631657914 0.011858333333333334 0.012190547636909228
1 0.9190083333333333 0.39995498874718677 0.01665 0.012385596399099776
1 0.9299166666666667 0.41829707426856716 0.017933333333333332 0.01498124531132783
1 0.9329333333333333 0.40630907726931736 0.01755 0.011230307576894224
1 0.9737416666666667 0.3810652663165791 0.014458333333333335 0.015048762190547635
1 0.9609416666666668 0.3751462865716429 0.013883333333333333 0.010720180045011253
1 0.963375 0.3647186796699175 0.016191666666666667 0.01355588897224306
0 0.8431583333333333 0.414688672168042 0.018975 0.015273818454613654
0 0.823975 0.43452363090772694 0.012691666666666667 0.013938484621155288
0 0.8321916666666667 0.43822205551387844 0.013716666666666667 0.014403600900225055
0 0.8347833333333333 0.4260390097524381 0.018266666666666667 0.011980495123780946
1 0.852275 0.48110277569392346 0.011533333333333333 0.012918229557389346
