0 0.5393053016453382 0.04851973684210526 0.026508226691042046 0.022203947368421052
1 0.1860146252285192 0.13486842105263158 0.033820840950639856 0.028782894736842105
1 0.9872029250457038 0.6180098684210527 0.025594149908592323 0.03042763157894737
1 0.2655393053016453 0.38445723684210525 0.029250457038391225 0.027138157894736843
1 0.6357404021937842 0.05345394736842105 0.029250457038391225 0.02631578947368421
1 0.8647166361974405 0.09004934210526316 0.0283363802559415 0.024671052631578948
0 0.4844606946983547 0.30962171052631576 0.031992687385740404 0.02549342105263158
1 0.25182815356489946 0.13075657894736842 0.03016453382084095 0.02549342105263158
1 0.5991773308957953 0.296875 0.031992687385740404 0.027138157894736843
1 0.7609689213893968 0.06578947368421052 0.0283363802559415 0.023848684210526317
1 0.886654478976234 0.10197368421052631 0.027422303473491772 0.023026315789473683
1 0.4529250457038391 0.34868421052631576 0.03656307129798903 0.028782894736842105
1 0.8802559414990859 0.6648848684210527 0.033820840950639856 0.033717105263157895
1 0.2646252285191956 0.4272203947368421 0.03016453382084095 0.02549342105263158
1 0.8839122486288848 0.21792763157894737 0.02102376599634369 0.018092105263157895
1 0.9483546617915904 0.5953947368421053 0.03016453382084095 0.02631578947368421
1 0.4926873857404022 0.09498355263157894 0.033820840950639856 0.03125
1 0.9323583180987203 0.5727796052631579 0.03656307129798903 0.032072368421052634
1 0.8857404021937842 0.07401315789473684 0.02376599634369287 0.02138157894736842
1 0.2961608775137112 0.44819078947368424 0.031992687385740404 0.027960526315789474
1 0.06718464351005485 0.6891447368421053 0.031992687385740404 0.024671052631578948
1 0.286563071297989 0.08634868421052631 0.037477148080438755 0.027960526315789474
1 0.9117915904936015 0.07524671052631579 0.026508226691042046 0.023848684210526317
1 0.5091407678244972 0.35238486842105265 0.033820840950639856 0.029605263157894735
1 0.9277879341864717 0.125 0.03290676416819013 0.027138157894736843
1 0.7303473491773309 0.015213815789473685 0.0283363802559415 0.02631578947368421
1 0.41681901279707495 0.24835526315789475 0.038391224862888484 0.029605263157894735
1 0.39853747714808047 0.18626644736842105 0.03016453382084095 0.023848684210526317
1 0.466636197440585 0.26192434210526316 0.03290676416819013 0.027138157894736843
1 0.9858318098720292 0.530016447368421 0.025594149908592323 0.023848684210526317
1 0.8148994515539305 0.6266447368421053 0.0283363802559415 0.023848684210526317
1 0.06078610603290677 0.47162828947368424 0.03016453382084095 0.027138157894736843
1 0.7170932358318098 0.6040296052631579 0.027422303473491772 0.023848684210526317
1 0.7947897623400365 0.6073190789473685 0.031078610603290677 0.02631578947368421
1 0.9876599634369287 0.026726973684210526 0.024680073126142597 0.02631578947368421
1 0.09963436928702012 0.7129934210526315 0.03473491773308958 0.032072368421052634
1 0.3670018281535649 0.8223684210526315 0.03473491773308958 0.032072368421052634
1 0.32586837294332727 0.829358552631579 0.031992687385740404 0.029605263157894735
1 0.41042047531992687 0.12623355263157895 0.027422303473491772 0.023026315789473683
1 0.9396709323583181 0.4753289473684211 0.027422303473491772 0.02138157894736842
1 0.08957952468007313 0.4810855263157895 0.031078610603290677 0.022203947368421052
1 0.8254113345521024 0.5600328947368421 0.03290676416819013 0.029605263157894735
1 0.4570383912248629 0.8778782894736842 0.03016453382084095 0.027138157894736843
0 0.5415904936014625 0.5526315789473685 0.03930530164533821 0.03700657894736842
1 0.8546617915904936 0.6463815789473685 0.031078610603290677 0.02549342105263158
1 0.8601462522851919 0.6825657894736842 0.0283363802559415 0.024671052631578948
1 0.9328153564899452 0.011513157894736841 0.029250457038391225 0.022203947368421052
0 0.3249542961608775 0.12828947368421054 0.024680073126142597 0.019736842105263157
1 0.9616087751371115 0.5707236842105263 0.0283363802559415 0.02549342105263158
1 0.20338208409506398 0.38116776315789475 0.031992687385740404 0.028782894736842105
1 0.9620658135283364 0.48273026315789475 0.024680073126142597 0.023848684210526317
0 0.4780621572212066 0.2800164473684211 0.027422303473491772 0.023026315789473683
1 0.33638025594149906 0.2894736842105263 0.031078610603290677 0.02549342105263158
0 0.6590493601462523 0.09991776315789473 0.02376599634369287 0.02055921052631579
1 0.06718464351005485 0.5086348684210527 0.031992687385740404 0.03042763157894737
1 0.044789762340036565 0.5 0.03016453382084095 0.029605263157894735
1 0.4373857404021938 0.8943256578947368 0.031078610603290677 0.028782894736842105
1 0.5054844606946983 0.865953947368421 0.03656307129798903 0.032072368421052634
1 0.7518281535648994 0.03042763157894737 0.026508226691042046 0.02138157894736842
1 0.4922303473491773 0.7504111842105263 0.029250457038391225 0.027960526315789474
1 0.31124314442413165 0.8622532894736842 0.027422303473491772 0.022203947368421052
1 0.3802559414990859 0.26973684210526316 0.031078610603290677 0.028782894736842105
1 0.11380255941499086 0.37335526315789475 0.031078610603290677 0.02631578947368421
1 0.9652650822669104 0.02425986842105263 0.024680073126142597 0.024671052631578948
1 0.34506398537477145 0.13898026315789475 0.025594149908592323 0.023026315789473683
0 0.28884826325411334 0.41118421052631576 0.0283363802559415 0.023848684210526317
1 0.420018281535649 0.8618421052631579 0.031078610603290677 0.02631578947368421
1 0.22989031078610603 0.19860197368421054 0.03016453382084095 0.02631578947368421
1 0.6453382084095064 0.03453947368421053 0.022851919561243144 0.018092105263157895
0 0.3793418647166362 0.2471217105263158 0.0283363802559415 0.02138157894736842
1 0.0690127970749543 0.709703947368421 0.031078610603290677 0.028782894736842105
1 0.596892138939671 0.03289473684210526 0.0283363802559415 0.023026315789473683
1 0.20795246800731262 0.018092105263157895 0.025594149908592323 0.022203947368421052
1 0.9488117001828154 0.6225328947368421 0.031078610603290677 0.027960526315789474
1 0.4936014625228519 0.06044407894736842 0.02376599634369287 0.02631578947368421
1 0.5283363802559415 0.8453947368421053 0.031992687385740404 0.02631578947368421
1 0.4689213893967093 0.05180921052631579 0.029250457038391225 0.02549342105263158
1 0.46115173674588666 0.28824013157894735 0.027422303473491772 0.02549342105263158
1 0.8414076782449725 0.6698190789473685 0.031078610603290677 0.027138157894736843
1 0.41316270566727603 0.8873355263157895 0.031078610603290677 0.027960526315789474
1 0.5329067641681902 0.868421052631579 0.03016453382084095 0.028782894736842105
1 0.676416819012797 0.08799342105263158 0.022851919561243144 0.024671052631578948
0 0.5187385740402194 0.38651315789473684 0.027422303473491772 0.02631578947368421
0 0.17915904936014626 0.3918585526315789 0.03016453382084095 0.027138157894736843
1 0.920018281535649 0.5986842105263158 0.03016453382084095 0.02549342105263158
1 0.48948811700182815 0.8248355263157895 0.031992687385740404 0.027960526315789474
1 0.8391224862888482 0.3001644736842105 0.02376599634369287 0.019736842105263157
1 0.8404936014625228 0.625 0.026508226691042046 0.027138157894736843
0 0.3944241316270567 0.027138157894736843 0.0283363802559415 0.02549342105263158
1 0.9250457038391224 0.41570723684210525 0.02376599634369287 0.022203947368421052
0 0.7669104204753199 0.017269736842105265 0.025594149908592323 0.023026315789473683
1 0.9424131627056673 0.03412828947368421 0.0283363802559415 0.02549342105263158
1 0.7778793418647166 0.639391447368421 0.0283363802559415 0.02549342105263158
1 0.23994515539305303 0.025904605263157895 0.027422303473491772 0.02549342105263158
1 0.48948811700182815 0.8490953947368421 0.03016453382084095 0.02631578947368421
0 0.2906764168190128 0.06414473684210527 0.031992687385740404 0.024671052631578948
0 0.3578610603290676 0.12828947368421054 0.02376599634369287 0.019736842105263157
0 0.4419561243144424 0.1118421052631579 0.031078610603290677 0.022203947368421052
1 0.090036563071298 0.5004111842105263 0.027422303473491772 0.024671052631578948
0 0.5813528336380256 0.571546052631579 0.04204753199268738 0.033717105263157895
1 0.9675502742230347 0.6328125 0.024680073126142597 0.027960526315789474
0 0.453382084095064 0.13075657894736842 0.033820840950639856 0.027960526315789474
1 0.8989945155393053 0.21463815789473684 0.019195612431444242 0.018092105263157895
1 0.7947897623400365 0.027138157894736843 0.029250457038391225 0.02138157894736842
1 0.8793418647166362 0.0069901315789473685 0.022851919561243144 0.013980263157894737
1 0.2993601462522852 0.37911184210526316 0.026508226691042046 0.024671052631578948
1 0.9437842778793418 0.5004111842105263 0.02102376599634369 0.018914473684210526
0 0.34095063985374774 0.22574013157894737 0.0283363802559415 0.023026315789473683
0 0.5036563071297989 0.32319078947368424 0.026508226691042046 0.023848684210526317
1 0.6659049360146252 0.05180921052631579 0.0283363802559415 0.02138157894736842
1 0.38711151736745886 0.14925986842105263 0.025594149908592323 0.02138157894736842
0 0.09917733089579525 0.4613486842105263 0.031992687385740404 0.024671052631578948
1 0.8057586837294333 0.6488486842105263 0.026508226691042046 0.024671052631578948
1 0.9917733089579525 0.13856907894736842 0.015539305301645339 0.023026315789473683
1 0.5187385740402194 0.09703947368421052 0.024680073126142597 0.02631578947368421
1 0.6393967093235832 0.0912828947368421 0.02376599634369287 0.023026315789473683
1 0.34277879341864714 0.8133223684210527 0.0283363802559415 0.024671052631578948
1 0.9922303473491774 0.6726973684210527 0.014625228519195612 0.039473684210526314
1 0.42047531992687387 0.03453947368421053 0.029250457038391225 0.029605263157894735
0 0.6782449725776966 0.03289473684210526 0.03016453382084095 0.02631578947368421
1 0.8075868372943327 0.22574013157894737 0.01736745886654479 0.017269736842105265
1 0.6453382084095064 0.16776315789473684 0.021937842778793418 0.02138157894736842
0 0.8094149908592322 0.04276315789473684 0.022851919561243144 0.018914473684210526
0 0.360146252285192 0.27960526315789475 0.03290676416819013 0.028782894736842105
0 0.3290676416819013 0.2668585526315789 0.025594149908592323 0.023848684210526317
1 0.626599634369287 0.08717105263157894 0.022851919561243144 0.02138157894736842
1 0.32586837294332727 0.06620065789473684 0.027422303473491772 0.023848684210526317
0 0.4812614259597806 0.3355263157894737 0.029250457038391225 0.027138157894736843
1 0.9721206581352834 0.5164473684210527 0.02010968921389397 0.02055921052631579
1 0.6663619744058501 0.15953947368421054 0.027422303473491772 0.023026315789473683
0 0.8697440585009141 0.13610197368421054 0.02376599634369287 0.019736842105263157
1 0.5393053016453382 0.32730263157894735 0.027422303473491772 0.02055921052631579
0 0.2883912248628885 0.044407894736842105 0.029250457038391225 0.022203947368421052
1 0.6124314442413162 0.34539473684210525 0.029250457038391225 0.02549342105263158
1 0.22440585009140768 0.12376644736842106 0.024680073126142597 0.02055921052631579
1 0.22714808043875687 0.21258223684210525 0.027422303473491772 0.02055921052631579
1 0.5269652650822669 0.8260690789473685 0.031992687385740404 0.02055921052631579
1 0.8276965265082267 0.6476151315789473 0.025594149908592323 0.02549342105263158
0 0.8615173674588665 0.15296052631578946 0.02010968921389397 0.01644736842105263
0 0.31672760511882997 0.14597039473684212 0.022851919561243144 0.02138157894736842
1 0.30438756855575866 0.8433388157894737 0.03016453382084095 0.022203947368421052
1 0.823126142595978 0.602796052631579 0.029250457038391225 0.027138157894736843
1 0.9638939670932358 0.5320723684210527 0.022851919561243144 0.02055921052631579
0 0.4945155393053016 0.2865953947368421 0.027422303473491772 0.023848684210526317
1 0.34277879341864714 0.8651315789473685 0.03473491773308958 0.029605263157894735
0 0.95018281535649 0.3737664473684211 0.021937842778793418 0.018092105263157895
1 0.4744058500914077 0.38692434210526316 0.02376599634369287 0.023848684210526317
1 0.70018281535649 0.08264802631578948 0.021937842778793418 0.02055921052631579
0 0.30210237659963435 0.8046875 0.02376599634369287 0.02138157894736842
1 0.5955210237659964 0.04810855263157895 0.0283363802559415 0.019736842105263157
1 0.943327239488117 0.6435032894736842 0.029250457038391225 0.02055921052631579
0 0.09369287020109689 0.6920230263157895 0.026508226691042046 0.02055921052631579
0 0.656764168190128 0.08100328947368421 0.02102376599634369 0.018092105263157895
1 0.5159963436928702 0.04851973684210526 0.027422303473491772 0.024671052631578948
0 0.5255941499085923 0.06743421052631579 0.02376599634369287 0.02055921052631579
1 0.993601462522852 0.6463815789473685 0.011882998171846435 0.03453947368421053
0 0.3459780621572212 0.26274671052631576 0.022851919561243144 0.02055921052631579
1 0.44515539305301643 0.3236019736842105 0.026508226691042046 0.027960526315789474
0 0.10648994515539305 0.3569078947368421 0.021937842778793418 0.017269736842105265
1 0.7938756855575868 0.013157894736842105 0.0283363802559415 0.01644736842105263
0 0.4945155393053016 0.3902138157894737 0.025594149908592323 0.027960526315789474
1 0.43555758683729434 0.2944078947368421 0.02376599634369287 0.023026315789473683
0 0.5575868372943327 0.5814144736842105 0.0283363802559415 0.033717105263157895
1 0.23583180987202926 0.11883223684210527 0.0283363802559415 0.022203947368421052
0 0.2984460694698355 0.8240131578947368 0.026508226691042046 0.022203947368421052
0 0.4593235831809872 0.3223684210526316 0.026508226691042046 0.028782894736842105
1 0.6005484460694699 0.04317434210526316 0.03473491773308958 0.023026315789473683
