1 0.6517367458866545 0.985608552631579 0.04021937842778794 0.027960526315789474
1 0.25182815356489946 0.5069901315789473 0.031992687385740404 0.02549342105263158
1 0.5539305301645339 0.5172697368421053 0.031078610603290677 0.027960526315789474
1 0.24223034734917734 0.7298519736842105 0.03290676416819013 0.033717105263157895
1 0.9817184643510055 0.8108552631578947 0.033820840950639856 0.03042763157894737
1 0.6229433272394881 0.813733552631579 0.029250457038391225 0.02631578947368421
1 0.946526508226691 0.8100328947368421 0.03473491773308958 0.033717105263157895
1 0.3743144424131627 0.7212171052631579 0.033820840950639856 0.027138157894736843
1 0.2609689213893967 0.5608552631578947 0.024680073126142597 0.023026315789473683
1 0.5356489945155393 0.5316611842105263 0.03016453382084095 0.02549342105263158
1 0.19012797074954296 0.7611019736842105 0.03016453382084095 0.02631578947368421
1 0.21663619744058502 0.7347861842105263 0.031078610603290677 0.03618421052631579
1 0.7244058500914077 0.6221217105263158 0.026508226691042046 0.023848684210526317
1 0.26279707495429616 0.7273848684210527 0.0283363802559415 0.03042763157894737
1 0.1846435100548446 0.7401315789473685 0.025594149908592323 0.022203947368421052
1 0.7687385740402194 0.5908717105263158 0.03290676416819013 0.02549342105263158
1 0.4922303473491773 0.9140625 0.03290676416819013 0.027138157894736843
1 0.6380255941499086 0.6200657894736842 0.031078610603290677 0.023848684210526317
1 0.7440585009140768 0.6032072368421053 0.0356489945155393 0.027960526315789474
1 0.1969835466179159 0.725328947368421 0.02376599634369287 0.027960526315789474
1 0.716636197440585 0.5995065789473685 0.03016453382084095 0.02631578947368421
1 0.569926873857404 0.7384868421052632 0.025594149908592323 0.024671052631578948
1 0.04981718464351006 0.4588815789473684 0.025594149908592323 0.018914473684210526
1 0.21343692870201098 0.7125822368421053 0.027422303473491772 0.017269736842105265
0 0.9675502742230347 0.7919407894736842 0.025594149908592323 0.023026315789473683
1 0.37248628884826324 0.7578125 0.027422303473491772 0.02055921052631579
1 0.5612431444241316 0.8231907894736842 0.02376599634369287 0.02138157894736842
1 0.9794332723948812 0.75 0.026508226691042046 0.023848684210526317
