1 0.595 0.8570892723180795 0.0525 0.04951237809452363
0 0.9270833333333334 0.33983495873968494 0.03833333333333333 0.03600900225056264
1 0.865 0.37396849212303074 0.04833333333333333 0.05101275318829707
0 0.895 0.3394598649662416 0.03333333333333333 0.029257314328582147
0 0.9004166666666666 0.3754688672168042 0.0325 0.03150787696924231
1 0.39791666666666664 0.12115528882220555 0.04 0.03675918979744936
1 0.38333333333333336 0.02738184546136534 0.0525 0.04351087771942986
0 0.57375 0.8810952738184546 0.03333333333333333 0.0277569392348087
1 0.89875 0.09414853713428357 0.04666666666666667 0.04351087771942986
0 0.935 0.37884471117779445 0.04083333333333333 0.03825956489122281
0 0.7369916666666666 0.1485596399099775 0.019883333333333333 0.02846211552888222
0 0.761425 0.1461140285071268 0.028825000000000003 0.029662415603900975
0 0.8843583333333334 0.4173368342085521 0.034916666666666665 0.03201050262565642
0 0.9054166666666666 0.4013503375843961 0.025833333333333333 0.02250562640660165
0 0.7445166666666666 0.1263615903975994 0.025725 0.02417854463615904
0 0.5635833333333333 0.8515978994748687 0.031133333333333332 0.03587396849212303
