1 0.02875 0.9193548387096774 0.056666666666666664 0.05251312828207052
1 0.013333333333333334 0.7179294823705926 0.02666666666666667 0.04426106526631658
1 0.8031666666666666 0.21937734433608402 0.04700833333333333 0.033863465866466616
1 0.01125 0.8120780195048762 0.0225 0.04876219054763691
0 0.8320833333333333 0.24456114028507125 0.043333333333333335 0.035258814703675916
1 0.28875 0.5288822205551388 0.05 0.04426106526631658
0 0.7906 0.3161065266316579 0.031950000000000006 0.02261065266316579
0 0.7979166666666667 0.2933233308327082 0.035 0.029257314328582147
0 0.7958333333333333 0.25731432858214554 0.03833333333333333 0.03675918979744936
1 0.21375 0.5547636909227307 0.0575 0.05476369092273068
0 0.26 0.6991747936984246 0.03833333333333333 0.03075768942235559
1 0.45875 0.694298574643661 0.04833333333333333 0.037509377344336084
1 0.505 0.6980495123780945 0.04083333333333333 0.03825956489122281
1 0.9333333333333333 0.5431357839459865 0.0575 0.047261815453863466
0 0.22666666666666666 0.6807951987997 0.045 0.03900975243810953
1 0.26666666666666666 0.5761440360090022 0.058333333333333334 0.05251312828207052
1 0.24208333333333334 0.5213803450862715 0.05333333333333334 0.04576144036009002
0 0.48083333333333333 0.7134283570892723 0.028333333333333332 0.02625656414103526
1 0.65 0.48799699924981244 0.035 0.029257314328582147
1 0.8479166666666667 0.2220555138784696 0.0475 0.04276069017254314
0 0.7618833333333334 0.31382595648912226 0.025158333333333335 0.02805701425356339
0 0.7695833333333333 0.2978244561140285 0.0275 0.0277569392348087
0 0.26708333333333334 0.667291822955739 0.050833333333333335 0.03825956489122281
1 0.815 0.32895723930982745 0.025 0.035258814703675916
1 0.6745833333333333 0.46324081020255065 0.041666666666666664 0.03375843960990248
1 0.20791666666666667 0.59152288072018 0.0475 0.046511627906976744
0 0.012083333333333333 0.7854463615903976 0.024166666666666666 0.02700675168792198
1 0.3104166666666667 0.5750187546886721 0.03916666666666667 0.060765191297824456
0 0.22541666666666665 0.6444111027756939 0.04833333333333333 0.03900975243810953
1 0.2625 0.6076519129782446 0.06833333333333333 0.04051012753188297
1 0.29688333333333333 0.5025131282820705 0.05456666666666667 0.04853713428357089
0 0.2704166666666667 0.6354088522130532 0.04583333333333333 0.03225806451612903
1 0.7791666666666667 0.24006001500375093 0.030833333333333334 0.03375843960990248
1 0.9787250000000001 0.5244936234058515 0.04255833333333334 0.044621155288822205
1 0.9796499999999999 0.564351087771943 0.0407 0.034276069017254315
1 0.9375833333333332 0.5873143285821455 0.049216666666666666 0.039047261815453864
0 0.7736833333333333 0.2789722430607652 0.030225000000000002 0.028402100525131282
