1 0.273308957952468 0.5476973684210527 0.03930530164533821 0.03782894736842105
1 0.2573126142595978 0.594983552631579 0.04204753199268738 0.03289473684210526
1 0.018738574040219377 0.6599506578947368 0.0283363802559415 0.032072368421052634
1 0.05987202925045704 0.6385690789473685 0.03473491773308958 0.027138157894736843
1 0.9721206581352834 0.5777138157894737 0.03016453382084095 0.02631578947368421
1 0.5228519195612431 0.7393092105263158 0.026508226691042046 0.02138157894736842
1 0.49725776965265084 0.7002467105263158 0.031078610603290677 0.027138157894736843
1 0.03976234003656307 0.6533717105263158 0.025594149908592323 0.02631578947368421
1 0.7737659963436929 0.7372532894736842 0.024680073126142597 0.023026315789473683
1 0.7723948811700183 0.891858552631579 0.027422303473491772 0.023026315789473683
1 0.5009140767824497 0.7351973684210527 0.026508226691042046 0.02549342105263158
1 0.04021937842778794 0.678453947368421 0.03473491773308958 0.029605263157894735
1 0.6389396709323584 0.5904605263157895 0.02102376599634369 0.018914473684210526
1 0.06855575868372943 0.709703947368421 0.03473491773308958 0.028782894736842105
1 0.6279707495429616 0.7035361842105263 0.025594149908592323 0.022203947368421052
1 0.06489945155393052 0.6842105263157895 0.03290676416819013 0.029605263157894735
1 0.783363802559415 0.9070723684210527 0.027422303473491772 0.023848684210526317
1 0.5009140767824497 0.7639802631578947 0.026508226691042046 0.023026315789473683
1 0.5813528336380256 0.7771381578947368 0.024680073126142597 0.024671052631578948
1 0.8656307129798904 0.6303453947368421 0.031078610603290677 0.028782894736842105
1 0.4990859232175503 0.8108552631578947 0.0283363802559415 0.027138157894736843
1 0.0283363802559415 0.6994243421052632 0.0283363802559415 0.023026315789473683
1 0.526508226691042 0.7569901315789473 0.031078610603290677 0.02549342105263158
0 0.4602376599634369 0.7791940789473685 0.024680073126142597 0.02138157894736842
1 0.46755027422303475 0.7972861842105263 0.02376599634369287 0.02138157894736842
0 0.22212065813528337 0.555921052631579 0.031078610603290677 0.027960526315789474
1 0.06672760511882998 0.6661184210526315 0.0283363802559415 0.017269736842105265
1 0.08318098720292505 0.688733552631579 0.021937842778793418 0.02631578947368421
1 0.7778793418647166 0.7701480263157895 0.025594149908592323 0.023848684210526317
0 0.5274223034734917 0.7569901315789473 0.03016453382084095 0.023848684210526317
