1 0.6046617915904936 0.8067434210526315 0.033820840950639856 0.023848684210526317
1 0.04021937842778794 0.8240131578947368 0.031992687385740404 0.027138157894736843
1 0.11928702010968921 0.8573190789473685 0.031992687385740404 0.027960526315789474
1 0.08683729433272395 0.8141447368421053 0.0356489945155393 0.03125
1 0.6046617915904936 0.8277138157894737 0.033820840950639856 0.024671052631578948
1 0.48080438756855576 0.6837993421052632 0.033820840950639856 0.028782894736842105
1 0.27056672760511885 0.4206414473684211 0.027422303473491772 0.02631578947368421
1 0.08135283363802559 0.8745888157894737 0.03016453382084095 0.02631578947368421
1 0.23308957952468007 0.766858552631579 0.022851919561243144 0.024671052631578948
1 0.23857404021937842 0.7495888157894737 0.021937842778793418 0.018914473684210526
