0 0.6128884826325411 0.6907894736842105 0.022851919561243144 0.019736842105263157
1 0.25411334552102377 0.8754111842105263 0.04753199268738574 0.04358552631578947
1 0.14076782449725778 0.6060855263157895 0.033820840950639856 0.03125
1 0.10009140767824497 0.25164473684210525 0.04113345521023766 0.03700657894736842
1 0.14213893967093236 0.26850328947368424 0.038391224862888484 0.03536184210526316
1 0.9021937842778793 0.3112664473684211 0.03016453382084095 0.02631578947368421
1 0.6439670932358318 0.7269736842105263 0.03473491773308958 0.03125
1 0.08135283363802559 0.2754934210526316 0.03473491773308958 0.033717105263157895
1 0.6320840950639853 0.8022203947368421 0.031992687385740404 0.024671052631578948
1 0.3482632541133455 0.4987664473684211 0.02376599634369287 0.02055921052631579
1 0.9131627056672761 0.47820723684210525 0.033820840950639856 0.028782894736842105
1 0.2554844606946984 0.7726151315789473 0.04204753199268738 0.03289473684210526
1 0.13619744058500913 0.23601973684210525 0.03656307129798903 0.03536184210526316
0 0.2979890310786106 0.026726973684210526 0.031078610603290677 0.03042763157894737
1 0.3907678244972578 0.5135690789473685 0.03016453382084095 0.03536184210526316
1 0.573583180987203 0.6986019736842105 0.025594149908592323 0.027138157894736843
0 0.5973491773308958 0.7092927631578947 0.0283363802559415 0.02631578947368421
1 0.8871115173674589 0.9144736842105263 0.027422303473491772 0.024671052631578948
1 0.7111517367458866 0.9239309210526315 0.033820840950639856 0.028782894736842105
1 0.2006398537477148 0.9288651315789473 0.04021937842778794 0.03782894736842105
1 0.5914076782449725 0.6143092105263158 0.019195612431444242 0.02138157894736842
1 0.21617915904936014 0.891858552631579 0.044789762340036565 0.03700657894736842
1 0.24040219378427788 0.05098684210526316 0.04021937842778794 0.033717105263157895
1 0.6951553930530164 0.7072368421052632 0.029250457038391225 0.027960526315789474
1 0.3414076782449726 0.8231907894736842 0.0283363802559415 0.02549342105263158
0 0.12202925045703839 0.5736019736842105 0.025594149908592323 0.02138157894736842
0 0.21206581352833637 0.8495065789473685 0.038391224862888484 0.03289473684210526
1 0.8185557586837294 0.8207236842105263 0.0283363802559415 0.02549342105263158
1 0.1170018281535649 0.9083059210526315 0.050274223034734916 0.04851973684210526
1 0.08226691042047532 0.6097861842105263 0.033820840950639856 0.03289473684210526
1 0.41590493601462525 0.5094572368421053 0.025594149908592323 0.02631578947368421
1 0.9108775137111518 0.8453947368421053 0.031078610603290677 0.02549342105263158
0 0.31992687385740404 0.06126644736842105 0.026508226691042046 0.024671052631578948
1 0.3075868372943327 0.5250822368421053 0.0283363802559415 0.03125
0 0.6521937842778793 0.6796875 0.02010968921389397 0.019736842105263157
1 0.33409506398537475 0.522203947368421 0.038391224862888484 0.038651315789473686
1 0.8162705667276051 0.7467105263157895 0.031992687385740404 0.02631578947368421
1 0.260054844606947 0.8001644736842105 0.04296160877513711 0.028782894736842105
1 0.7193784277879341 0.6476151315789473 0.02376599634369287 0.019736842105263157
0 0.10968921389396709 0.5912828947368421 0.0283363802559415 0.02055921052631579
0 0.22760511882998172 0.7541118421052632 0.026508226691042046 0.02631578947368421
1 0.6704753199268738 0.7035361842105263 0.025594149908592323 0.02549342105263158
1 0.5009140767824497 0.7039473684210527 0.02376599634369287 0.023026315789473683
1 0.48308957952468007 0.6936677631578947 0.02102376599634369 0.014802631578947368
0 0.6010054844606947 0.6735197368421053 0.025594149908592323 0.02055921052631579
1 0.7769652650822669 0.8630756578947368 0.01736745886654479 0.01644736842105263
1 0.3226691042047532 0.4946546052631579 0.0283363802559415 0.023848684210526317
1 0.25502742230347347 0.0727796052631579 0.03290676416819013 0.027138157894736843
0 0.4584095063985375 0.859375 0.022851919561243144 0.018092105263157895
1 0.2020109689213894 0.7158717105263158 0.03656307129798903 0.03536184210526316
0 0.6480804387568556 0.7014802631578947 0.024680073126142597 0.023026315789473683
1 0.36380255941499084 0.5205592105263158 0.026508226691042046 0.028782894736842105
1 0.2874771480804388 0.08100328947368421 0.033820840950639856 0.027138157894736843
0 0.7367458866544789 0.6710526315789473 0.02376599634369287 0.02055921052631579
0 0.14625228519195613 0.8889802631578947 0.037477148080438755 0.038651315789473686
0 0.09552102376599635 0.5764802631578947 0.0283363802559415 0.023848684210526317
1 0.16224862888482633 0.9268092105263158 0.038391224862888484 0.03700657894736842
1 0.5105118829981719 0.6648848684210527 0.022851919561243144 0.019736842105263157
0 0.38939670932358317 0.7138157894736842 0.02102376599634369 0.019736842105263157
1 0.8628884826325411 0.7319078947368421 0.027422303473491772 0.02549342105263158
0 0.3647166361974406 0.7611019736842105 0.02376599634369287 0.02138157894736842
1 0.4780621572212066 0.7055921052631579 0.024680073126142597 0.019736842105263157
0 0.2943327239488117 0.05592105263157895 0.026508226691042046 0.023848684210526317
1 0.6910420475319927 0.6467927631578947 0.02376599634369287 0.02055921052631579
1 0.5406764168190128 0.6303453947368421 0.02102376599634369 0.018914473684210526
0 0.2861060329067642 0.8515625 0.02376599634369287 0.02138157894736842
1 0.8446069469835467 0.7376644736842105 0.029250457038391225 0.027138157894736843
0 0.8404936014625228 0.7150493421052632 0.0283363802559415 0.023026315789473683
1 0.24908592321755027 0.6998355263157895 0.024680073126142597 0.024671052631578948
0 0.6224862888482633 0.6603618421052632 0.024680073126142597 0.019736842105263157
0 0.5749542961608776 0.6114309210526315 0.019195612431444242 0.018092105263157895
0 0.32678244972577697 0.25945723684210525 0.02376599634369287 0.019736842105263157
1 0.6837294332723949 0.6673519736842105 0.021937842778793418 0.014802631578947368
0 0.38619744058500916 0.7709703947368421 0.02376599634369287 0.02138157894736842
0 0.6439670932358318 0.6607730263157895 0.022851919561243144 0.019736842105263157
0 0.8144424131627057 0.7228618421052632 0.0283363802559415 0.023026315789473683
0 0.3153564899451554 0.7660361842105263 0.031078610603290677 0.028782894736842105
0 0.3327239488117002 0.7495888157894737 0.024680073126142597 0.02138157894736842
1 0.7015539305301646 0.6780427631578947 0.02010968921389397 0.02138157894736842
1 0.4670932358318099 0.9905427631578947 0.029250457038391225 0.018914473684210526
0 0.39716636197440586 0.7520559210526315 0.02376599634369287 0.023026315789473683
1 0.5306215722120659 0.9342105263157895 0.025594149908592323 0.023026315789473683
1 0.22623400365630714 0.7014802631578947 0.031078610603290677 0.028782894736842105
0 0.2390310786106033 0.7269736842105263 0.033820840950639856 0.02549342105263158
0 0.6608775137111518 0.6669407894736842 0.018281535648994516 0.013980263157894737
1 0.4936014625228519 0.6870888157894737 0.018281535648994516 0.014802631578947368
1 0.8706581352833638 0.9041940789473685 0.022851919561243144 0.018914473684210526
0 0.25045703839122485 0.7413651315789473 0.031992687385740404 0.024671052631578948
0 0.7920475319926874 0.8569078947368421 0.01736745886654479 0.01644736842105263
1 0.23446069469835465 0.03330592105263158 0.031992687385740404 0.024671052631578948
0 0.35648994515539306 0.7421875 0.022851919561243144 0.02055921052631579
0 0.7394881170018281 0.6541940789473685 0.021937842778793418 0.015625
1 0.8829981718464351 0.7948190789473685 0.026508226691042046 0.024671052631578948
0 0.10557586837294333 0.6110197368421053 0.02376599634369287 0.02138157894736842
0 0.5004570383912249 0.8947368421052632 0.02010968921389397 0.017269736842105265
1 0.8523765996343693 0.7582236842105263 0.031078610603290677 0.02549342105263158
0 0.35191956124314444 0.717516447368421 0.02010968921389397 0.017269736842105265
1 0.6851005484460695 0.6854440789473685 0.025594149908592323 0.024671052631578948
0 0.1882998171846435 0.8675986842105263 0.029250457038391225 0.029605263157894735
0 0.2586837294332724 0.9029605263157895 0.04204753199268738 0.03125
0 0.5516453382084096 0.6134868421052632 0.018281535648994516 0.015625
1 0.07815356489945155 0.46381578947368424 0.02376599634369287 0.018914473684210526
0 0.629798903107861 0.6788651315789473 0.026508226691042046 0.023026315789473683
0 0.11151736745886655 0.2767269736842105 0.027422303473491772 0.02631578947368421
0 0.5155393053016454 0.6484375 0.018281535648994516 0.01644736842105263
0 0.8240402193784278 0.9202302631578947 0.0283363802559415 0.022203947368421052
1 0.7829067641681902 0.8297697368421053 0.0283363802559415 0.02055921052631579
0 0.37751371115173676 0.7442434210526315 0.021937842778793418 0.018914473684210526
0 0.4977148080438757 0.6521381578947368 0.02010968921389397 0.018092105263157895
0 0.8546617915904936 0.8552631578947368 0.021937842778793418 0.018092105263157895
1 0.649908592321755 0.8227796052631579 0.025594149908592323 0.024671052631578948
0 0.3171846435100548 0.8310032894736842 0.029250457038391225 0.029605263157894735
0 0.70018281535649 0.6521381578947368 0.018281535648994516 0.015625
0 0.4520109689213894 0.876233552631579 0.02102376599634369 0.017269736842105265
1 0.3702010968921389 0.4954769736842105 0.024680073126142597 0.022203947368421052
0 0.6489945155393053 0.7759046052631579 0.02010968921389397 0.014802631578947368
0 0.34963436928702013 0.7002467105263158 0.02376599634369287 0.02055921052631579
0 0.620201096892139 0.7084703947368421 0.02102376599634369 0.019736842105263157
1 0.7303473491773309 0.921875 0.021937842778793418 0.027138157894736843
0 0.8089579524680073 0.865953947368421 0.022851919561243144 0.018914473684210526
0 0.18327239488117003 0.8976151315789473 0.031078610603290677 0.032072368421052634
1 0.8455210237659964 0.805921052631579 0.02376599634369287 0.02055921052631579
0 0.5936928702010968 0.6916118421052632 0.02102376599634369 0.01644736842105263
1 0.25822669104204754 0.9243421052631579 0.022851919561243144 0.019736842105263157
0 0.49405850091407677 0.9120065789473685 0.021937842778793418 0.018914473684210526
1 0.553473491773309 0.6410361842105263 0.018281535648994516 0.02055921052631579
0 0.16819012797074953 0.8745888157894737 0.02102376599634369 0.023848684210526317
