1 0.8670018281535649 0.06044407894736842 0.03656307129798903 0.03042763157894737
1 0.8117001828153565 0.3470394736842105 0.04204753199268738 0.032072368421052634
1 0.9044789762340036 0.13486842105263158 0.04204753199268738 0.03618421052631579
1 0.6869287020109689 0.06743421052631579 0.03290676416819013 0.027960526315789474
1 0.3523765996343693 0.5337171052631579 0.0356489945155393 0.027138157894736843
1 0.21160877513711152 0.6188322368421053 0.05393053016453382 0.04276315789473684
1 0.6110603290676416 0.10032894736842106 0.0283363802559415 0.024671052631578948
1 0.8729433272394881 0.10074013157894737 0.04021937842778794 0.033717105263157895
1 0.7938756855575868 0.29975328947368424 0.04296160877513711 0.03289473684210526
1 0.7870201096892139 0.5571546052631579 0.04570383912248629 0.03453947368421053
0 0.8185557586837294 0.44695723684210525 0.03290676416819013 0.02631578947368421
1 0.5521023765996343 0.49054276315789475 0.03290676416819013 0.024671052631578948
1 0.06627056672760512 0.5394736842105263 0.04113345521023766 0.029605263157894735
1 0.8491773308957953 0.0859375 0.03656307129798903 0.02631578947368421
1 0.7600548446069469 0.509046052631579 0.04021937842778794 0.03782894736842105
1 0.8158135283363802 0.5176809210526315 0.03930530164533821 0.038651315789473686
1 0.6860146252285192 0.4527138157894737 0.031992687385740404 0.029605263157894735
1 0.3217550274223035 0.5571546052631579 0.037477148080438755 0.027138157894736843
1 0.33226691042047535 0.5189144736842105 0.033820840950639856 0.02631578947368421
1 0.7883912248628885 0.5160361842105263 0.033820840950639856 0.038651315789473686
1 0.8816270566727605 0.16077302631578946 0.04113345521023766 0.027960526315789474
1 0.14213893967093236 0.022203947368421052 0.03656307129798903 0.03289473684210526
1 0.520109689213894 0.3618421052631579 0.03473491773308958 0.02549342105263158
1 0.7271480804387569 0.5102796052631579 0.03656307129798903 0.03536184210526316
1 0.44424131627056673 0.016858552631578948 0.03016453382084095 0.027138157894736843
1 0.7084095063985375 0.0834703947368421 0.03290676416819013 0.027138157894736843
1 0.47074954296160876 0.02261513157894737 0.03016453382084095 0.02631578947368421
1 0.7568555758683729 0.03412828947368421 0.03290676416819013 0.027138157894736843
1 0.226691042047532 0.545641447368421 0.03473491773308958 0.024671052631578948
1 0.6398537477148081 0.32976973684210525 0.03290676416819013 0.03125
1 0.16681901279707495 0.015625 0.03473491773308958 0.03042763157894737
1 0.6860146252285192 0.4921875 0.031078610603290677 0.027138157894736843
1 0.1156307129798903 0.044407894736842105 0.04204753199268738 0.032072368421052634
1 0.9085923217550275 0.09950657894736842 0.0356489945155393 0.03289473684210526
1 0.29341864716636196 0.4564144736842105 0.03656307129798903 0.029605263157894735
1 0.047989031078610606 0.5645559210526315 0.033820840950639856 0.024671052631578948
1 0.8651736745886655 0.1377467105263158 0.03930530164533821 0.033717105263157895
1 0.09597806215722121 0.030016447368421052 0.03930530164533821 0.032072368421052634
0 0.7870201096892139 0.4477796052631579 0.031992687385740404 0.027960526315789474
1 0.3327239488117002 0.45024671052631576 0.026508226691042046 0.023848684210526317
1 0.2070383912248629 0.052220394736842105 0.03290676416819013 0.027960526315789474
1 0.9419561243144424 0.8277138157894737 0.031078610603290677 0.029605263157894735
1 0.23811700182815357 0.02549342105263158 0.031992687385740404 0.023848684210526317
1 0.9849177330895795 0.8318256578947368 0.03016453382084095 0.028782894736842105
1 0.659963436928702 0.4597039473684211 0.0283363802559415 0.027960526315789474
1 0.0370201096892139 0.5875822368421053 0.043875685557586835 0.027960526315789474
1 0.07998171846435101 0.5616776315789473 0.03016453382084095 0.028782894736842105
1 0.9291590493601463 0.08429276315789473 0.03290676416819013 0.029605263157894735
1 0.48491773308957953 0.16776315789473684 0.024680073126142597 0.023026315789473683
1 0.7399451553930531 0.07236842105263158 0.038391224862888484 0.03289473684210526
0 0.5415904936014625 0.40337171052631576 0.021937842778793418 0.018914473684210526
1 0.823126142595978 0.5509868421052632 0.04021937842778794 0.03536184210526316
1 0.15722120658135283 0.04481907894736842 0.04204753199268738 0.03125
1 0.1910420475319927 0.5337171052631579 0.03473491773308958 0.027960526315789474
1 0.09780621572212066 0.4037828947368421 0.038391224862888484 0.03125
0 0.4616087751371115 0.1689967105263158 0.027422303473491772 0.023848684210526317
1 0.21846435100548445 0.014391447368421052 0.0283363802559415 0.02631578947368421
1 0.5338208409506399 0.5094572368421053 0.031078610603290677 0.023848684210526317
1 0.18510054844606946 0.5682565789473685 0.038391224862888484 0.024671052631578948
0 0.7865630712979891 0.3326480263157895 0.031078610603290677 0.02631578947368421
1 0.16042047531992687 0.5357730263157895 0.031992687385740404 0.02631578947368421
0 0.4625228519195612 0.4457236842105263 0.02376599634369287 0.02055921052631579
1 0.7084095063985375 0.4440789473684211 0.027422303473491772 0.02549342105263158
1 0.5607861060329068 0.11348684210526316 0.02376599634369287 0.019736842105263157
1 0.4625228519195612 0.30879934210526316 0.031078610603290677 0.024671052631578948
1 0.670018281535649 0.3248355263157895 0.031078610603290677 0.027960526315789474
1 0.726691042047532 0.13898026315789475 0.03016453382084095 0.02631578947368421
1 0.010968921389396709 0.041529605263157895 0.021937842778793418 0.024671052631578948
0 0.8459780621572212 0.03289473684210526 0.031992687385740404 0.02631578947368421
1 0.7481718464351006 0.5727796052631579 0.03656307129798903 0.03536184210526316
1 0.17047531992687387 0.6122532894736842 0.04113345521023766 0.03289473684210526
1 0.9872029250457038 0.12664473684210525 0.025594149908592323 0.02549342105263158
1 0.6343692870201096 0.01069078947368421 0.0356489945155393 0.02138157894736842
1 0.9698354661791591 0.8170230263157895 0.029250457038391225 0.02549342105263158
0 0.8062157221206582 0.4272203947368421 0.03656307129798903 0.024671052631578948
0 0.8377513711151737 0.06332236842105263 0.029250457038391225 0.02549342105263158
1 0.6393967093235832 0.5160361842105263 0.03016453382084095 0.023026315789473683
1 0.613345521023766 0.33305921052631576 0.024680073126142597 0.029605263157894735
1 0.6174588665447898 0.05962171052631579 0.026508226691042046 0.022203947368421052
1 0.44012797074954296 0.15830592105263158 0.026508226691042046 0.022203947368421052
1 0.113345521023766 0.5407072368421053 0.029250457038391225 0.022203947368421052
1 0.36380255941499084 0.5164473684210527 0.03290676416819013 0.023026315789473683
1 0.24680073126142596 0.004934210526315789 0.031078610603290677 0.009868421052631578
0 0.5936928702010968 0.33100328947368424 0.026508226691042046 0.023026315789473683
0 0.5904936014625228 0.35238486842105265 0.0283363802559415 0.023026315789473683
1 0.779707495429616 0.5801809210526315 0.03930530164533821 0.02549342105263158
1 0.3569469835466179 0.5522203947368421 0.03656307129798903 0.023026315789473683
0 0.8263254113345521 0.3215460526315789 0.033820840950639856 0.02631578947368421
1 0.5648994515539305 0.14802631578947367 0.021937842778793418 0.022203947368421052
0 0.5653564899451554 0.34786184210526316 0.0283363802559415 0.023848684210526317
0 0.5146252285191956 0.4185855263157895 0.02010968921389397 0.018092105263157895
1 0.909963436928702 0.5526315789473685 0.031078610603290677 0.027138157894736843
1 0.4319012797074954 0.14268092105263158 0.03016453382084095 0.023848684210526317
0 0.5941499085923218 0.0805921052631579 0.027422303473491772 0.023026315789473683
1 0.8249542961608776 0.13898026315789475 0.027422303473491772 0.03042763157894737
1 0.31672760511882997 0.5320723684210527 0.03016453382084095 0.029605263157894735
1 0.34552102376599636 0.4629934210526316 0.033820840950639856 0.024671052631578948
1 0.2829067641681901 0.3458059210526316 0.021937842778793418 0.019736842105263157
0 0.3473491773308958 0.15871710526315788 0.029250457038391225 0.024671052631578948
1 0.5351919561243145 0.42269736842105265 0.027422303473491772 0.02138157894736842
1 0.04250457038391225 0.4662828947368421 0.037477148080438755 0.027960526315789474
1 0.47760511882998175 0.14967105263157895 0.03016453382084095 0.023026315789473683
1 0.4990859232175503 0.3326480263157895 0.029250457038391225 0.022203947368421052
1 0.8459780621572212 0.34868421052631576 0.024680073126142597 0.022203947368421052
1 0.7184643510054844 0.46011513157894735 0.025594149908592323 0.02138157894736842
1 0.6476234003656307 0.08182565789473684 0.022851919561243144 0.018914473684210526
1 0.7554844606946983 0.05797697368421053 0.031078610603290677 0.023848684210526317
1 0.8455210237659964 0.11924342105263158 0.031992687385740404 0.028782894736842105
1 0.6640767824497258 0.062088815789473686 0.026508226691042046 0.024671052631578948
1 0.42138939670932357 0.15953947368421054 0.021937842778793418 0.02138157894736842
1 0.3126142595978062 0.006578947368421052 0.027422303473491772 0.013157894736842105
1 0.6037477148080439 0.006578947368421052 0.04296160877513711 0.013157894736842105
1 0.9872029250457038 0.25699013157894735 0.025594149908592323 0.03125
1 0.18875685557586838 0.04975328947368421 0.027422303473491772 0.024671052631578948
0 0.9844606946983546 0.20559210526315788 0.026508226691042046 0.02549342105263158
1 0.7262340036563071 0.09868421052631579 0.037477148080438755 0.023848684210526317
1 0.22394881170018283 0.5102796052631579 0.027422303473491772 0.022203947368421052
0 0.7527422303473492 0.43133223684210525 0.031078610603290677 0.02631578947368421
1 0.5013711151736746 0.061677631578947366 0.0283363802559415 0.019736842105263157
1 0.5639853747714808 0.5250822368421053 0.02010968921389397 0.014802631578947368
0 0.5489031078610603 0.1377467105263158 0.022851919561243144 0.018914473684210526
0 0.6727605118829981 0.3022203947368421 0.029250457038391225 0.023026315789473683
1 0.9049360146252285 0.07236842105263158 0.0356489945155393 0.027138157894736843
0 0.48308957952468007 0.453125 0.025594149908592323 0.022203947368421052
1 0.17093235831809872 0.5205592105263158 0.037477148080438755 0.019736842105263157
1 0.7074954296160878 0.1377467105263158 0.019195612431444242 0.018092105263157895
1 0.05393053016453382 0.10238486842105263 0.029250457038391225 0.02138157894736842
1 0.5059414990859232 0.05016447368421053 0.027422303473491772 0.018914473684210526
1 0.18372943327239488 0.2870065789473684 0.024680073126142597 0.014802631578947368
1 0.18647166361974407 0.0069901315789473685 0.03016453382084095 0.013980263157894737
0 0.7591407678244972 0.4251644736842105 0.027422303473491772 0.019736842105263157
1 0.10054844606946983 0.005756578947368421 0.04204753199268738 0.011513157894736841
