1 0.9634369287020109 0.5888157894736842 0.037477148080438755 0.028782894736842105
1 0.6320840950639853 0.24095394736842105 0.029250457038391225 0.02631578947368421
1 0.8784277879341865 0.42680921052631576 0.029250457038391225 0.023848684210526317
1 0.07769652650822668 0.8379934210526315 0.031078610603290677 0.029605263157894735
1 0.7230347349177331 0.30098684210526316 0.03016453382084095 0.028782894736842105
1 0.012797074954296161 0.8889802631578947 0.025594149908592323 0.02631578947368421
1 0.9867458866544789 0.6611842105263158 0.025594149908592323 0.02549342105263158
1 0.743601462522852 0.46463815789473684 0.029250457038391225 0.023026315789473683
1 0.8944241316270567 0.9847861842105263 0.027422303473491772 0.023026315789473683
1 0.09872029250457039 0.8182565789473685 0.0283363802559415 0.02549342105263158
1 0.7079524680073126 0.7664473684210527 0.031078610603290677 0.027138157894736843
1 0.8537477148080439 0.4161184210526316 0.031078610603290677 0.03042763157894737
1 0.6380255941499086 0.9810855263157895 0.031078610603290677 0.027960526315789474
1 0.027879341864716637 0.4864309210526316 0.031992687385740404 0.028782894736842105
1 0.17641681901279707 0.9683388157894737 0.0283363802559415 0.02631578947368421
1 0.4373857404021938 0.8939144736842105 0.029250457038391225 0.028782894736842105
1 0.5690127970749543 0.8992598684210527 0.026508226691042046 0.023848684210526317
1 0.8761425959780622 0.9749177631578947 0.024680073126142597 0.02138157894736842
1 0.7801645338208409 0.6122532894736842 0.022851919561243144 0.02138157894736842
1 0.4739488117001828 0.8622532894736842 0.029250457038391225 0.027138157894736843
1 0.8391224862888482 0.9013157894736842 0.024680073126142597 0.024671052631578948
1 0.09734917733089579 0.8852796052631579 0.029250457038391225 0.02549342105263158
1 0.8679159049360147 0.6595394736842105 0.03016453382084095 0.023848684210526317
1 0.7394881170018281 0.37582236842105265 0.029250457038391225 0.023848684210526317
1 0.3907678244972578 0.7750822368421053 0.021937842778793418 0.02055921052631579
1 0.8094149908592322 0.40254934210526316 0.027422303473491772 0.023848684210526317
1 0.13208409506398539 0.8898026315789473 0.029250457038391225 0.02549342105263158
1 0.5539305301645339 0.912828947368421 0.026508226691042046 0.023848684210526317
1 0.9405850091407678 0.3129111842105263 0.022851919561243144 0.023026315789473683
1 0.38848263254113347 0.9354440789473685 0.031078610603290677 0.024671052631578948
1 0.6686471663619744 0.5411184210526315 0.0283363802559415 0.024671052631578948
1 0.926873857404022 0.5777138157894737 0.03290676416819013 0.03042763157894737
1 0.6485374771480804 0.5316611842105263 0.02376599634369287 0.02055921052631579
1 0.6023765996343693 0.22779605263157895 0.03290676416819013 0.027138157894736843
1 0.8861974405850092 0.6768092105263158 0.03016453382084095 0.022203947368421052
1 0.2929616087751371 0.8556743421052632 0.03290676416819013 0.02549342105263158
1 0.04570383912248629 0.9037828947368421 0.029250457038391225 0.027960526315789474
1 0.5589579524680073 0.7726151315789473 0.03016453382084095 0.027138157894736843
1 0.7559414990859232 0.6180098684210527 0.031992687385740404 0.028782894736842105
1 0.729890310786106 0.09703947368421052 0.033820840950639856 0.028782894736842105
1 0.6014625228519196 0.9083059210526315 0.03473491773308958 0.027138157894736843
1 0.9858318098720292 0.6817434210526315 0.027422303473491772 0.02138157894736842
1 0.3706581352833638 0.7689144736842105 0.022851919561243144 0.023848684210526317
1 0.8158135283363802 0.8967927631578947 0.03290676416819013 0.03042763157894737
1 0.54981718464351 0.75 0.027422303473491772 0.023848684210526317
1 0.2874771480804388 0.9823190789473685 0.03016453382084095 0.02631578947368421
0 0.5068555758683729 0.8939144736842105 0.02102376599634369 0.015625
1 0.6540219378427788 0.5625 0.025594149908592323 0.022203947368421052
1 0.6215722120658135 0.647203947368421 0.0283363802559415 0.023848684210526317
1 0.5644424131627057 0.5719572368421053 0.02376599634369287 0.02138157894736842
1 0.8514625228519196 0.5078125 0.03473491773308958 0.02631578947368421
1 0.4172760511882998 0.9107730263157895 0.027422303473491772 0.023848684210526317
1 0.2929616087751371 0.7339638157894737 0.026508226691042046 0.02549342105263158
1 0.4547531992687386 0.6410361842105263 0.024680073126142597 0.022203947368421052
1 0.756398537477148 0.7360197368421053 0.02376599634369287 0.02138157894736842
1 0.7536563071297989 0.7549342105263158 0.02102376599634369 0.018914473684210526
1 0.06627056672760512 0.881578947368421 0.02376599634369287 0.022203947368421052
1 0.5077696526508226 0.8634868421052632 0.026508226691042046 0.02549342105263158
1 0.4890310786106033 0.7870065789473685 0.03473491773308958 0.024671052631578948
1 0.06535648994515539 0.2878289473684211 0.0283363802559415 0.024671052631578948
1 0.4812614259597806 0.7652138157894737 0.022851919561243144 0.022203947368421052
1 0.8455210237659964 0.5386513157894737 0.029250457038391225 0.027960526315789474
1 0.5443327239488117 0.8951480263157895 0.02376599634369287 0.019736842105263157
1 0.055758683729433274 0.8326480263157895 0.0283363802559415 0.03125
1 0.09917733089579525 0.694078947368421 0.03016453382084095 0.022203947368421052
1 0.6151736745886655 0.8873355263157895 0.0283363802559415 0.024671052631578948
1 0.04661791590493602 0.7948190789473685 0.03290676416819013 0.024671052631578948
1 0.6956124314442413 0.3120888157894737 0.0356489945155393 0.028782894736842105
1 0.3272394881170018 0.9740953947368421 0.031078610603290677 0.02138157894736842
0 0.9904021937842779 0.7228618421052632 0.018281535648994516 0.019736842105263157
1 0.7367458866544789 0.12870065789473684 0.027422303473491772 0.02055921052631579
1 0.4149908592321755 0.7734375 0.024680073126142597 0.023026315789473683
0 0.68327239488117 0.7627467105263158 0.021937842778793418 0.02138157894736842
1 0.48857404021937845 0.9054276315789473 0.021937842778793418 0.018914473684210526
1 0.5164533820840951 0.7796052631578947 0.025594149908592323 0.027960526315789474
1 0.04570383912248629 0.7730263157894737 0.025594149908592323 0.018914473684210526
1 0.25 0.016036184210526317 0.03290676416819013 0.029605263157894735
1 0.4602376599634369 0.9132401315789473 0.025594149908592323 0.023026315789473683
1 0.2020109689213894 0.9638157894736842 0.0283363802559415 0.02631578947368421
1 0.7760511882998172 0.7479440789473685 0.02102376599634369 0.018092105263157895
1 0.03656307129798903 0.8482730263157895 0.029250457038391225 0.02631578947368421
1 0.486745886654479 0.8885690789473685 0.022851919561243144 0.017269736842105265
1 0.8775137111517367 0.7886513157894737 0.024680073126142597 0.023026315789473683
1 0.3071297989031079 0.3227796052631579 0.022851919561243144 0.02138157894736842
1 0.05347349177330896 0.811266447368421 0.02376599634369287 0.017269736842105265
1 0.5950639853747715 0.6369243421052632 0.0283363802559415 0.029605263157894735
1 0.5027422303473492 0.6541940789473685 0.021937842778793418 0.02055921052631579
1 0.10009140767824497 0.842516447368421 0.02376599634369287 0.023848684210526317
1 0.920018281535649 0.3092105263157895 0.021937842778793418 0.02055921052631579
1 0.5100548446069469 0.9140625 0.021937842778793418 0.02138157894736842
1 0.026508226691042046 0.9058388157894737 0.022851919561243144 0.023848684210526317
1 0.4844606946983547 0.6447368421052632 0.02102376599634369 0.01644736842105263
1 0.7915904936014625 0.2791940789473684 0.02376599634369287 0.02055921052631579
1 0.7947897623400365 0.5172697368421053 0.022851919561243144 0.018092105263157895
1 0.4063071297989031 0.7142269736842105 0.031078610603290677 0.024671052631578948
1 0.6110603290676416 0.9798519736842105 0.02376599634369287 0.023848684210526317
1 0.6430530164533821 0.8787006578947368 0.031992687385740404 0.02549342105263158
1 0.04616087751371115 0.8856907894736842 0.024680073126142597 0.018092105263157895
1 0.803016453382084 0.2944078947368421 0.027422303473491772 0.02138157894736842
1 0.07175502742230347 0.8141447368421053 0.02376599634369287 0.02055921052631579
1 0.7184643510054844 0.9835526315789473 0.026508226691042046 0.022203947368421052
1 0.8925959780621572 0.5838815789473685 0.026508226691042046 0.023026315789473683
1 0.31992687385740404 0.7405427631578947 0.0283363802559415 0.024671052631578948
1 0.3235831809872029 0.9884868421052632 0.03016453382084095 0.02138157894736842
0 0.5621572212065814 0.6134868421052632 0.02376599634369287 0.02055921052631579
1 0.793418647166362 0.7249177631578947 0.02010968921389397 0.02055921052631579
1 0.5004570383912249 0.7680921052631579 0.024680073126142597 0.019736842105263157
0 0.6284277879341865 0.9025493421052632 0.022851919561243144 0.02055921052631579
1 0.6878427787934186 0.78125 0.026508226691042046 0.014802631578947368
1 0.4296160877513711 0.5374177631578947 0.02376599634369287 0.02055921052631579
1 0.4643510054844607 0.28536184210526316 0.01736745886654479 0.015625
1 0.6960694698354661 0.32730263157894735 0.0356489945155393 0.023848684210526317
1 0.6750457038391224 0.5546875 0.024680073126142597 0.02138157894736842
1 0.5955210237659964 0.9658717105263158 0.02376599634369287 0.017269736842105265
1 0.2673674588665448 0.004523026315789474 0.031992687385740404 0.009046052631578948
1 0.7678244972577697 0.7648026315789473 0.019195612431444242 0.01644736842105263
1 0.42256855575868374 0.7030921052631579 0.034341864716636195 0.024605263157894738
1 0.04113345521023766 0.3067434210526316 0.02010968921389397 0.019736842105263157
1 0.7920475319926874 0.5407072368421053 0.024680073126142597 0.018092105263157895
1 0.6508226691042047 0.858141447368421 0.024680073126142597 0.02055921052631579
1 0.26904021937842776 0.7822944078947368 0.02116087751371115 0.016504934210526317
1 0.286563071297989 0.772203947368421 0.02376599634369287 0.02138157894736842
1 0.30438756855575866 0.8959703947368421 0.022851919561243144 0.02138157894736842
1 0.21252285191956125 0.8967927631578947 0.022851919561243144 0.02055921052631579
1 0.22714808043875687 0.6891447368421053 0.02010968921389397 0.013980263157894737
1 0.3386654478976234 0.7397203947368421 0.02102376599634369 0.02055921052631579
1 0.7545703839122486 0.7454769736842105 0.02376599634369287 0.022203947368421052
1 0.7021755027422303 0.9332565789473684 0.024305301645338208 0.021340460526315788
1 0.6859506398537477 0.9395065789473684 0.02706581352833638 0.025279605263157895
1 0.8238848263254114 0.9433223684210525 0.025996343692870204 0.025189144736842105
1 0.795146252285192 0.7976644736842106 0.025621572212065815 0.024120065789473684
1 0.3804387568555759 0.8721381578947368 0.021279707495429616 0.015534539473684212
1 0.3769652650822669 0.8638815789473684 0.022897623400365632 0.016998355263157894
1 0.21852833638025593 0.8427302631578947 0.023857404021937843 0.0209375
1 0.23750457038391223 0.8128125 0.02470749542961609 0.015041118421052631
1 0.22038391224862888 0.8018174342105263 0.02090493601462523 0.014440789473684209
1 0.1803564899451554 0.7475411184210526 0.022696526508226688 0.01890625
0 0.5342138939670932 0.7738486842105263 0.021453382084095064 0.014161184210526315
0 0.3927148080438757 0.578733552631579 0.017276051188299817 0.016052631578947367
1 0.5160877513711152 0.5890131578947368 0.019451553930530167 0.019473684210526317
1 0.8699542961608775 0.4600904605263158 0.01916819012797075 0.01847861842105263
