1 0.08333333333333333 0.313953488372093 0.045 0.03900975243810953
1 0.15333333333333332 0.486496624156039 0.05416666666666667 0.047261815453863466
1 0.6220833333333333 0.6755438859714928 0.06166666666666667 0.05701425356339085
0 0.436475 0.4475768942235559 0.026141666666666667 0.027404351087771943
1 0.4675 0.44486121530382594 0.051666666666666666 0.05251312828207052
1 0.40541666666666665 0.5007501875468867 0.06583333333333333 0.04801200300075019
1 0.8808333333333334 0.9834958739684921 0.04833333333333333 0.03225806451612903
1 0.69875 0.6095273818454614 0.0475 0.042010502625656414
1 0.6683333333333333 0.7753188297074268 0.06416666666666666 0.0450112528132033
1 0.41333333333333333 0.4197299324831208 0.056666666666666664 0.047261815453863466
1 0.7966666666666666 0.9028507126781695 0.04833333333333333 0.042010502625656414
1 0.020416666666666666 0.3132033008252063 0.04 0.0450112528132033
0 0.7083333333333334 0.6706676669167292 0.055 0.046511627906976744
1 0.6625 0.695423855963991 0.060833333333333336 0.058514628657164294
1 0.5358333333333334 0.016504126031507877 0.041666666666666664 0.03225806451612903
1 0.6320833333333333 0.1072768192048012 0.050833333333333335 0.04876219054763691
1 0.6454166666666666 0.6447861965491373 0.05 0.037509377344336084
1 0.9308333333333333 0.872093023255814 0.04083333333333333 0.03600900225056264
1 0.66625 0.8079519879969993 0.04666666666666667 0.03975993998499625
0 0.45962499999999995 0.552093023255814 0.037899999999999996 0.031447861965491375
0 0.4716666666666667 0.518754688672168 0.05 0.04126031507876969
0 0.4033333333333333 0.5558889722430608 0.043333333333333335 0.03600900225056264
1 0.3045833333333333 0.017629407351837958 0.04833333333333333 0.0345086271567892
0 0.1775 0.4452363090772693 0.043333333333333335 0.03375843960990248
1 0.72 0.854463615903976 0.05333333333333334 0.05026256564141035
1 0.7520833333333333 0.8345836459114778 0.04 0.03900975243810953
1 0.6295833333333334 0.8072018004501126 0.035 0.03900975243810953
0 0.3408333333333333 0.012003000750187547 0.034166666666666665 0.023255813953488372
0 0.13625 0.3818454613653413 0.035 0.030007501875468866
0 0.3763 0.4686346586646662 0.026408333333333336 0.026721680420105025
0 0.40708333333333335 0.4602400600150037 0.03916666666666667 0.03600900225056264
0 0.020416666666666666 0.26894223555888974 0.035 0.030007501875468866
1 0.07625 0.36159039759939987 0.04666666666666667 0.04126031507876969
1 0.4479166666666667 0.48124531132783194 0.04666666666666667 0.04276069017254314
0 0.6608333333333334 0.5933983495873969 0.0325 0.030007501875468866
1 0.6895833333333333 0.740060015003751 0.08083333333333333 0.05926481620405101
0 0.595 0.028882220555138786 0.04666666666666667 0.04276069017254314
1 0.6891666666666667 0.8488372093023255 0.04416666666666667 0.04351087771942986
1 0.775 0.8233308327081771 0.03666666666666667 0.03600900225056264
0 0.37333333333333335 0.4512378094523631 0.03916666666666667 0.029257314328582147
0 0.09 0.38822205551387845 0.029166666666666667 0.02625656414103526
0 0.4525 0.168417104276069 0.0375 0.03150787696924231
0 0.6179166666666667 0.5825206301575394 0.03916666666666667 0.03675918979744936
1 0.98625 0.8604651162790697 0.0275 0.03600900225056264
1 0.8945833333333333 0.7880720180045011 0.04583333333333333 0.03825956489122281
1 0.46416666666666667 0.1879219804951238 0.04 0.0345086271567892
1 0.73375 0.6999249812453113 0.03833333333333333 0.04576144036009002
0 0.04666666666666667 0.2625656414103526 0.0275 0.02625656414103526
0 0.12533333333333332 0.32391597899474867 0.049966666666666666 0.0459039759939985
0 0.110825 0.3321155288822205 0.021483333333333333 0.03075018754688672
0 0.12833333333333333 0.35783945986496624 0.030833333333333334 0.024006001500375095
0 0.6454166666666666 0.6114028507126782 0.03666666666666667 0.03075768942235559
0 0.1075 0.40772693173293323 0.030833333333333334 0.02625656414103526
1 0.8966666666666666 0.7355588897224306 0.04 0.042010502625656414
1 0.925 0.8342085521380345 0.0375 0.03075768942235559
0 0.01125 0.2415603900975244 0.0225 0.025506376594148537
1 0.9691666666666666 0.7783195798949737 0.0275 0.03225806451612903
1 0.3754166666666667 0.4186046511627907 0.041666666666666664 0.04426106526631658
0 0.7733333333333333 0.8788447111777945 0.04833333333333333 0.0450112528132033
1 0.67375 0.7430607651912978 0.05 0.047261815453863466
0 0.43833333333333335 0.5341335333833458 0.03 0.03225806451612903
0 0.7229166666666667 0.48687171792948236 0.043333333333333335 0.037509377344336084
1 0.5079166666666667 0.768192048012003 0.03666666666666667 0.037509377344336084
0 0.9381666666666666 0.9582295573893473 0.041575 0.050750187546886726
0 0.923525 0.7269017254313579 0.03481666666666667 0.04315078769692424
0 0.07704166666666667 0.28427606901725433 0.028458333333333332 0.029699924981245313
0 0.9656916666666666 0.8477494373593398 0.03656666666666667 0.034793698424606154
0 0.9855916666666666 0.8278169542385596 0.028825000000000003 0.0332258064516129
