1 0.39716636197440586 0.44942434210526316 0.05210237659963437 0.04523026315789474
1 0.37248628884826324 0.49712171052631576 0.05941499085923217 0.05180921052631579
1 0.7106946983546618 0.3256578947368421 0.03930530164533821 0.03453947368421053
1 0.3468921389396709 0.4543585526315789 0.056672760511883 0.05098684210526316
1 0.11425959780621572 0.35238486842105265 0.025594149908592323 0.023026315789473683
1 0.5740402193784278 0.38774671052631576 0.03656307129798903 0.03289473684210526
1 0.41819012797074956 0.7236842105263158 0.03473491773308958 0.027960526315789474
1 0.9597806215722121 0.5152138157894737 0.027422303473491772 0.028782894736842105
1 0.4186471663619744 0.7446546052631579 0.038391224862888484 0.029605263157894735
1 0.9136197440585009 0.8260690789473685 0.031078610603290677 0.032072368421052634
0 0.07312614259597806 0.3490953947368421 0.026508226691042046 0.02138157894736842
1 0.9323583180987203 0.20065789473684212 0.033820840950639856 0.029605263157894735
0 0.946526508226691 0.10197368421052631 0.029250457038391225 0.027960526315789474
1 0.9405850091407678 0.8396381578947368 0.03016453382084095 0.024671052631578948
1 0.4579524680073126 0.8133223684210527 0.038391224862888484 0.029605263157894735
1 0.6942413162705667 0.23273026315789475 0.03473491773308958 0.03125
0 0.41453382084095064 0.4847861842105263 0.04296160877513711 0.03618421052631579
