1 0.2883912248628885 0.8573190789473685 0.029250457038391225 0.024671052631578948
1 0.8665447897623401 0.7092927631578947 0.024680073126142597 0.023026315789473683
1 0.8884826325411335 0.7113486842105263 0.025594149908592323 0.024671052631578948
1 0.3578610603290676 0.6525493421052632 0.02376599634369287 0.018914473684210526
1 0.6320840950639853 0.7520559210526315 0.018281535648994516 0.014802631578947368
1 0.9003656307129799 0.7783717105263158 0.02376599634369287 0.02138157894736842
1 0.9145338208409507 0.8334703947368421 0.027422303473491772 0.023848684210526317
1 0.9287020109689214 0.90625 0.031078610603290677 0.022203947368421052
1 0.946526508226691 0.7380756578947368 0.02010968921389397 0.02055921052631579
1 0.16727605118829983 0.7730263157894737 0.0283363802559415 0.02549342105263158
1 0.9401279707495429 0.7602796052631579 0.0283363802559415 0.022203947368421052
1 0.08226691042047532 0.8470394736842105 0.02376599634369287 0.02055921052631579
1 0.03610603290676417 0.7471217105263158 0.02102376599634369 0.017269736842105265
1 0.9478976234003657 0.9329769736842105 0.02376599634369287 0.02138157894736842
1 0.027879341864716637 0.7561677631578947 0.019195612431444242 0.015625
0 0.626599634369287 0.7652138157894737 0.016453382084095063 0.013157894736842105
1 0.8971663619744058 0.7627467105263158 0.016453382084095063 0.015625
0 0.04524680073126142 0.8149671052631579 0.02376599634369287 0.018914473684210526
0 0.08455210237659963 0.701891447368421 0.02102376599634369 0.017269736842105265
1 0.047989031078610606 0.8441611842105263 0.02102376599634369 0.018092105263157895
1 0.04661791590493602 0.8318256578947368 0.021937842778793418 0.015625
1 0.37522851919561245 0.6414473684210527 0.01736745886654479 0.019736842105263157
1 0.19287020109689215 0.7294407894736842 0.02010968921389397 0.015625
0 0.3212979890310786 0.6336348684210527 0.026508226691042046 0.022203947368421052
1 0.031992687385740404 0.7516447368421053 0.025594149908592323 0.023026315789473683
1 0.8724862888482633 0.7269736842105263 0.026508226691042046 0.018914473684210526
0 0.6430530164533821 0.7627467105263158 0.015539305301645339 0.013157894736842105
1 0.38254113345521024 0.9958881578947368 0.025594149908592323 0.008223684210526315
1 0.9355575868372943 0.9317434210526315 0.021937842778793418 0.018092105263157895
