1 0.3071297989031079 0.12746710526315788 0.044789762340036565 0.03536184210526316
1 0.3153564899451554 0.2676809210526316 0.050274223034734916 0.04276315789473684
1 0.34323583180987205 0.602796052631579 0.033820840950639856 0.027138157894736843
1 0.2449725776965265 0.5982730263157895 0.03016453382084095 0.027138157894736843
1 0.1969835466179159 0.2713815789473684 0.04753199268738574 0.03618421052631579
1 0.7847349177330896 0.6513157894736842 0.04753199268738574 0.03700657894736842
1 0.015082266910420476 0.02425986842105263 0.03016453382084095 0.027138157894736843
1 0.1430530164533821 0.21011513157894737 0.04936014625228519 0.032072368421052634
1 0.5941499085923218 0.13034539473684212 0.04296160877513711 0.033717105263157895
1 0.9853747714808044 0.555921052631579 0.029250457038391225 0.03453947368421053
1 0.03930530164533821 0.038651315789473686 0.03290676416819013 0.027960526315789474
1 0.3596892138939671 0.8026315789473685 0.03473491773308958 0.028782894736842105
0 0.2746800731261426 0.27713815789473684 0.038391224862888484 0.033717105263157895
1 0.3240402193784278 0.649671052631579 0.0283363802559415 0.02549342105263158
1 0.06809872029250456 0.8400493421052632 0.05210237659963437 0.03618421052631579
1 0.14213893967093236 0.6036184210526315 0.0283363802559415 0.019736842105263157
1 0.23857404021937842 0.27261513157894735 0.044789762340036565 0.03536184210526316
1 0.7527422303473492 0.5518092105263158 0.04113345521023766 0.03536184210526316
1 0.7682815356489945 0.3227796052631579 0.027422303473491772 0.023848684210526317
1 0.26782449725776963 0.5518092105263158 0.03930530164533821 0.029605263157894735
1 0.7504570383912249 0.6365131578947368 0.038391224862888484 0.04029605263157895
1 0.629798903107861 0.07442434210526316 0.037477148080438755 0.03125
1 0.15539305301645337 0.6389802631578947 0.03016453382084095 0.024671052631578948
1 0.8249542961608776 0.6381578947368421 0.04753199268738574 0.04523026315789474
1 0.7838208409506399 0.5707236842105263 0.04296160877513711 0.03289473684210526
1 0.8670018281535649 0.5201480263157895 0.037477148080438755 0.03042763157894737
1 0.1540219378427788 0.2545230263157895 0.05210237659963437 0.038651315789473686
1 0.9328153564899452 0.5189144736842105 0.0356489945155393 0.032072368421052634
1 0.13254113345521024 0.6225328947368421 0.031078610603290677 0.023848684210526317
1 0.8679159049360147 0.4699835526315789 0.031992687385740404 0.027138157894736843
1 0.7020109689213894 0.4342105263157895 0.031992687385740404 0.023848684210526317
1 0.2856489945155393 0.6402138157894737 0.026508226691042046 0.023026315789473683
1 0.5891224862888482 0.23684210526315788 0.025594149908592323 0.02138157894736842
0 0.49314442413162707 0.12746710526315788 0.03473491773308958 0.027138157894736843
0 0.17047531992687387 0.3129111842105263 0.033820840950639856 0.027138157894736843
1 0.3016453382084095 0.4457236842105263 0.031078610603290677 0.029605263157894735
1 0.9926873857404022 0.2915296052631579 0.014625228519195612 0.033717105263157895
0 0.20612431444241316 0.24342105263157895 0.0356489945155393 0.029605263157894735
1 0.8249542961608776 0.3984375 0.031992687385740404 0.024671052631578948
1 0.26691042047531993 0.18338815789473684 0.03290676416819013 0.028782894736842105
0 0.08912248628884827 0.1825657894736842 0.031992687385740404 0.02549342105263158
0 0.6284277879341865 0.1015625 0.03656307129798903 0.029605263157894735
0 0.14488117001828155 0.37006578947368424 0.03290676416819013 0.02631578947368421
0 0.19926873857404023 0.44613486842105265 0.031078610603290677 0.02631578947368421
0 0.399908592321755 0.16241776315789475 0.03473491773308958 0.03042763157894737
0 0.1503656307129799 0.1825657894736842 0.03656307129798903 0.027138157894736843
1 0.9424131627056673 0.6932565789473685 0.025594149908592323 0.024671052631578948
0 0.4986288848263254 0.7828947368421053 0.04113345521023766 0.032072368421052634
0 0.3647166361974406 0.2787828947368421 0.03290676416819013 0.027960526315789474
1 0.8670018281535649 0.4321546052631579 0.03016453382084095 0.02138157894736842
0 0.46526508226691043 0.14432565789473684 0.033820840950639856 0.02631578947368421
1 0.636654478976234 0.25287828947368424 0.0283363802559415 0.023848684210526317
0 0.29250457038391225 0.30304276315789475 0.0356489945155393 0.028782894736842105
0 0.25 0.3511513157894737 0.037477148080438755 0.027138157894736843
1 0.1256855575868373 0.234375 0.03473491773308958 0.029605263157894735
1 0.8080438756855576 0.5263157894736842 0.04570383912248629 0.03700657894736842
1 0.9899451553930531 0.2471217105263158 0.02010968921389397 0.02549342105263158
1 0.7989031078610603 0.6698190789473685 0.04753199268738574 0.03125
0 0.7851919561243145 0.5452302631578947 0.026508226691042046 0.023848684210526317
0 0.1170018281535649 0.17269736842105263 0.03290676416819013 0.03042763157894737
1 0.8359232175502742 0.3754111842105263 0.03016453382084095 0.024671052631578948
0 0.5991773308957953 0.08963815789473684 0.033820840950639856 0.02631578947368421
0 0.0370201096892139 0.20353618421052633 0.03473491773308958 0.028782894736842105
0 0.18875685557586838 0.6739309210526315 0.029250457038391225 0.023848684210526317
0 0.14990859232175502 0.3301809210526316 0.033820840950639856 0.03125
0 0.6252285191956124 0.23889802631578946 0.021937842778793418 0.018914473684210526
0 0.5292504570383912 0.678453947368421 0.027422303473491772 0.02055921052631579
1 0.9245886654478976 0.6875 0.02376599634369287 0.022203947368421052
0 0.1649908592321755 0.6981907894736842 0.029250457038391225 0.02138157894736842
1 0.9401279707495429 0.2837171052631579 0.027422303473491772 0.023848684210526317
0 0.9113345521023766 0.4995888157894737 0.0356489945155393 0.023848684210526317
1 0.23537477148080438 0.24588815789473684 0.03930530164533821 0.03536184210526316
1 0.9058500914076782 0.5209703947368421 0.026508226691042046 0.024671052631578948
0 0.3711151736745887 0.16159539473684212 0.027422303473491772 0.027960526315789474
1 0.33683729433272397 0.061677631578947366 0.027422303473491772 0.023848684210526317
1 0.17870201096892138 0.1611842105263158 0.031992687385740404 0.027138157894736843
1 0.8423217550274223 0.4831414473684211 0.026508226691042046 0.022203947368421052
1 0.010511882998171846 0.21011513157894737 0.02102376599634369 0.02549342105263158
1 0.8811700182815356 0.5415296052631579 0.037477148080438755 0.027960526315789474
0 0.5141681901279708 0.14884868421052633 0.037477148080438755 0.027138157894736843
0 0.6540219378427788 0.6204769736842105 0.0283363802559415 0.023026315789473683
1 0.34643510054844606 0.6607730263157895 0.025594149908592323 0.02138157894736842
1 0.2609689213893967 0.25082236842105265 0.0283363802559415 0.027138157894736843
0 0.7280621572212066 0.5879934210526315 0.027422303473491772 0.019736842105263157
0 0.2719378427787934 0.45394736842105265 0.029250457038391225 0.024671052631578948
1 0.7847349177330896 0.6258223684210527 0.03656307129798903 0.022203947368421052
0 0.14122486288848263 0.15789473684210525 0.0356489945155393 0.02549342105263158
1 0.5955210237659964 0.10608552631578948 0.037477148080438755 0.023848684210526317
0 0.9826325411334552 0.21916118421052633 0.02102376599634369 0.018914473684210526
0 0.47303473491773307 0.08429276315789473 0.02376599634369287 0.018092105263157895
0 0.3473491773308958 0.15995065789473684 0.031078610603290677 0.028782894736842105
0 0.31672760511882997 0.047286184210526314 0.02010968921389397 0.01644736842105263
0 0.21983546617915906 0.1611842105263158 0.029250457038391225 0.02138157894736842
0 0.2655393053016453 0.3795230263157895 0.0356489945155393 0.028782894736842105
1 0.7595978062157221 0.5193256578947368 0.04296160877513711 0.032072368421052634
0 0.1750457038391225 0.43914473684210525 0.0283363802559415 0.02138157894736842
0 0.12431444241316271 0.3425164473684211 0.029250457038391225 0.02549342105263158
0 0.20292504570383912 0.36307565789473684 0.03473491773308958 0.027960526315789474
0 0.8094149908592322 0.553453947368421 0.027422303473491772 0.02138157894736842
0 0.08592321755027423 0.15296052631578946 0.031992687385740404 0.02138157894736842
1 0.8144424131627057 0.3626644736842105 0.03473491773308958 0.024671052631578948
0 0.5164533820840951 0.17639802631578946 0.04021937842778794 0.027138157894736843
1 0.1640767824497258 0.6217105263157895 0.02376599634369287 0.019736842105263157
0 0.1649908592321755 0.23273026315789475 0.03473491773308958 0.02549342105263158
0 0.6617915904936015 0.3807565789473684 0.03016453382084095 0.02549342105263158
0 0.529707495429616 0.20106907894736842 0.03016453382084095 0.023848684210526317
0 0.3327239488117002 0.7623355263157895 0.0283363802559415 0.02138157894736842
1 0.6613345521023766 0.5189144736842105 0.021937842778793418 0.02138157894736842
1 0.9954296160877514 0.2294407894736842 0.009140767824497258 0.022203947368421052
0 0.09780621572212066 0.039884868421052634 0.019195612431444242 0.014802631578947368
1 0.25822669104204754 0.44243421052631576 0.024680073126142597 0.022203947368421052
0 0.3436928702010969 0.7376644736842105 0.025594149908592323 0.019736842105263157
1 0.025594149908592323 0.7516447368421053 0.027422303473491772 0.024671052631578948
0 0.42458866544789764 0.6435032894736842 0.031078610603290677 0.023026315789473683
1 0.7728519195612431 0.9851973684210527 0.022851919561243144 0.02055921052631579
0 0.5886654478976234 0.25411184210526316 0.027422303473491772 0.02055921052631579
1 0.009140767824497258 0.7405427631578947 0.018281535648994516 0.02138157894736842
0 0.36654478976234006 0.044407894736842105 0.025594149908592323 0.019736842105263157
0 0.1425959780621572 0.3013980263157895 0.03016453382084095 0.02631578947368421
0 0.4520109689213894 0.641858552631579 0.022851919561243144 0.018092105263157895
