1 0.12248628884826325 0.04029605263157895 0.029250457038391225 0.02549342105263158
1 0.010511882998171846 0.20723684210526316 0.02010968921389397 0.02549342105263158
1 0.3336380255941499 0.09210526315789473 0.038391224862888484 0.03618421052631579
1 0.13893967093235832 0.18832236842105263 0.024680073126142597 0.02138157894736842
1 0.9117915904936015 0.24013157894736842 0.031078610603290677 0.023026315789473683
1 0.09460694698354662 0.046875 0.031992687385740404 0.028782894736842105
1 0.8802559414990859 0.5061677631578947 0.026508226691042046 0.023026315789473683
1 0.3226691042047532 0.4995888157894737 0.03016453382084095 0.03125
1 0.49954296160877515 0.4321546052631579 0.03290676416819013 0.03125
1 0.473491773308958 0.0678453947368421 0.031992687385740404 0.027960526315789474
1 0.41361974405850094 0.4621710526315789 0.025594149908592323 0.022203947368421052
1 0.015996343692870202 0.2574013157894737 0.025594149908592323 0.023026315789473683
1 0.39259597806215724 0.8314144736842105 0.031078610603290677 0.028782894736842105
1 0.6672760511882998 0.5185032894736842 0.031992687385740404 0.028782894736842105
1 0.12842778793418647 0.26850328947368424 0.03016453382084095 0.028782894736842105
1 0.3583180987202925 0.6661184210526315 0.048446069469835464 0.046052631578947366
1 0.9337294332723949 0.21916118421052633 0.027422303473491772 0.02631578947368421
1 0.010511882998171846 0.17804276315789475 0.02010968921389397 0.023026315789473683
1 0.31581352833638027 0.3511513157894737 0.031078610603290677 0.02549342105263158
1 0.5489031078610603 0.7495888157894737 0.038391224862888484 0.033717105263157895
1 0.693327239488117 0.01850328947368421 0.037477148080438755 0.03125
1 0.396709323583181 0.4810855263157895 0.029250457038391225 0.028782894736842105
1 0.47989031078610606 0.4486019736842105 0.031992687385740404 0.03125
1 0.8286106032906764 0.020970394736842105 0.033820840950639856 0.03125
1 0.4593235831809872 0.22861842105263158 0.03290676416819013 0.03042763157894737
1 0.7440585009140768 0.05756578947368421 0.029250457038391225 0.029605263157894735
1 0.5493601462522852 0.5760690789473685 0.0356489945155393 0.03700657894736842
1 0.8240402193784278 0.5884046052631579 0.027422303473491772 0.023848684210526317
0 0.9319012797074955 0.6710526315789473 0.026508226691042046 0.023848684210526317
1 0.19287020109689215 0.21052631578947367 0.031992687385740404 0.02631578947368421
1 0.5959780621572212 0.1689967105263158 0.0356489945155393 0.03125
1 0.7134369287020109 0.2701480263157895 0.02376599634369287 0.024671052631578948
1 0.5406764168190128 0.14514802631578946 0.03473491773308958 0.032072368421052634
1 0.6457952468007313 0.2865953947368421 0.03930530164533821 0.033717105263157895
1 0.6284277879341865 0.22738486842105263 0.03656307129798903 0.033717105263157895
1 0.22760511882998172 0.4662828947368421 0.03016453382084095 0.027138157894736843
1 0.4547531992687386 0.08675986842105263 0.033820840950639856 0.03125
1 0.6681901279707495 0.47738486842105265 0.031078610603290677 0.027960526315789474
1 0.3697440585009141 0.850328947368421 0.033820840950639856 0.03125
0 0.5639853747714808 0.16282894736842105 0.03016453382084095 0.027138157894736843
1 0.8542047531992687 0.08511513157894737 0.022851919561243144 0.022203947368421052
1 0.5781535648994516 0.43338815789473684 0.031078610603290677 0.02631578947368421
1 0.3592321755027422 0.08511513157894737 0.031992687385740404 0.03289473684210526
1 0.7769652650822669 0.13898026315789475 0.025594149908592323 0.02549342105263158
1 0.10329067641681901 0.2611019736842105 0.026508226691042046 0.023026315789473683
1 0.2673674588665448 0.3910361842105263 0.033820840950639856 0.03125
1 0.6997257769652651 0.052220394736842105 0.03016453382084095 0.027960526315789474
1 0.30210237659963435 0.39350328947368424 0.0356489945155393 0.028782894736842105
1 0.11197440585009141 0.11143092105263158 0.0283363802559415 0.024671052631578948
1 0.2230347349177331 0.2668585526315789 0.033820840950639856 0.027960526315789474
1 0.40950639853747717 0.7261513157894737 0.031992687385740404 0.027138157894736843
1 0.9287020109689214 0.03700657894736842 0.033820840950639856 0.029605263157894735
1 0.30438756855575866 0.37088815789473684 0.0356489945155393 0.02549342105263158
1 0.2993601462522852 0.28412828947368424 0.027422303473491772 0.02549342105263158
1 0.9602376599634369 0.670641447368421 0.033820840950639856 0.03125
1 0.23491773308957953 0.3482730263157895 0.03016453382084095 0.027138157894736843
1 0.5461608775137111 0.17639802631578946 0.031078610603290677 0.03042763157894737
1 0.6828153564899452 0.5460526315789473 0.037477148080438755 0.03536184210526316
1 0.5904936014625228 0.41241776315789475 0.026508226691042046 0.027960526315789474
1 0.18784277879341865 0.23355263157894737 0.027422303473491772 0.022203947368421052
1 0.9707495429616088 0.34210526315789475 0.03930530164533821 0.033717105263157895
1 0.946526508226691 0.3412828947368421 0.0283363802559415 0.03042763157894737
1 0.37157221206581353 0.35855263157894735 0.03016453382084095 0.028782894736842105
1 0.37248628884826324 0.4856085526315789 0.025594149908592323 0.027138157894736843
1 0.7591407678244972 0.04029605263157895 0.029250457038391225 0.02631578947368421
1 0.25822669104204754 0.3618421052631579 0.03016453382084095 0.02631578947368421
1 0.13893967093235832 0.3384046052631579 0.031078610603290677 0.027138157894736843
1 0.4520109689213894 0.7319078947368421 0.029250457038391225 0.027138157894736843
1 0.42915904936014626 0.7454769736842105 0.03016453382084095 0.028782894736842105
1 0.41224862888482633 0.2421875 0.025594149908592323 0.024671052631578948
1 0.2760511882998172 0.3441611842105263 0.0283363802559415 0.027138157894736843
1 0.4323583180987203 0.2372532894736842 0.0283363802559415 0.027960526315789474
1 0.6393967093235832 0.5127467105263158 0.029250457038391225 0.027960526315789474
1 0.7404021937842779 0.7376644736842105 0.029250457038391225 0.023026315789473683
1 0.636654478976234 0.1825657894736842 0.025594149908592323 0.02138157894736842
1 0.41544789762340034 0.7006578947368421 0.03290676416819013 0.02549342105263158
1 0.6905850091407678 0.6069078947368421 0.026508226691042046 0.02631578947368421
1 0.676416819012797 0.6270559210526315 0.0283363802559415 0.02631578947368421
1 0.14579524680073125 0.6381578947368421 0.031992687385740404 0.03289473684210526
1 0.5712979890310786 0.40542763157894735 0.021937842778793418 0.022203947368421052
1 0.47623400365630714 0.10320723684210527 0.037477148080438755 0.03289473684210526
1 0.9584095063985375 0.0390625 0.03016453382084095 0.03042763157894737
0 0.5726691042047533 0.18667763157894737 0.03016453382084095 0.02631578947368421
1 0.8816270566727605 0.009457236842105263 0.03016453382084095 0.018914473684210526
1 0.4936014625228519 0.6669407894736842 0.03016453382084095 0.027960526315789474
1 0.35054844606946983 0.3692434210526316 0.026508226691042046 0.023848684210526317
1 0.9817184643510055 0.03700657894736842 0.027422303473491772 0.03125
1 0.7120658135283364 0.8030427631578947 0.031992687385740404 0.02631578947368421
1 0.3153564899451554 0.6681743421052632 0.03016453382084095 0.03700657894736842
1 0.015539305301645339 0.22779605263157895 0.026508226691042046 0.023848684210526317
1 0.6476234003656307 0.5986842105263158 0.03016453382084095 0.02631578947368421
1 0.6316270566727605 0.5526315789473685 0.03473491773308958 0.023848684210526317
1 0.5489031078610603 0.40789473684210525 0.025594149908592323 0.02549342105263158
1 0.44104204753199266 0.4605263157894737 0.026508226691042046 0.02631578947368421
1 0.03290676416819013 0.3034539473684211 0.033820840950639856 0.02631578947368421
1 0.796617915904936 0.6056743421052632 0.0283363802559415 0.028782894736842105
0 0.30347349177330896 0.07935855263157894 0.0283363802559415 0.023848684210526317
1 0.823126142595978 0.6118421052631579 0.029250457038391225 0.02549342105263158
1 0.7961608775137111 0.45394736842105265 0.0283363802559415 0.024671052631578948
1 0.7321755027422303 0.2709703947368421 0.022851919561243144 0.023848684210526317
1 0.6590493601462523 0.19983552631578946 0.027422303473491772 0.024671052631578948
1 0.1046617915904936 0.2808388157894737 0.025594149908592323 0.018914473684210526
0 0.6220292504570384 0.3458059210526316 0.031078610603290677 0.02631578947368421
1 0.01736745886654479 0.27713815789473684 0.026508226691042046 0.023026315789473683
1 0.7381170018281535 0.24917763157894737 0.02376599634369287 0.02138157894736842
1 0.670018281535649 0.10361842105263158 0.026508226691042046 0.02055921052631579
1 0.7481718464351006 0.12746710526315788 0.025594149908592323 0.02138157894736842
1 0.08180987202925045 0.2964638157894737 0.02010968921389397 0.02138157894736842
1 0.6270566727605119 0.5764802631578947 0.0356489945155393 0.029605263157894735
1 0.29341864716636196 0.32113486842105265 0.026508226691042046 0.023848684210526317
1 0.19926873857404023 0.18791118421052633 0.027422303473491772 0.024671052631578948
0 0.5863802559414991 0.2680921052631579 0.04021937842778794 0.03042763157894737
0 0.12202925045703839 0.18791118421052633 0.018281535648994516 0.017269736842105265
1 0.33318098720292505 0.062088815789473686 0.031992687385740404 0.028782894736842105
1 0.5754113345521024 0.5859375 0.031078610603290677 0.03042763157894737
1 0.9405850091407678 0.7076480263157895 0.025594149908592323 0.03042763157894737
1 0.7335466179159049 0.7574013157894737 0.029250457038391225 0.023848684210526317
0 0.603290676416819 0.10978618421052631 0.0283363802559415 0.02631578947368421
1 0.3446069469835466 0.8441611842105263 0.03016453382084095 0.03453947368421053
1 0.8587751371115173 0.49136513157894735 0.0283363802559415 0.023848684210526317
1 0.27925045703839124 0.2722039473684211 0.027422303473491772 0.02549342105263158
1 0.16270566727605118 0.044407894736842105 0.022851919561243144 0.01644736842105263
1 0.45521023765996343 0.4432565789473684 0.0283363802559415 0.027960526315789474
1 0.7262340036563071 0.1689967105263158 0.02376599634369287 0.023026315789473683
1 0.13071297989031078 0.2109375 0.03016453382084095 0.024671052631578948
1 0.706581352833638 0.5555098684210527 0.026508226691042046 0.02631578947368421
1 0.10146252285191956 0.30057565789473684 0.025594149908592323 0.023026315789473683
0 0.11791590493601463 0.14514802631578946 0.022851919561243144 0.019736842105263157
1 0.7413162705667276 0.7989309210526315 0.025594149908592323 0.024671052631578948
1 0.20658135283363802 0.24465460526315788 0.03473491773308958 0.023848684210526317
1 0.6526508226691042 0.31620065789473684 0.031078610603290677 0.02631578947368421
1 0.7586837294332724 0.07236842105263158 0.022851919561243144 0.02138157894736842
1 0.31124314442413165 0.7339638157894737 0.022851919561243144 0.02138157894736842
1 0.3560329067641682 0.31743421052631576 0.0283363802559415 0.024671052631578948
1 0.9629798903107861 0.7323190789473685 0.03473491773308958 0.03536184210526316
1 0.5196526508226691 0.7545230263157895 0.026508226691042046 0.02549342105263158
1 0.8377513711151737 0.08141447368421052 0.02010968921389397 0.02055921052631579
1 0.7573126142595978 0.5867598684210527 0.029250457038391225 0.023026315789473683
1 0.5955210237659964 0.5764802631578947 0.025594149908592323 0.028782894736842105
0 0.34049360146252283 0.3482730263157895 0.022851919561243144 0.02055921052631579
1 0.5146252285191956 0.6463815789473685 0.026508226691042046 0.023848684210526317
1 0.3007312614259598 0.09868421052631579 0.0283363802559415 0.02549342105263158
1 0.7225776965265083 0.06373355263157894 0.03016453382084095 0.03042763157894737
1 0.6549360146252285 0.6443256578947368 0.029250457038391225 0.02138157894736842
1 0.6192870201096892 0.6019736842105263 0.03016453382084095 0.02631578947368421
1 0.7682815356489945 0.6040296052631579 0.029250457038391225 0.027138157894736843
1 0.4529250457038391 0.7553453947368421 0.029250457038391225 0.023848684210526317
1 0.3359232175502742 0.6907894736842105 0.03656307129798903 0.02631578947368421
1 0.7148080438756855 0.5337171052631579 0.026508226691042046 0.02549342105263158
0 0.5452468007312614 0.10731907894736842 0.026508226691042046 0.024671052631578948
1 0.7550274223034735 0.14391447368421054 0.025594149908592323 0.023026315789473683
1 0.7554844606946983 0.7791940789473685 0.022851919561243144 0.027138157894736843
0 0.5306215722120659 0.09210526315789473 0.0283363802559415 0.023026315789473683
0 0.5955210237659964 0.23684210526315788 0.0356489945155393 0.03125
1 0.6480804387568556 0.6233552631578947 0.027422303473491772 0.024671052631578948
1 0.6796160877513712 0.27261513157894735 0.03016453382084095 0.024671052631578948
1 0.4616087751371115 0.39555921052631576 0.025594149908592323 0.019736842105263157
1 0.26142595978062155 0.28125 0.02376599634369287 0.028782894736842105
1 0.386654478976234 0.3470394736842105 0.026508226691042046 0.027138157894736843
1 0.038391224862888484 0.26644736842105265 0.02376599634369287 0.022203947368421052
0 0.553016453382084 0.07483552631578948 0.03656307129798903 0.033717105263157895
1 0.9862888482632541 0.665296052631579 0.025594149908592323 0.022203947368421052
1 0.6677330895795247 0.5764802631578947 0.04570383912248629 0.03453947368421053
1 0.8619744058500914 0.14185855263157895 0.0283363802559415 0.022203947368421052
1 0.7879341864716636 0.28988486842105265 0.027422303473491772 0.023026315789473683
1 0.8505484460694699 0.16940789473684212 0.027422303473491772 0.02549342105263158
1 0.896709323583181 0.8038651315789473 0.025594149908592323 0.022203947368421052
1 0.41773308957952465 0.21957236842105263 0.027422303473491772 0.023026315789473683
1 0.39351005484460694 0.06373355263157894 0.025594149908592323 0.02631578947368421
1 0.026051188299817184 0.21052631578947367 0.018281535648994516 0.02055921052631579
1 0.3510054844606947 0.7310855263157895 0.037477148080438755 0.028782894736842105
1 0.6489945155393053 0.4946546052631579 0.029250457038391225 0.018092105263157895
1 0.7102376599634369 0.5024671052631579 0.03290676416819013 0.029605263157894735
0 0.2979890310786106 0.060032894736842105 0.027422303473491772 0.022203947368421052
1 0.4904021937842779 0.6903782894736842 0.029250457038391225 0.023848684210526317
1 0.14670932358318098 0.20970394736842105 0.022851919561243144 0.023848684210526317
1 0.3889396709323583 0.8030427631578947 0.026508226691042046 0.027960526315789474
1 0.03930530164533821 0.45929276315789475 0.02376599634369287 0.019736842105263157
0 0.5187385740402194 0.12623355263157895 0.024680073126142597 0.018914473684210526
0 0.8094149908592322 0.06537828947368421 0.025594149908592323 0.02138157894736842
0 0.6046617915904936 0.19161184210526316 0.031992687385740404 0.02631578947368421
1 0.5246800731261426 0.19613486842105263 0.026508226691042046 0.023026315789473683
1 0.43007312614259596 0.08223684210526316 0.02376599634369287 0.024671052631578948
1 0.1430530164533821 0.5908717105263158 0.031992687385740404 0.022203947368421052
1 0.9917733089579525 0.7314967105263158 0.016453382084095063 0.03536184210526316
1 0.7244058500914077 0.7886513157894737 0.02376599634369287 0.018092105263157895
1 0.3190127970749543 0.5242598684210527 0.02010968921389397 0.023026315789473683
1 0.09643510054844608 0.22491776315789475 0.025594149908592323 0.02055921052631579
1 0.24542961608775138 0.2816611842105263 0.02376599634369287 0.02549342105263158
1 0.038391224862888484 0.2845394736842105 0.025594149908592323 0.018092105263157895
1 0.7006398537477148 0.7828947368421053 0.025594149908592323 0.018914473684210526
0 0.03473491773308958 0.24753289473684212 0.021937842778793418 0.017269736842105265
1 0.6777879341864717 0.2902960526315789 0.03016453382084095 0.023848684210526317
1 0.31992687385740404 0.7454769736842105 0.02376599634369287 0.01644736842105263
1 0.5214808043875686 0.11307565789473684 0.025594149908592323 0.018914473684210526
0 0.7189213893967094 0.24588815789473684 0.019195612431444242 0.019736842105263157
1 0.6462522851919561 0.1768092105263158 0.019195612431444242 0.02138157894736842
0 0.9625228519195612 0.703125 0.024680073126142597 0.02549342105263158
1 0.4689213893967093 0.7360197368421053 0.02102376599634369 0.022203947368421052
1 0.6978976234003657 0.7631578947368421 0.025594149908592323 0.024671052631578948
1 0.11654478976234003 0.29070723684210525 0.02010968921389397 0.017269736842105265
1 0.7394881170018281 0.7763157894736842 0.021937842778793418 0.018092105263157895
0 0.09140767824497258 0.14679276315789475 0.029250457038391225 0.023848684210526317
0 0.7925045703839122 0.05838815789473684 0.021937842778793418 0.02055921052631579
1 0.4835466179159049 0.009457236842105263 0.037477148080438755 0.018914473684210526
0 0.12111517367458867 0.16159539473684212 0.027422303473491772 0.018914473684210526
1 0.8825411334552102 0.7915296052631579 0.021937842778793418 0.02055921052631579
1 0.9922303473491774 0.678453947368421 0.015539305301645339 0.027960526315789474
1 0.489945155393053 0.515625 0.026508226691042046 0.023848684210526317
1 0.29890310786106034 0.5045230263157895 0.02102376599634369 0.023848684210526317
1 0.41453382084095064 0.054276315789473686 0.02010968921389397 0.01644736842105263
1 0.16179159049360145 0.0625 0.02102376599634369 0.017269736842105265
1 0.7074954296160878 0.743421052631579 0.019195612431444242 0.019736842105263157
1 0.6723034734917733 0.09169407894736842 0.02376599634369287 0.017269736842105265
1 0.02696526508226691 0.47368421052631576 0.026508226691042046 0.02549342105263158
1 0.4076782449725777 0.8092105263157895 0.024680073126142597 0.024671052631578948
1 0.6928702010968921 0.2611019736842105 0.02010968921389397 0.019736842105263157
1 0.9634369287020109 0.703125 0.027422303473491772 0.02631578947368421
1 0.30895795246800734 0.6348684210526315 0.0283363802559415 0.022203947368421052
1 0.9021937842778793 0.21792763157894737 0.02102376599634369 0.018092105263157895
1 0.7006398537477148 0.49917763157894735 0.03290676416819013 0.03042763157894737
1 0.21846435100548445 0.18174342105263158 0.01736745886654479 0.023026315789473683
1 0.9478976234003657 0.6846217105263158 0.022851919561243144 0.017269736842105265
0 0.12842778793418647 0.12335526315789473 0.024680073126142597 0.019736842105263157
1 0.1956124314442413 0.16817434210526316 0.02102376599634369 0.018914473684210526
