1 0.4629798903107861 0.45024671052631576 0.037477148080438755 0.03125
1 0.8057586837294333 0.34786184210526316 0.038391224862888484 0.032072368421052634
1 0.8290676416819013 0.3840460526315789 0.03656307129798903 0.03536184210526316
1 0.42138939670932357 0.4819078947368421 0.03473491773308958 0.03125
1 0.7742230347349177 0.4551809210526316 0.0356489945155393 0.029605263157894735
1 0.8372943327239488 0.09416118421052631 0.03016453382084095 0.03042763157894737
1 0.803016453382084 0.37870065789473684 0.026508226691042046 0.024671052631578948
1 0.6956124314442413 0.23972039473684212 0.03290676416819013 0.02631578947368421
1 0.7696526508226691 0.009457236842105263 0.04296160877513711 0.018914473684210526
1 0.7015539305301646 0.21957236842105263 0.03016453382084095 0.02631578947368421
1 0.5749542961608776 0.09004934210526316 0.027422303473491772 0.02055921052631579
1 0.5223948811700183 0.15172697368421054 0.03290676416819013 0.029605263157894735
1 0.8011882998171846 0.40213815789473684 0.0283363802559415 0.024671052631578948
1 0.7719378427787934 0.3959703947368421 0.0283363802559415 0.023026315789473683
1 0.7810786106032906 0.37664473684210525 0.024680073126142597 0.023026315789473683
1 0.44515539305301643 0.47738486842105265 0.03473491773308958 0.029605263157894735
1 0.8021023765996343 0.4564144736842105 0.0283363802559415 0.023848684210526317
1 0.02056672760511883 0.008634868421052632 0.04113345521023766 0.017269736842105265
1 0.5214808043875686 0.08634868421052631 0.027422303473491772 0.023848684210526317
1 0.7815356489945156 0.4107730263157895 0.026508226691042046 0.018092105263157895
