1 0.6179166666666667 0.48874718679669915 0.0725 0.05926481620405101
1 0.55875 0.38747186796699173 0.07 0.06301575393848462
1 0.7291666666666666 0.6196549137284321 0.06666666666666667 0.058514628657164294
1 0.5708333333333333 0.44486121530382594 0.075 0.05926481620405101
1 0.6320833333333333 0.4332333083270818 0.06 0.05251312828207052
1 0.39625 0.9898724681170292 0.050833333333333335 0.020255063765941484
0 0.12166666666666667 0.9058514628657164 0.04416666666666667 0.035258814703675916
1 0.78875 0.7081770442610653 0.0675 0.05926481620405101
1 0.72875 0.49549887471867965 0.05333333333333334 0.05476369092273068
1 0.84875 0.4298574643660915 0.058333333333333334 0.060765191297824456
1 0.98125 0.24981245311327832 0.0375 0.05251312828207052
1 0.5733333333333334 0.7280570142535634 0.04666666666666667 0.03600900225056264
1 0.13 0.8698424606151538 0.0525 0.047261815453863466
1 0.615 0.3893473368342086 0.06 0.05401350337584396
1 0.5425 0.7460615153788447 0.05333333333333334 0.04801200300075019
0 0.15083333333333335 0.9261065266316579 0.04083333333333333 0.03375843960990248
1 0.0975 0.8642160540135033 0.03833333333333333 0.046511627906976744
1 0.6858333333333333 0.48124531132783194 0.06916666666666667 0.06301575393848462
1 0.9841666666666666 0.07539384846211553 0.03166666666666667 0.04801200300075019
1 0.8766666666666667 0.885596399099775 0.07666666666666666 0.04876219054763691
1 0.6533333333333333 0.39497374343585895 0.045 0.05026256564141035
1 0.3433333333333333 0.991747936984246 0.04833333333333333 0.016504126031507877
1 0.5629166666666666 0.4816204051012753 0.045 0.04351087771942986
0 0.13125 0.4951237809452363 0.0325 0.024756189047261814
1 0.9904166666666666 0.20855213803450862 0.016666666666666666 0.042010502625656414
1 0.3754166666666667 0.981245311327832 0.03333333333333333 0.03225806451612903
0 0.14958333333333335 0.41072768192048015 0.030833333333333334 0.02175543885971493
1 0.6345833333333334 0.5663915978994749 0.06333333333333334 0.04801200300075019
1 0.38958333333333334 0.9654913728432108 0.028333333333333332 0.0277569392348087
0 0.15291666666666667 0.42760690172543137 0.029166666666666667 0.024006001500375095
1 0.016666666666666666 0.061890472618154536 0.03333333333333333 0.08402100525131283
0 0.1438 0.45985746436609154 0.019899999999999998 0.02543885971492873
0 0.23507499999999998 0.47968492123030754 0.022808333333333333 0.024913728432108026
0 0.109925 0.4826706676669167 0.026341666666666666 0.02034508627156789
0 0.13613333333333336 0.43267066766691675 0.023116666666666664 0.027561890472618155
