1 0.1480804387568556 0.052220394736842105 0.037477148080438755 0.03125
1 0.14579524680073125 0.18791118421052633 0.031992687385740404 0.028782894736842105
1 0.17824497257769653 0.07689144736842106 0.04570383912248629 0.03700657894736842
1 0.08592321755027423 0.5674342105263158 0.04296160877513711 0.04111842105263158
1 0.1170018281535649 0.5731907894736842 0.038391224862888484 0.03453947368421053
1 0.08455210237659963 0.5275493421052632 0.050274223034734916 0.03618421052631579
1 0.2664533820840951 0.36554276315789475 0.031992687385740404 0.03125
1 0.13391224862888482 0.5493421052631579 0.0356489945155393 0.029605263157894735
1 0.4515539305301645 0.38116776315789475 0.031992687385740404 0.02549342105263158
0 0.1750457038391225 0.18914473684210525 0.021937842778793418 0.018092105263157895
