1 0.2897623400365631 0.6903782894736842 0.033820840950639856 0.02631578947368421
1 0.6892138939670932 0.9173519736842105 0.0283363802559415 0.023848684210526317
1 0.13711151736745886 0.2265625 0.03290676416819013 0.02631578947368421
1 0.39259597806215724 0.5645559210526315 0.025594149908592323 0.022203947368421052
0 0.9817184643510055 0.4087171052631579 0.019195612431444242 0.017269736842105265
0 0.329981718464351 0.4165296052631579 0.021937842778793418 0.019736842105263157
1 0.2646252285191956 0.5152138157894737 0.024680073126142597 0.019736842105263157
1 0.15539305301645337 0.31743421052631576 0.029250457038391225 0.023848684210526317
0 0.3523765996343693 0.41694078947368424 0.022851919561243144 0.019736842105263157
1 0.5786106032906764 0.4975328947368421 0.0356489945155393 0.028782894736842105
1 0.7637111517367459 0.4831414473684211 0.0356489945155393 0.027960526315789474
1 0.5447897623400365 0.4527138157894737 0.03290676416819013 0.027960526315789474
0 0.2961608775137112 0.11307565789473684 0.021937842778793418 0.019736842105263157
1 0.09506398537477148 0.6776315789473685 0.033820840950639856 0.02549342105263158
1 0.30575868372943327 0.7088815789473685 0.031992687385740404 0.02631578947368421
1 0.9204753199268738 0.32113486842105265 0.03016453382084095 0.027138157894736843
1 0.1585923217550274 0.6837993421052632 0.0283363802559415 0.023848684210526317
1 0.40722120658135286 0.5279605263157895 0.029250457038391225 0.023026315789473683
1 0.38482632541133455 0.9391447368421053 0.027422303473491772 0.022203947368421052
1 0.13985374771480805 0.30180921052631576 0.026508226691042046 0.022203947368421052
1 0.051645338208409504 0.31949013157894735 0.031078610603290677 0.02631578947368421
1 0.01416819012797075 0.7162828947368421 0.025594149908592323 0.024671052631578948
1 0.3190127970749543 0.6846217105263158 0.029250457038391225 0.022203947368421052
1 0.2829067641681901 0.5275493421052632 0.02376599634369287 0.02055921052631579
1 0.9762340036563071 0.7808388157894737 0.029250457038391225 0.027138157894736843
1 0.13391224862888482 0.3848684210526316 0.0283363802559415 0.02055921052631579
1 0.37751371115173676 0.3314144736842105 0.03016453382084095 0.02549342105263158
1 0.7394881170018281 0.9181743421052632 0.0283363802559415 0.02631578947368421
1 0.7362888482632541 0.4712171052631579 0.029250457038391225 0.027960526315789474
1 0.7545703839122486 0.21751644736842105 0.0356489945155393 0.02631578947368421
1 0.946983546617916 0.3129111842105263 0.031078610603290677 0.027138157894736843
1 0.5082266910420475 0.25616776315789475 0.038391224862888484 0.02549342105263158
1 0.9218464351005484 0.45600328947368424 0.025594149908592323 0.023026315789473683
0 0.506398537477148 0.5851151315789473 0.02102376599634369 0.018914473684210526
0 0.34277879341864714 0.009868421052631578 0.03290676416819013 0.019736842105263157
0 0.32449725776965266 0.17351973684210525 0.027422303473491772 0.02055921052631579
1 0.7276051188299817 0.21134868421052633 0.031992687385740404 0.02549342105263158
1 0.0443327239488117 0.38774671052631576 0.024680073126142597 0.023848684210526317
1 0.5438756855575868 0.9584703947368421 0.026508226691042046 0.022203947368421052
1 0.5996343692870201 0.5115131578947368 0.037477148080438755 0.029605263157894735
1 0.1430530164533821 0.4720394736842105 0.033820840950639856 0.02055921052631579
0 0.3688299817184644 0.4597039473684211 0.021937842778793418 0.018914473684210526
1 0.02102376599634369 0.3852796052631579 0.029250457038391225 0.024671052631578948
1 0.6773308957952467 0.18379934210526316 0.03473491773308958 0.02631578947368421
1 0.37477148080438755 0.023026315789473683 0.03656307129798903 0.03042763157894737
0 0.6352833638025595 0.23478618421052633 0.025594149908592323 0.023026315789473683
1 0.43647166361974404 0.3638980263157895 0.0283363802559415 0.023026315789473683
1 0.473491773308958 0.1924342105263158 0.021937842778793418 0.018092105263157895
1 0.8779707495429616 0.04564144736842105 0.026508226691042046 0.018914473684210526
1 0.1380255941499086 0.48848684210526316 0.031992687385740404 0.024671052631578948
1 0.019652650822669104 0.32113486842105265 0.031078610603290677 0.027138157894736843
1 0.443327239488117 0.8861019736842105 0.0283363802559415 0.02055921052631579
0 0.29981718464351004 0.09662828947368421 0.02102376599634369 0.01644736842105263
1 0.33089579524680074 0.7039473684210527 0.0283363802559415 0.024671052631578948
1 0.7344606946983546 0.32401315789473684 0.033820840950639856 0.028782894736842105
0 0.8126142595978062 0.35238486842105265 0.026508226691042046 0.022203947368421052
0 0.6997257769652651 0.537828947368421 0.027422303473491772 0.02055921052631579
1 0.7330895795246801 0.23314144736842105 0.0356489945155393 0.027960526315789474
1 0.6595063985374772 0.23643092105263158 0.0283363802559415 0.023848684210526317
0 0.32769652650822667 0.3972039473684211 0.02102376599634369 0.01644736842105263
1 0.5749542961608776 0.38651315789473684 0.029250457038391225 0.023848684210526317
1 0.40813528336380256 0.944078947368421 0.025594149908592323 0.02138157894736842
1 0.9085923217550275 0.36800986842105265 0.022851919561243144 0.023026315789473683
1 0.9154478976234004 0.07730263157894737 0.02010968921389397 0.023848684210526317
0 0.6558500914076782 0.5349506578947368 0.03656307129798903 0.02549342105263158
0 0.7559414990859232 0.4535361842105263 0.029250457038391225 0.02138157894736842
1 0.028793418647166363 0.2450657894736842 0.0283363802559415 0.023848684210526317
1 0.5840950639853748 0.6208881578947368 0.022851919561243144 0.019736842105263157
1 0.1563071297989031 0.055098684210526314 0.033820840950639856 0.027138157894736843
0 0.930073126142596 0.36636513157894735 0.024680073126142597 0.023026315789473683
0 0.41681901279707495 0.5452302631578947 0.024680073126142597 0.019736842105263157
1 0.21937842778793418 0.031661184210526314 0.031992687385740404 0.023848684210526317
1 0.3875685557586837 0.959703947368421 0.029250457038391225 0.023026315789473683
0 0.38711151736745886 0.29851973684210525 0.024680073126142597 0.02055921052631579
1 0.5489031078610603 0.2532894736842105 0.03930530164533821 0.027138157894736843
1 0.6572212065813529 0.9354440789473685 0.027422303473491772 0.024671052631578948
1 0.3075868372943327 0.009046052631578948 0.03930530164533821 0.018092105263157895
0 0.7449725776965265 0.011513157894736841 0.031078610603290677 0.023026315789473683
0 0.3537477148080439 0.3527960526315789 0.024680073126142597 0.018914473684210526
1 0.08318098720292505 0.4473684210526316 0.031078610603290677 0.023026315789473683
1 0.8985374771480804 0.4037828947368421 0.025594149908592323 0.02138157894736842
0 0.5991773308957953 0.14432565789473684 0.029250457038391225 0.023848684210526317
1 0.5324497257769653 0.28495065789473684 0.026508226691042046 0.02138157894736842
0 0.409963436928702 0.3013980263157895 0.027422303473491772 0.022203947368421052
1 0.35511882998171845 0.3745888157894737 0.021937842778793418 0.019736842105263157
1 0.16179159049360145 0.032072368421052634 0.033820840950639856 0.02631578947368421
1 0.1343692870201097 0.03700657894736842 0.031078610603290677 0.02631578947368421
1 0.9926873857404022 0.7894736842105263 0.013711151736745886 0.032072368421052634
0 0.4319012797074954 0.3433388157894737 0.02376599634369287 0.02138157894736842
1 0.047989031078610606 0.45805921052631576 0.026508226691042046 0.02138157894736842
1 0.6069469835466179 0.12541118421052633 0.029250457038391225 0.018914473684210526
1 0.24542961608775138 0.03577302631578947 0.022851919561243144 0.018914473684210526
1 0.38711151736745886 0.007401315789473684 0.03656307129798903 0.014802631578947368
0 0.27376599634369286 0.1356907894736842 0.02376599634369287 0.02138157894736842
1 0.0726691042047532 0.4675164473684211 0.031992687385740404 0.028782894736842105
1 0.31672760511882997 0.11307565789473684 0.022851919561243144 0.022203947368421052
0 0.7120658135283364 0.008223684210526315 0.03290676416819013 0.01644736842105263
0 0.41910420475319926 0.030016447368421052 0.026508226691042046 0.022203947368421052
1 0.626599634369287 0.14679276315789475 0.031078610603290677 0.027138157894736843
1 0.47303473491773307 0.17763157894736842 0.025594149908592323 0.014802631578947368
0 0.9821755027422303 0.7561677631578947 0.029250457038391225 0.024671052631578948
1 0.2806215722120658 0.04975328947368421 0.02376599634369287 0.022203947368421052
1 0.14076782449725778 0.4004934210526316 0.0283363802559415 0.02055921052631579
1 0.970292504570384 0.7129934210526315 0.021937842778793418 0.02138157894736842
0 0.35054844606946983 0.05139802631578947 0.022851919561243144 0.02055921052631579
0 0.953382084095064 0.3885690789473684 0.029250457038391225 0.022203947368421052
0 0.6284277879341865 0.5254934210526315 0.026508226691042046 0.023848684210526317
0 0.7888482632541134 0.4740953947368421 0.024680073126142597 0.02055921052631579
1 0.9451553930530164 0.33758223684210525 0.037477148080438755 0.023848684210526317
1 0.453382084095064 0.18667763157894737 0.01736745886654479 0.015625
0 0.36654478976234006 0.09457236842105263 0.03016453382084095 0.023848684210526317
1 0.25594149908592323 0.09169407894736842 0.0283363802559415 0.023026315789473683
0 0.23491773308957953 0.054276315789473686 0.025594149908592323 0.022203947368421052
1 0.17550274223034734 0.3178453947368421 0.02010968921389397 0.02055921052631579
0 0.6892138939670932 0.016036184210526317 0.031078610603290677 0.02631578947368421
0 0.6220292504570384 0.45682565789473684 0.02376599634369287 0.019736842105263157
0 0.058043875685557585 0.7886513157894737 0.02010968921389397 0.018092105263157895
1 0.5022851919561243 0.3326480263157895 0.03016453382084095 0.02549342105263158
1 0.8839122486288848 0.061677631578947366 0.021937842778793418 0.019736842105263157
0 0.28244972577696525 0.7154605263157895 0.02102376599634369 0.018092105263157895
1 0.8953382084095064 0.07730263157894737 0.02102376599634369 0.02055921052631579
1 0.4538391224862888 0.912828947368421 0.024680073126142597 0.02138157894736842
1 0.14579524680073125 0.012335526315789474 0.031992687385740404 0.023848684210526317
0 0.35420475319926875 0.2902960526315789 0.024680073126142597 0.02138157894736842
1 0.8418647166361974 0.3412828947368421 0.02010968921389397 0.01644736842105263
0 0.2970749542961609 0.7935855263157895 0.029250457038391225 0.02138157894736842
1 0.4264168190127971 0.9354440789473685 0.025594149908592323 0.022203947368421052
1 0.5086837294332724 0.2989309210526316 0.027422303473491772 0.023848684210526317
1 0.12477148080438757 0.055509868421052634 0.031992687385740404 0.02631578947368421
1 0.6988117001828154 0.2582236842105263 0.03016453382084095 0.022203947368421052
1 0.43418647166361973 0.9037828947368421 0.027422303473491772 0.019736842105263157
0 0.03884826325411334 0.7907072368421053 0.024680073126142597 0.02138157894736842
0 0.14076782449725778 0.6698190789473685 0.027422303473491772 0.02138157894736842
0 0.6019195612431444 0.16282894736842105 0.031992687385740404 0.02138157894736842
1 0.45521023765996343 0.3482730263157895 0.025594149908592323 0.02138157894736842
0 0.6627056672760512 0.907483552631579 0.03290676416819013 0.024671052631578948
0 0.953382084095064 0.7080592105263158 0.022851919561243144 0.019736842105263157
0 0.4113345521023766 0.2845394736842105 0.02376599634369287 0.01644736842105263
0 0.7170932358318098 0.07401315789473684 0.029250457038391225 0.023848684210526317
0 0.779707495429616 0.3527960526315789 0.031992687385740404 0.023848684210526317
0 0.33775137111517367 0.5176809210526315 0.018281535648994516 0.017269736842105265
1 0.40950639853747717 0.3338815789473684 0.0283363802559415 0.02549342105263158
1 0.896709323583181 0.05592105263157895 0.019195612431444242 0.017269736842105265
0 0.5630712979890311 0.9494243421052632 0.024680073126142597 0.02055921052631579
1 0.05941499085923217 0.4165296052631579 0.031078610603290677 0.023848684210526317
1 0.6851005484460695 0.9370888157894737 0.031992687385740404 0.023026315789473683
0 0.24040219378427788 0.5616776315789473 0.026508226691042046 0.022203947368421052
0 0.8139853747714808 0.033717105263157895 0.022851919561243144 0.01644736842105263
0 0.473491773308958 0.3980263157894737 0.025594149908592323 0.02138157894736842
0 0.1170018281535649 0.5337171052631579 0.02102376599634369 0.01644736842105263
0 0.4913162705667276 0.18873355263157895 0.01736745886654479 0.01644736842105263
0 0.5347349177330896 0.3762335526315789 0.03016453382084095 0.023026315789473683
0 0.8322669104204753 0.23766447368421054 0.031078610603290677 0.024671052631578948
1 0.27879341864716634 0.10115131578947369 0.02376599634369287 0.022203947368421052
0 0.42915904936014626 0.07771381578947369 0.0283363802559415 0.02138157894736842
0 0.3176416819012797 0.45024671052631576 0.022851919561243144 0.018914473684210526
0 0.716636197440585 0.9120065789473685 0.024680073126142597 0.022203947368421052
1 0.6576782449725777 0.678453947368421 0.02010968921389397 0.015625
0 0.44515539305301643 0.04564144736842105 0.022851919561243144 0.018914473684210526
0 0.48628884826325414 0.38199013157894735 0.0283363802559415 0.022203947368421052
0 0.706581352833638 0.2808388157894737 0.026508226691042046 0.022203947368421052
0 0.6695612431444241 0.0069901315789473685 0.031078610603290677 0.013980263157894737
1 0.350091407678245 0.3996710526315789 0.019195612431444242 0.01644736842105263
0 0.9456124314442413 0.569078947368421 0.02010968921389397 0.017269736842105265
1 0.970292504570384 0.9354440789473685 0.025594149908592323 0.02549342105263158
0 0.7385740402193784 0.2989309210526316 0.03016453382084095 0.024671052631578948
1 0.5269652650822669 0.7380756578947368 0.02102376599634369 0.017269736842105265
1 0.008226691042047532 0.6509046052631579 0.016453382084095063 0.018914473684210526
0 0.5223948811700183 0.5970394736842105 0.02102376599634369 0.019736842105263157
0 0.6919561243144424 0.19695723684210525 0.02102376599634369 0.017269736842105265
0 0.49954296160877515 0.40254934210526316 0.03290676416819013 0.027138157894736843
1 0.6928702010968921 0.29523026315789475 0.0283363802559415 0.024671052631578948
0 0.6526508226691042 0.2553453947368421 0.029250457038391225 0.023848684210526317
0 0.5310786106032906 0.06661184210526316 0.022851919561243144 0.02055921052631579
1 0.006855575868372943 0.795641447368421 0.013711151736745886 0.023026315789473683
1 0.028793418647166363 0.4083059210526316 0.031992687385740404 0.024671052631578948
1 0.8724862888482633 0.1040296052631579 0.02376599634369287 0.02138157894736842
0 0.16819012797074953 0.5756578947368421 0.026508226691042046 0.02138157894736842
1 0.5781535648994516 0.15625 0.021937842778793418 0.023026315789473683
0 0.4172760511882998 0.7405427631578947 0.022851919561243144 0.018092105263157895
0 0.26371115173674586 0.044407894736842105 0.02102376599634369 0.018092105263157895
1 0.4716636197440585 0.35238486842105265 0.022851919561243144 0.024671052631578948
1 0.03153564899451554 0.6278782894736842 0.0283363802559415 0.02549342105263158
0 0.27148080438756855 0.15213815789473684 0.026508226691042046 0.018092105263157895
0 0.503199268738574 0.7162828947368421 0.01736745886654479 0.017269736842105265
0 0.37751371115173676 0.2816611842105263 0.0283363802559415 0.022203947368421052
0 0.9730347349177331 0.3951480263157895 0.018281535648994516 0.01644736842105263
1 0.40950639853747717 0.008634868421052632 0.026508226691042046 0.017269736842105265
1 0.8318098720292505 0.2372532894736842 0.031078610603290677 0.023848684210526317
1 0.6896709323583181 0.9428453947368421 0.03473491773308958 0.028782894736842105
0 0.5164533820840951 0.7142269736842105 0.01736745886654479 0.017269736842105265
0 0.4309872029250457 0.005756578947368421 0.02376599634369287 0.011513157894736841
0 0.2577696526508227 0.06126644736842105 0.02376599634369287 0.018914473684210526
0 0.9177330895795247 0.34991776315789475 0.024680073126142597 0.02055921052631579
1 0.4108775137111517 0.9555921052631579 0.025594149908592323 0.019736842105263157
0 0.5356489945155393 0.3988486842105263 0.03016453382084095 0.023026315789473683
0 0.5237659963436929 0.5818256578947368 0.018281535648994516 0.014802631578947368
1 0.08226691042047532 0.48848684210526316 0.027422303473491772 0.018914473684210526
0 0.35146252285191953 0.4564144736842105 0.02102376599634369 0.018914473684210526
0 0.44789762340036565 0.3338815789473684 0.02010968921389397 0.018092105263157895
0 0.5223948811700183 0.03412828947368421 0.02010968921389397 0.01644736842105263
1 0.8359232175502742 0.3675986842105263 0.019195612431444242 0.014802631578947368
