1 0.7545833333333334 0.859714928732183 0.07083333333333333 0.06451612903225806
1 0.7033333333333334 0.8900975243810952 0.06916666666666667 0.05776444111027757
1 0.37583333333333335 0.025881470367591898 0.07416666666666667 0.051762940735183796
1 0.03916666666666667 0.05926481620405101 0.0575 0.04801200300075019
0 0.02375 0.23930982745686422 0.0475 0.046511627906976744
1 0.2633333333333333 0.4654913728432108 0.06583333333333333 0.05026256564141035
1 0.16833333333333333 0.11065266316579145 0.049166666666666664 0.04351087771942986
1 0.07333333333333333 0.028507126781695424 0.051666666666666666 0.04951237809452363
1 0.24041666666666667 0.8747186796699175 0.05416666666666667 0.05251312828207052
1 0.5108333333333334 0.39122280570142537 0.065 0.04876219054763691
1 0.7295833333333334 0.8177044261065266 0.04416666666666667 0.04576144036009002
1 0.85 0.9257314328582146 0.07083333333333333 0.06451612903225806
1 0.335 0.27831957989497375 0.051666666666666666 0.042010502625656414
1 0.017083333333333332 0.34321080270067517 0.03166666666666667 0.04951237809452363
0 0.017083333333333332 0.30120030007501875 0.034166666666666665 0.03975993998499625
1 0.77125 0.9774943735933983 0.05583333333333333 0.04276069017254314
0 0.2633333333333333 0.41710427606901723 0.04416666666666667 0.03825956489122281
1 0.81625 0.9647411852963241 0.0525 0.03900975243810953
1 0.056666666666666664 0.1264066016504126 0.03166666666666667 0.03375843960990248
1 0.8191666666666667 0.24456114028507125 0.043333333333333335 0.042010502625656414
1 0.2475 0.34171042760690173 0.04083333333333333 0.0345086271567892
0 0.032916666666666664 0.021005251312828207 0.0425 0.04126031507876969
1 0.9883333333333333 0.7895723930982745 0.021666666666666667 0.03375843960990248
1 0.09541666666666666 0.01687921980495124 0.06666666666666667 0.033008252063015754
1 0.7633333333333333 0.9493623405851462 0.04416666666666667 0.03150787696924231
1 0.31625 0.01387846961740435 0.06 0.0277569392348087
1 0.455 0.016129032258064516 0.041666666666666664 0.03225806451612903
0 0.23708333333333334 0.00900225056264066 0.045 0.01800450112528132
1 0.39625 0.20180045011252815 0.045 0.03225806451612903
1 0.41125 0.01800450112528132 0.0375 0.03600900225056264
1 0.9020333333333334 0.23935483870967741 0.03843333333333333 0.03744936234058515
1 0.7004166666666667 0.8094523630907727 0.03916666666666667 0.042010502625656414
0 0.3675 0.1879219804951238 0.034166666666666665 0.029257314328582147
