1 0.2513711151736746 0.30180921052631576 0.04753199268738574 0.03289473684210526
1 0.15082266910420475 0.11759868421052631 0.056672760511883 0.046052631578947366
1 0.38254113345521024 0.08018092105263158 0.04753199268738574 0.038651315789473686
1 0.4629798903107861 0.6040296052631579 0.04753199268738574 0.032072368421052634
1 0.32952468007312613 0.08758223684210527 0.044789762340036565 0.03618421052631579
1 0.22577696526508226 0.2824835526315789 0.03473491773308958 0.029605263157894735
1 0.32586837294332727 0.5045230263157895 0.04296160877513711 0.029605263157894735
1 0.08089579524680073 0.13075657894736842 0.051188299817184646 0.04194078947368421
1 0.4053930530164534 0.5361842105263158 0.033820840950639856 0.027138157894736843
1 0.3670018281535649 0.4761513157894737 0.04753199268738574 0.033717105263157895
1 0.11471663619744059 0.09333881578947369 0.048446069469835464 0.03700657894736842
1 0.4346435100548446 0.06414473684210527 0.04296160877513711 0.03618421052631579
1 0.19881170018281535 0.3338815789473684 0.03930530164533821 0.032072368421052634
1 0.041590493601462525 0.28207236842105265 0.033820840950639856 0.027960526315789474
1 0.8382084095063985 0.08141447368421052 0.037477148080438755 0.03042763157894737
1 0.8638025594149908 0.06414473684210527 0.03656307129798903 0.03289473684210526
1 0.8628884826325411 0.26274671052631576 0.04296160877513711 0.032072368421052634
1 0.8226691042047533 0.057154605263157895 0.038391224862888484 0.03042763157894737
1 0.6060329067641682 0.19695723684210525 0.03930530164533821 0.027960526315789474
1 0.9593235831809872 0.12911184210526316 0.03290676416819013 0.027960526315789474
1 0.7943327239488117 0.07730263157894737 0.0356489945155393 0.02549342105263158
1 0.08912248628884827 0.5875822368421053 0.0283363802559415 0.024671052631578948
1 0.28884826325411334 0.7228618421052632 0.026508226691042046 0.02549342105263158
1 0.8007312614259597 0.4979440789473684 0.037477148080438755 0.027960526315789474
1 0.8925959780621572 0.34457236842105265 0.04021937842778794 0.029605263157894735
1 0.21709323583180987 0.17393092105263158 0.03016453382084095 0.024671052631578948
1 0.12888482632541134 0.594983552631579 0.027422303473491772 0.022203947368421052
1 0.35420475319926875 0.4342105263157895 0.04021937842778794 0.028782894736842105
1 0.013254113345521023 0.524671052631579 0.025594149908592323 0.023848684210526317
1 0.8158135283363802 0.1196546052631579 0.0356489945155393 0.03042763157894737
1 0.3080438756855576 0.7351973684210527 0.033820840950639856 0.027138157894736843
1 0.41910420475319926 0.5053453947368421 0.0356489945155393 0.03042763157894737
1 0.833180987202925 0.3671875 0.04296160877513711 0.03289473684210526
1 0.3304387568555759 0.4239309210526316 0.031992687385740404 0.028782894736842105
1 0.1540219378427788 0.5863486842105263 0.03016453382084095 0.02631578947368421
1 0.11014625228519195 0.15008223684210525 0.03656307129798903 0.027138157894736843
1 0.03153564899451554 0.5382401315789473 0.026508226691042046 0.02055921052631579
1 0.25182815356489946 0.7236842105263158 0.03290676416819013 0.028782894736842105
1 0.8729433272394881 0.08634868421052631 0.033820840950639856 0.024671052631578948
1 0.06718464351005485 0.2837171052631579 0.027422303473491772 0.02549342105263158
1 0.8482632541133455 0.5727796052631579 0.031992687385740404 0.02549342105263158
1 0.9853747714808044 0.15378289473684212 0.029250457038391225 0.027138157894736843
1 0.376599634369287 0.4041940789473684 0.0283363802559415 0.02055921052631579
1 0.2362888482632541 0.18050986842105263 0.026508226691042046 0.023848684210526317
1 0.1206581352833638 0.5773026315789473 0.025594149908592323 0.019736842105263157
1 0.44881170018281535 0.5842927631578947 0.03473491773308958 0.02055921052631579
1 0.45521023765996343 0.005756578947368421 0.04936014625228519 0.011513157894736841
1 0.9341864716636198 0.11143092105263158 0.0283363802559415 0.02138157894736842
1 0.1489945155393053 0.6961348684210527 0.031992687385740404 0.024671052631578948
1 0.8350091407678245 0.32319078947368424 0.04204753199268738 0.03453947368421053
1 0.10786106032906764 0.5990953947368421 0.02376599634369287 0.018914473684210526
1 0.9547531992687386 0.3178453947368421 0.03290676416819013 0.02055921052631579
1 0.9538391224862889 0.3347039473684211 0.03290676416819013 0.02549342105263158
1 0.7957038391224863 0.13856907894736842 0.03473491773308958 0.023026315789473683
1 0.5909506398537477 0.6620065789473685 0.031992687385740404 0.027960526315789474
1 0.16453382084095064 0.6788651315789473 0.03016453382084095 0.023026315789473683
1 0.453382084095064 0.5600328947368421 0.03473491773308958 0.023026315789473683
1 0.3697440585009141 0.39432565789473684 0.0283363802559415 0.02138157894736842
1 0.20292504570383912 0.7327302631578947 0.029250457038391225 0.023848684210526317
