1 0.9475 0.6575393848462115 0.0625 0.04876219054763691
1 0.9029166666666667 0.6822955738934734 0.055 0.04951237809452363
1 0.92375 0.7205551387846961 0.059166666666666666 0.047261815453863466
1 0.9658333333333333 0.6991747936984246 0.049166666666666664 0.05251312828207052
1 0.052083333333333336 0.350337584396099 0.035833333333333335 0.03150787696924231
1 0.9408333333333333 0.060765191297824456 0.041666666666666664 0.03600900225056264
1 0.16291666666666665 0.03825956489122281 0.051666666666666666 0.03825956489122281
1 0.8654166666666666 0.6530382595648913 0.060833333333333336 0.05401350337584396
1 0.4375 0.18304576144036008 0.0375 0.029257314328582147
1 0.9845833333333334 0.3049512378094524 0.030833333333333334 0.03825956489122281
1 0.25375 0.16654163540885222 0.034166666666666665 0.030007501875468866
1 0.86875 0.008252063015753939 0.03333333333333333 0.016504126031507877
1 0.85625 0.39572393098274566 0.03333333333333333 0.03150787696924231
1 0.8725 0.25731432858214554 0.0425 0.03225806451612903
1 0.66 0.45386346586646664 0.03666666666666667 0.03075768942235559
1 0.9433333333333334 0.12565641410352588 0.03333333333333333 0.03825956489122281
1 0.20208333333333334 0.1380345086271568 0.035 0.02700675168792198
1 0.8245833333333333 0.5003750937734434 0.035 0.029257314328582147
1 0.8391666666666666 0.2813203300825206 0.04 0.0277569392348087
1 0.8641666666666666 0.7063015753938484 0.051666666666666666 0.042010502625656414
1 0.22583333333333333 0.16541635408852212 0.03166666666666667 0.02700675168792198
1 0.7575 0.2115528882220555 0.03666666666666667 0.035258814703675916
0 0.8370833333333333 0.16616654163540887 0.04 0.03375843960990248
1 0.018333333333333333 0.08889722430607652 0.03333333333333333 0.030007501875468866
1 0.8575 0.1282820705176294 0.0325 0.04126031507876969
1 0.2725 0.01312828207051763 0.04 0.025506376594148537
1 0.5266666666666666 0.4069767441860465 0.0375 0.03675918979744936
0 0.24125 0.2854463615903976 0.03 0.024006001500375095
