1 0.5045833333333334 0.028882220555138786 0.058333333333333334 0.04876219054763691
0 0.32853333333333334 0.3125581395348837 0.022591666666666666 0.030465116279069768
0 0.3358333333333333 0.2786946736684171 0.04083333333333333 0.03600900225056264
0 0.8066666666666666 0.2644411102775694 0.043333333333333335 0.03600900225056264
0 0.7783333333333333 0.24756189047261815 0.03166666666666667 0.020255063765941484
1 0.47375 0.2243060765191298 0.04666666666666667 0.037509377344336084
1 0.2970833333333333 0.3413353338334584 0.04666666666666667 0.033008252063015754
0 0.3016666666666667 0.2651912978244561 0.03333333333333333 0.0277569392348087
0 0.8183333333333334 0.29182295573893474 0.034166666666666665 0.03075768942235559
1 0.45458333333333334 0.10465116279069768 0.034166666666666665 0.02700675168792198
0 0.7683333333333333 0.2704426106526632 0.0375 0.03600900225056264
0 0.3645833333333333 0.02250562640660165 0.03916666666666667 0.033008252063015754
0 0.2275 0.047261815453863466 0.041666666666666664 0.03600900225056264
0 0.7866666666666666 0.29632408102025504 0.0325 0.029257314328582147
0 0.55125 0.01312828207051763 0.043333333333333335 0.02625656414103526
1 0.7654166666666666 0.5468867216804201 0.015833333333333335 0.015003750937734433
1 0.5291666666666667 0.36384096024006 0.018333333333333333 0.015003750937734433
1 0.6729166666666667 0.35671417854463616 0.018333333333333333 0.018754688672168042
1 0.23541666666666666 0.2738184546136534 0.025833333333333333 0.024756189047261814
1 0.45166666666666666 0.016129032258064516 0.04416666666666667 0.03225806451612903
0 0.20041666666666666 0.024381095273818456 0.03166666666666667 0.024756189047261814
1 0.7733333333333333 0.5352588147036759 0.0175 0.014253563390847712
0 0.24416666666666667 0.021005251312828207 0.03333333333333333 0.024756189047261814
1 0.9816666666666667 0.38559639909977494 0.016666666666666666 0.015003750937734433
1 0.9670833333333333 0.3690922730682671 0.02 0.016504126031507877
0 0.34541666666666665 0.04538634658664666 0.0375 0.030007501875468866
0 0.28708333333333336 0.28582145536384096 0.028333333333333332 0.02250562640660165
1 0.25083333333333335 0.010502625656414103 0.04833333333333333 0.021005251312828207
1 0.7383333333333333 0.5543885971492873 0.015 0.012003000750187547
1 0.08333333333333333 0.33645911477869467 0.0175 0.0172543135783946
1 0.4479166666666667 0.2059264816204051 0.025833333333333333 0.02250562640660165
1 0.78 0.5491372843210802 0.015833333333333335 0.01350337584396099
1 0.63375 0.35858964741185295 0.02 0.015753938484621154
1 0.29833333333333334 0.30870217554388596 0.04833333333333333 0.03600900225056264
1 0.34625 0.5258814703675919 0.015833333333333335 0.01350337584396099
1 0.18666666666666668 0.5352588147036759 0.016666666666666666 0.015003750937734433
1 0.33791666666666664 0.527006751687922 0.0175 0.01350337584396099
1 0.0175 0.5157539384846211 0.0325 0.035258814703675916
1 0.12333333333333334 0.6879219804951238 0.013333333333333334 0.01350337584396099
1 0.7579166666666667 0.5326331582895724 0.015833333333333335 0.014253563390847712
1 0.725 0.5577644411102776 0.019166666666666665 0.018754688672168042
1 0.04375 0.5142535633908477 0.02666666666666667 0.024756189047261814
1 0.24708333333333332 0.5243810952738185 0.016666666666666666 0.014253563390847712
1 0.43333333333333335 0.2250562640660165 0.03333333333333333 0.02700675168792198
1 0.10416666666666667 0.6864216054013503 0.015833333333333335 0.012753188297074268
1 0.5520833333333334 0.2929482370592648 0.018333333333333333 0.01350337584396099
0 0.3465916666666667 0.31228807201800446 0.026600000000000002 0.035341335333833455
0 0.3625 0.3199549887471868 0.025833333333333333 0.0277569392348087
1 0.41833333333333333 0.4512378094523631 0.019166666666666665 0.01800450112528132
1 0.1575 0.5157539384846211 0.024166666666666666 0.018754688672168042
1 0.4575 0.19129782445611404 0.024166666666666666 0.020255063765941484
1 0.42833333333333334 0.31470367591897974 0.016666666666666666 0.015003750937734433
1 0.3283333333333333 0.6166541635408852 0.015833333333333335 0.01350337584396099
1 0.35833333333333334 0.2955738934733683 0.021666666666666667 0.023255813953488372
0 0.16666666666666666 0.5037509377344336 0.024166666666666666 0.020255063765941484
1 0.1 0.4992498124531133 0.0175 0.015003750937734433
0 0.7595833333333334 0.2940735183795949 0.025 0.023255813953488372
1 0.47791666666666666 0.00900225056264066 0.045 0.01800450112528132
1 0.009166666666666667 0.626781695423856 0.016666666666666666 0.016504126031507877
1 0.11708333333333333 0.677794448612153 0.014166666666666666 0.010502625656414103
