1 0.19789762340036562 0.3984375 0.04204753199268738 0.028782894736842105
1 0.6869287020109689 0.3384046052631579 0.03473491773308958 0.029605263157894735
1 0.6279707495429616 0.1924342105263158 0.03473491773308958 0.03042763157894737
1 0.12385740402193784 0.25287828947368424 0.03656307129798903 0.029605263157894735
1 0.7253199268738574 0.2578125 0.04021937842778794 0.03536184210526316
1 0.6503656307129799 0.36348684210526316 0.033820840950639856 0.028782894736842105
1 0.18418647166361973 0.032072368421052634 0.037477148080438755 0.029605263157894735
1 0.1425959780621572 0.27713815789473684 0.04021937842778794 0.04111842105263158
1 0.4076782449725777 0.15172697368421054 0.03016453382084095 0.027960526315789474
1 0.6540219378427788 0.19572368421052633 0.03016453382084095 0.028782894736842105
1 0.6759597806215722 0.36636513157894735 0.031078610603290677 0.029605263157894735
1 0.6951553930530164 0.2512335526315789 0.03656307129798903 0.033717105263157895
1 0.3930530164533821 0.43379934210526316 0.043875685557586835 0.027960526315789474
1 0.24314442413162707 0.29194078947368424 0.03473491773308958 0.028782894736842105
1 0.653107861060329 0.3042763157894737 0.031078610603290677 0.028782894736842105
1 0.16544789762340037 0.3050986842105263 0.033820840950639856 0.023026315789473683
1 0.27376599634369286 0.3034539473684211 0.04113345521023766 0.03453947368421053
1 0.2673674588665448 0.3314144736842105 0.03930530164533821 0.023848684210526317
1 0.16042047531992687 0.32524671052631576 0.029250457038391225 0.024671052631578948
1 0.24085923217550273 0.31620065789473684 0.03473491773308958 0.027138157894736843
1 0.40722120658135286 0.055098684210526314 0.031078610603290677 0.023848684210526317
1 0.7792504570383912 0.5250822368421053 0.03656307129798903 0.02549342105263158
0 0.1823583180987203 0.3285361842105263 0.026508226691042046 0.02631578947368421
1 0.1590493601462523 0.34375 0.029250457038391225 0.022203947368421052
0 0.8025594149908593 0.24629934210526316 0.031992687385740404 0.027138157894736843
1 0.5281352833638026 0.2786101973684211 0.03656307129798903 0.032072368421052634
1 0.3249542961608775 0.31537828947368424 0.03290676416819013 0.029605263157894735
1 0.7737659963436929 0.546875 0.03290676416819013 0.027960526315789474
0 0.06718464351005485 0.17434210526315788 0.03473491773308958 0.032072368421052634
1 0.9629798903107861 0.36019736842105265 0.027422303473491772 0.023026315789473683
0 0.38482632541133455 0.4198190789473684 0.0283363802559415 0.023026315789473683
1 0.4017367458866545 0.4115953947368421 0.024680073126142597 0.02055921052631579
