1 0.22125 0.25206301575393847 0.04416666666666667 0.035258814703675916
0 0.20416666666666666 0.7880720180045011 0.04083333333333333 0.035258814703675916
0 0.8579166666666667 0.9309827456864216 0.04 0.03375843960990248
0 0.8391666666666666 0.768192048012003 0.04416666666666667 0.03675918979744936
1 0.825 0.972993248312078 0.055 0.051762940735183796
1 0.8579166666666667 0.9808702175543886 0.04416666666666667 0.037509377344336084
0 0.43583333333333335 0.08964741185296324 0.04583333333333333 0.037509377344336084
0 0.19708333333333333 0.7550637659414854 0.041666666666666664 0.03675918979744936
1 0.9266666666666666 0.9347336834208552 0.04083333333333333 0.035258814703675916
0 0.15917499999999998 0.8061665416354088 0.0479 0.046121530382595644
0 0.16625 0.7768192048012003 0.03833333333333333 0.033008252063015754
1 0.9575 0.9182295573893473 0.03916666666666667 0.037509377344336084
1 0.07333333333333333 0.2633158289572393 0.030833333333333334 0.0277569392348087
0 0.5091666666666667 0.07501875468867217 0.035 0.02625656414103526
1 0.8625 0.890847711927982 0.030833333333333334 0.028507126781695424
1 0.44083333333333335 0.12110277569392348 0.05 0.037509377344336084
1 0.06424166666666667 0.31299324831207803 0.023983333333333336 0.02369092273068267
0 0.504725 0.09506376594148537 0.024841666666666665 0.02059264816204051
0 0.22748333333333334 0.7767966991747938 0.022641666666666668 0.019887471867966994
0 0.22238333333333335 0.7571792948237059 0.024883333333333334 0.0277344336084021
0 0.5432583333333333 0.703158289572393 0.03530833333333333 0.03852213053263316
0 0.9237833333333333 0.8953938484621154 0.033041666666666664 0.028394598649662418
0 0.8074833333333333 0.9267141785446361 0.029575 0.03387846961740435
