1 0.9794332723948812 0.8597861842105263 0.03016453382084095 0.02549342105263158
1 0.43555758683729434 0.9757401315789473 0.02102376599634369 0.019736842105263157
1 0.48811700182815354 0.9555921052631579 0.026508226691042046 0.022203947368421052
1 0.09734917733089579 0.10896381578947369 0.04661791590493602 0.04194078947368421
1 0.4309872029250457 0.655016447368421 0.025594149908592323 0.022203947368421052
1 0.19287020109689215 0.6866776315789473 0.04021937842778794 0.039473684210526314
1 0.6124314442413162 0.9449013157894737 0.018281535648994516 0.017269736842105265
1 0.11288848263254113 0.07442434210526316 0.04570383912248629 0.04523026315789474
1 0.19881170018281535 0.6147203947368421 0.038391224862888484 0.03289473684210526
1 0.20155393053016454 0.5797697368421053 0.03290676416819013 0.024671052631578948
1 0.4373857404021938 0.6866776315789473 0.022851919561243144 0.018092105263157895
1 0.41773308957952465 0.975328947368421 0.02010968921389397 0.019736842105263157
1 0.9529250457038391 0.9124177631578947 0.031078610603290677 0.027138157894736843
1 0.9095063985374772 0.5810032894736842 0.033820840950639856 0.024671052631578948
1 0.2202925045703839 0.686266447368421 0.029250457038391225 0.03618421052631579
1 0.3779707495429616 0.44243421052631576 0.029250457038391225 0.02549342105263158
1 0.27148080438756855 0.7787828947368421 0.0283363802559415 0.022203947368421052
1 0.5946069469835467 0.9428453947368421 0.02010968921389397 0.01644736842105263
1 0.45749542961608775 0.5571546052631579 0.03016453382084095 0.02631578947368421
1 0.443327239488117 0.9921875 0.022851919561243144 0.015625
1 0.5073126142595978 0.9617598684210527 0.019195612431444242 0.02055921052631579
1 0.1316270566727605 0.7273848684210527 0.038391224862888484 0.03782894736842105
1 0.7038391224862889 0.6344572368421053 0.029250457038391225 0.024671052631578948
1 0.1773308957952468 0.631578947368421 0.038391224862888484 0.03453947368421053
1 0.3117001828153565 0.3926809210526316 0.03290676416819013 0.02549342105263158
1 0.2696526508226691 0.7976973684210527 0.033820840950639856 0.023848684210526317
1 0.5013711151736746 0.4847861842105263 0.025594149908592323 0.018914473684210526
1 0.16956124314442414 0.7364309210526315 0.04021937842778794 0.027960526315789474
0 0.06444241316270567 0.08264802631578948 0.03930530164533821 0.03042763157894737
1 0.25594149908592323 0.42557565789473684 0.021937842778793418 0.022203947368421052
0 0.30987202925045704 0.41570723684210525 0.027422303473491772 0.024671052631578948
1 0.9913162705667276 0.4074835526315789 0.01736745886654479 0.02055921052631579
1 0.506398537477148 0.9806743421052632 0.016453382084095063 0.014802631578947368
1 0.23308957952468007 0.6229440789473685 0.026508226691042046 0.02549342105263158
1 0.286563071297989 0.3996710526315789 0.027422303473491772 0.018914473684210526
1 0.4689213893967093 0.944078947368421 0.018281535648994516 0.018092105263157895
0 0.47074954296160876 0.9880756578947368 0.019195612431444242 0.01644736842105263
1 0.14579524680073125 0.07853618421052631 0.031078610603290677 0.05016447368421053
1 0.17047531992687387 0.7134046052631579 0.04936014625228519 0.029605263157894735
0 0.44012797074954296 0.9535361842105263 0.02010968921389397 0.017269736842105265
1 0.22212065813528337 0.5970394736842105 0.026508226691042046 0.023026315789473683
1 0.4913162705667276 0.5953947368421053 0.03473491773308958 0.029605263157894735
1 0.7129798903107861 0.6254111842105263 0.02376599634369287 0.019736842105263157
1 0.45109689213893966 0.5995065789473685 0.02376599634369287 0.02138157894736842
1 0.473491773308958 0.9263980263157895 0.019195612431444242 0.014802631578947368
0 0.29341864716636196 0.4354440789473684 0.024680073126142597 0.02055921052631579
1 0.20383912248628885 0.6677631578947368 0.022851919561243144 0.015625
1 0.49588665447897623 0.748766447368421 0.04204753199268738 0.03042763157894737
1 0.14311700182815357 0.6909457236842106 0.054387568555758686 0.04450657894736842
1 0.17184643510054845 0.6681743421052632 0.022851919561243144 0.018914473684210526
1 0.4570383912248629 0.6089638157894737 0.0283363802559415 0.02631578947368421
