1 0.07458333333333333 0.8282070517629407 0.0775 0.06526631657914479
1 0.13375 0.8484621155288822 0.07166666666666667 0.06676669167291822
1 0.3045833333333333 0.14816204051012752 0.055 0.04276069017254314
1 0.21125 0.2479369842460615 0.050833333333333335 0.04426106526631658
1 0.215 0.12678169542385595 0.04083333333333333 0.03375843960990248
1 0.23041666666666666 0.15678919729932483 0.04583333333333333 0.04126031507876969
1 0.2966666666666667 0.11927981995498875 0.04083333333333333 0.03075768942235559
1 0.195 0.168417104276069 0.0425 0.04126031507876969
1 0.25666666666666665 0.18042010502625658 0.03833333333333333 0.046511627906976744
1 0.28125 0.25543885971492875 0.04666666666666667 0.03825956489122281
1 0.2608333333333333 0.2835708927231808 0.04 0.0345086271567892
1 0.04041666666666666 0.8094523630907727 0.0425 0.051762940735183796
1 0.33 0.16541635408852212 0.035 0.033008252063015754
1 0.25625 0.1339084771192798 0.03166666666666667 0.0277569392348087
1 0.07270833333333333 0.6027006751687922 0.046558333333333334 0.035611402850712674
1 0.17029166666666667 0.8820405101275319 0.04135833333333334 0.024576144036009002
1 0.143075 0.9349512378094523 0.050383333333333336 0.040195048762190544
0 0.60675 0.8894073518379594 0.04595833333333333 0.0362940735183796
