1 0.30575868372943327 0.37006578947368424 0.04204753199268738 0.038651315789473686
1 0.15585009140767825 0.7310855263157895 0.04021937842778794 0.03289473684210526
1 0.8688299817184644 0.3885690789473684 0.0356489945155393 0.027960526315789474
1 0.4926873857404022 0.7697368421052632 0.0356489945155393 0.033717105263157895
1 0.5525594149908593 0.7898848684210527 0.04296160877513711 0.038651315789473686
1 0.2870201096892139 0.45476973684210525 0.037477148080438755 0.03289473684210526
1 0.26828153564899454 0.37870065789473684 0.038391224862888484 0.038651315789473686
1 0.8450639853747715 0.4901315789473684 0.031078610603290677 0.023848684210526317
1 0.4149908592321755 0.06620065789473684 0.037477148080438755 0.038651315789473686
1 0.7915904936014625 0.06907894736842106 0.04204753199268738 0.03618421052631579
1 0.9172760511882998 0.46504934210526316 0.03473491773308958 0.03125
1 0.3793418647166362 0.08018092105263158 0.043875685557586835 0.04029605263157895
1 0.3843692870201097 0.04810855263157895 0.03656307129798903 0.028782894736842105
1 0.8089579524680073 0.4387335526315789 0.024680073126142597 0.022203947368421052
1 0.25411334552102377 0.4675164473684211 0.03930530164533821 0.03782894736842105
1 0.24542961608775138 0.8622532894736842 0.025594149908592323 0.02138157894736842
1 0.8994515539305301 0.49054276315789475 0.03473491773308958 0.028782894736842105
1 0.4602376599634369 0.0703125 0.04204753199268738 0.038651315789473686
1 0.8313528336380256 0.4453125 0.031992687385740404 0.027138157894736843
1 0.2312614259597806 0.18421052631578946 0.031992687385740404 0.027138157894736843
1 0.5109689213893968 0.7985197368421053 0.043875685557586835 0.03453947368421053
1 0.8473491773308958 0.5271381578947368 0.029250457038391225 0.027138157894736843
1 0.8350091407678245 0.5098684210526315 0.031992687385740404 0.027960526315789474
1 0.8793418647166362 0.4140625 0.025594149908592323 0.02631578947368421
1 0.8459780621572212 0.4231085526315789 0.025594149908592323 0.024671052631578948
1 0.5617001828153565 0.9728618421052632 0.03290676416819013 0.029605263157894735
1 0.6101462522851919 0.890625 0.029250457038391225 0.027960526315789474
1 0.2929616087751371 0.47944078947368424 0.03656307129798903 0.028782894736842105
1 0.6119744058500914 0.8018092105263158 0.029250457038391225 0.023026315789473683
1 0.7806215722120659 0.4555921052631579 0.026508226691042046 0.02549342105263158
0 0.22440585009140768 0.6546052631578947 0.033820840950639856 0.03125
1 0.8135283363802559 0.02055921052631579 0.0356489945155393 0.03453947368421053
0 0.6316270566727605 0.8951480263157895 0.0283363802559415 0.02631578947368421
0 0.36060329067641683 0.9333881578947368 0.027422303473491772 0.019736842105263157
1 0.9922303473491774 0.8898026315789473 0.015539305301645339 0.022203947368421052
1 0.43875685557586835 0.05139802631578947 0.031078610603290677 0.02631578947368421
0 0.3382084095063985 0.15213815789473684 0.026508226691042046 0.023848684210526317
0 0.3647166361974406 0.15090460526315788 0.029250457038391225 0.028782894736842105
1 0.6325411334552102 0.9823190789473685 0.037477148080438755 0.03042763157894737
0 0.07952468007312614 0.8421052631578947 0.022851919561243144 0.019736842105263157
1 0.8711151736745887 0.47944078947368424 0.027422303473491772 0.02549342105263158
1 0.8647166361974405 0.42475328947368424 0.026508226691042046 0.027138157894736843
1 0.5237659963436929 0.7693256578947368 0.03290676416819013 0.027138157894736843
1 0.6425959780621572 0.48601973684210525 0.031078610603290677 0.02549342105263158
0 0.15447897623400367 0.6990131578947368 0.0356489945155393 0.029605263157894735
0 0.10054844606946983 0.8359375 0.02376599634369287 0.023848684210526317
1 0.6115173674588665 0.5267269736842105 0.0283363802559415 0.027960526315789474
1 0.44652650822669104 0.8375822368421053 0.03016453382084095 0.02549342105263158
0 0.08226691042047532 0.8211348684210527 0.021937842778793418 0.018914473684210526
1 0.2646252285191956 0.15501644736842105 0.03290676416819013 0.027960526315789474
1 0.35511882998171845 0.08018092105263158 0.0283363802559415 0.038651315789473686
1 0.6087751371115173 0.8203125 0.029250457038391225 0.027138157894736843
0 0.819926873857404 0.53125 0.031078610603290677 0.027138157894736843
1 0.35283363802559414 0.9576480263157895 0.022851919561243144 0.015625
1 0.3756855575868373 0.9942434210526315 0.019195612431444242 0.011513157894736841
0 0.06672760511882998 0.8046875 0.02010968921389397 0.018914473684210526
0 0.1960694698354662 0.65625 0.0283363802559415 0.028782894736842105
1 0.6215722120658135 0.9523026315789473 0.029250457038391225 0.024671052631578948
0 0.06352833638025594 0.821546052631579 0.019195612431444242 0.02055921052631579
1 0.8048446069469836 0.4831414473684211 0.02102376599634369 0.019736842105263157
1 0.5818098720292505 0.7845394736842105 0.021937842778793418 0.018914473684210526
1 0.48857404021937845 0.8445723684210527 0.026508226691042046 0.022203947368421052
