1 0.4041666666666667 0.24118529632408103 0.05583333333333333 0.042010502625656414
1 0.08791666666666667 0.24006001500375093 0.05 0.04426106526631658
1 0.04 0.2813203300825206 0.060833333333333336 0.04576144036009002
1 0.9479166666666666 0.614403600900225 0.07 0.05326331582895724
1 0.23958333333333334 0.28319579894973745 0.06333333333333334 0.05101275318829707
1 0.06583333333333333 0.16804201050262565 0.0525 0.046511627906976744
1 0.10833333333333334 0.18604651162790697 0.04833333333333333 0.046511627906976744
1 0.22083333333333333 0.24681170292573143 0.05583333333333333 0.04051012753188297
1 0.02375 0.24006001500375093 0.04583333333333333 0.05101275318829707
1 0.25833333333333336 0.5382595648912228 0.04833333333333333 0.04051012753188297
1 0.14666666666666667 0.6687921980495124 0.0425 0.03375843960990248
1 0.8020833333333334 0.1837959489872468 0.04083333333333333 0.03825956489122281
1 0.3541666666666667 0.25993998499624904 0.06583333333333333 0.05476369092273068
1 0.3129166666666667 0.12528132033008252 0.03833333333333333 0.03225806451612903
0 0.07416666666666667 0.20517629407351837 0.03833333333333333 0.033008252063015754
1 0.28583333333333333 0.2516879219804951 0.041666666666666664 0.0345086271567892
1 0.7045833333333333 0.42460615153788445 0.034166666666666665 0.03225806451612903
1 0.2625 0.43810952738184544 0.04666666666666667 0.04051012753188297
1 0.9820833333333333 0.5832708177044261 0.035 0.03825956489122281
0 0.25666666666666665 0.09152288072018004 0.035 0.029257314328582147
1 0.645 0.09039759939984997 0.0375 0.030007501875468866
1 0.3958333333333333 0.29182295573893474 0.049166666666666664 0.04126031507876969
1 0.7016666666666667 0.48874718679669915 0.03166666666666667 0.03150787696924231
1 0.8345833333333333 0.1522880720180045 0.050833333333333335 0.056264066016504126
0 0.22041666666666668 0.09302325581395349 0.0325 0.02625656414103526
0 0.15458333333333332 0.17704426106526633 0.03916666666666667 0.03225806451612903
1 0.74625 0.5225056264066017 0.04 0.030007501875468866
1 0.6458333333333334 0.7659414853713429 0.034166666666666665 0.02700675168792198
1 0.29583333333333334 0.010877719429857465 0.0475 0.02175543885971493
0 0.21166666666666667 0.16991747936984247 0.035 0.02625656414103526
0 0.6925 0.44898724681170293 0.021666666666666667 0.0172543135783946
0 0.7375 0.24756189047261815 0.025 0.018754688672168042
1 0.18083333333333335 0.15528882220555137 0.03916666666666667 0.0345086271567892
1 0.18291666666666667 0.07014253563390847 0.035 0.02700675168792198
1 0.2945833333333333 0.5273818454613654 0.034166666666666665 0.03975993998499625
0 0.24125 0.11065266316579145 0.02666666666666667 0.02175543885971493
1 0.2 0.2813203300825206 0.0375 0.04576144036009002
0 0.5979166666666667 0.7333083270817704 0.028333333333333332 0.024006001500375095
1 0.09458333333333334 0.14703675918979744 0.04083333333333333 0.0345086271567892
0 0.28458333333333335 0.10465116279069768 0.030833333333333334 0.029257314328582147
0 0.21916666666666668 0.1916729182295574 0.0325 0.025506376594148537
1 0.044583333333333336 0.2021755438859715 0.035833333333333335 0.03675918979744936
1 0.73 0.4628657164291073 0.029166666666666667 0.021005251312828207
0 0.67 0.7479369842460615 0.025 0.0277569392348087
0 0.8034749999999999 0.49507876969242315 0.024725 0.019737434358589646
1 0.8095833333333333 0.4759939984996249 0.028333333333333332 0.021005251312828207
1 0.29125 0.03188297074268567 0.045 0.03150787696924231
0 0.21291666666666667 0.11440360090022506 0.03166666666666667 0.025506376594148537
1 0.24291666666666667 0.3102025506376594 0.058333333333333334 0.03225806451612903
1 0.09583333333333334 0.11365341335333834 0.041666666666666664 0.02175543885971493
1 0.67375 0.5120030007501876 0.020833333333333332 0.02175543885971493
1 0.17291666666666666 0.7509377344336085 0.03916666666666667 0.029257314328582147
0 0.71625 0.25543885971492875 0.0225 0.0172543135783946
1 0.7520833333333333 0.49212303075768943 0.029166666666666667 0.03225806451612903
0 0.73 0.48199549887471865 0.03 0.024756189047261814
0 0.22875 0.07501875468867217 0.035 0.025506376594148537
1 0.27958333333333335 0.41147786946736686 0.035 0.02625656414103526
0 0.81625 0.15266316579144787 0.035 0.03150787696924231
0 0.6516666666666666 0.7408102025506377 0.03 0.02625656414103526
0 0.44125 0.4384846211552888 0.03333333333333333 0.024006001500375095
0 0.2325 0.12940735183795948 0.02666666666666667 0.024006001500375095
0 0.68625 0.4673668417104276 0.0225 0.0172543135783946
1 0.97625 0.050637659414853715 0.035 0.03150787696924231
1 0.2704166666666667 0.1466616654163541 0.04 0.03075768942235559
1 0.8128583333333332 0.10955738934733683 0.021191666666666668 0.02504876219054764
0 0.20125 0.07539384846211553 0.028333333333333332 0.023255813953488372
0 0.18375 0.09827456864216054 0.04 0.0345086271567892
1 0.928675 0.7477644411102775 0.043908333333333334 0.03354838709677419
0 0.6478416666666666 0.7171342835708928 0.025666666666666667 0.020502625656414104
0 0.6096333333333332 0.7128432108027007 0.028941666666666664 0.017801950487621905
0 0.2634666666666667 0.12310577644411103 0.03940833333333333 0.022543135783945987
0 0.24400000000000002 0.19577644411102776 0.02921666666666667 0.026759189797449363
0 0.05563333333333334 0.23252063015753938 0.028716666666666668 0.028507126781695424
