1 0.055758683729433274 0.5530427631578947 0.026508226691042046 0.022203947368421052
1 0.02330895795246801 0.3120888157894737 0.029250457038391225 0.02631578947368421
1 0.45658135283363804 0.3873355263157895 0.0283363802559415 0.023848684210526317
1 0.1425959780621572 0.5357730263157895 0.02376599634369287 0.02055921052631579
1 0.07038391224862889 0.5851151315789473 0.02010968921389397 0.018914473684210526
1 0.08638025594149909 0.32976973684210525 0.027422303473491772 0.022203947368421052
1 0.21983546617915906 0.2265625 0.033820840950639856 0.02631578947368421
1 0.5269652650822669 0.25945723684210525 0.03473491773308958 0.027138157894736843
1 0.14625228519195613 0.7598684210526315 0.025594149908592323 0.02138157894736842
1 0.5100548446069469 0.7425986842105263 0.03290676416819013 0.028782894736842105
1 0.8222120658135283 0.30633223684210525 0.027422303473491772 0.024671052631578948
1 0.8025594149908593 0.484375 0.024680073126142597 0.02138157894736842
1 0.5525594149908593 0.025904605263157895 0.03290676416819013 0.02549342105263158
1 0.9789762340036563 0.524671052631579 0.026508226691042046 0.022203947368421052
1 0.32221206581352835 0.6949013157894737 0.03656307129798903 0.03042763157894737
1 0.9250457038391224 0.2689144736842105 0.037477148080438755 0.028782894736842105
1 0.04616087751371115 0.9802631578947368 0.03473491773308958 0.03042763157894737
1 0.2463436928702011 0.8795230263157895 0.029250457038391225 0.02631578947368421
1 0.2984460694698355 0.19777960526315788 0.031078610603290677 0.02549342105263158
0 0.8121572212065814 0.7685032894736842 0.033820840950639856 0.027138157894736843
1 0.37751371115173676 0.7228618421052632 0.03930530164533821 0.027960526315789474
1 0.018281535648994516 0.3651315789473684 0.031992687385740404 0.02549342105263158
1 0.8898537477148081 0.5427631578947368 0.0283363802559415 0.02138157894736842
1 0.013254113345521023 0.8729440789473685 0.026508226691042046 0.02138157894736842
1 0.03976234003656307 0.5777138157894737 0.021937842778793418 0.018092105263157895
1 0.9716636197440585 0.44695723684210525 0.033820840950639856 0.027960526315789474
0 0.8377513711151737 0.7771381578947368 0.025594149908592323 0.019736842105263157
1 0.9579524680073126 0.2701480263157895 0.0356489945155393 0.03042763157894737
1 0.9159049360146252 0.9350328947368421 0.04021937842778794 0.03289473684210526
1 0.18418647166361973 0.4300986842105263 0.02376599634369287 0.018914473684210526
1 0.8103290676416819 0.8976151315789473 0.031992687385740404 0.02549342105263158
1 0.09323583180987204 0.43256578947368424 0.018281535648994516 0.023848684210526317
1 0.17870201096892138 0.31537828947368424 0.02102376599634369 0.018914473684210526
1 0.18555758683729434 0.41036184210526316 0.027422303473491772 0.022203947368421052
1 0.7705667276051188 0.4712171052631579 0.024680073126142597 0.019736842105263157
1 0.16042047531992687 0.4263980263157895 0.0283363802559415 0.023026315789473683
1 0.27925045703839124 0.696546052631579 0.0283363802559415 0.023026315789473683
1 0.360146252285192 0.6994243421052632 0.0356489945155393 0.027960526315789474
1 0.11517367458866545 0.8869243421052632 0.027422303473491772 0.023026315789473683
1 0.1750457038391225 0.9514802631578947 0.038391224862888484 0.032072368421052634
1 0.6860146252285192 0.9835526315789473 0.03930530164533821 0.03042763157894737
1 0.29021937842778794 0.22574013157894737 0.031078610603290677 0.024671052631578948
1 0.9323583180987203 0.7598684210526315 0.029250457038391225 0.023848684210526317
1 0.9561243144424132 0.8038651315789473 0.0283363802559415 0.023848684210526317
1 0.2595978062157221 0.2372532894736842 0.029250457038391225 0.02549342105263158
1 0.29021937842778794 0.7779605263157895 0.02376599634369287 0.02055921052631579
1 0.5836380255941499 0.4555921052631579 0.021937842778793418 0.018092105263157895
0 0.06444241316270567 0.44037828947368424 0.022851919561243144 0.018914473684210526
1 0.36380255941499084 0.049342105263157895 0.027422303473491772 0.022203947368421052
1 0.9876599634369287 0.11307565789473684 0.024680073126142597 0.02138157894736842
1 0.007769652650822669 0.6529605263157895 0.015539305301645339 0.018092105263157895
0 0.5927787934186471 0.3873355263157895 0.016453382084095063 0.013980263157894737
1 0.5763254113345521 0.07401315789473684 0.033820840950639856 0.027138157894736843
1 0.034277879341864714 0.8865131578947368 0.025594149908592323 0.02138157894736842
1 0.21983546617915906 0.8708881578947368 0.033820840950639856 0.029605263157894735
1 0.8848263254113345 0.7759046052631579 0.029250457038391225 0.023848684210526317
1 0.15219378427787933 0.2956414473684211 0.027422303473491772 0.02055921052631579
1 0.47714808043875684 0.743421052631579 0.03473491773308958 0.027960526315789474
0 0.9396709323583181 0.4296875 0.033820840950639856 0.023026315789473683
1 0.06672760511882998 0.1040296052631579 0.02102376599634369 0.018092105263157895
0 0.9451553930530164 0.4518914473684211 0.02376599634369287 0.022203947368421052
1 0.7477148080438757 0.8844572368421053 0.025594149908592323 0.02055921052631579
1 0.5635283363802559 0.05016447368421053 0.031992687385740404 0.02549342105263158
1 0.012797074954296161 0.8930921052631579 0.025594149908592323 0.027960526315789474
1 0.24040219378427788 0.7027138157894737 0.031078610603290677 0.02631578947368421
1 0.5420475319926874 0.9157072368421053 0.03016453382084095 0.022203947368421052
0 0.7458866544789763 0.756578947368421 0.03656307129798903 0.027138157894736843
1 0.34049360146252283 0.1953125 0.0283363802559415 0.023848684210526317
1 0.2655393053016453 0.44819078947368424 0.022851919561243144 0.018914473684210526
0 0.920018281535649 0.44613486842105265 0.031078610603290677 0.024671052631578948
0 0.3670018281535649 0.10855263157894737 0.021937842778793418 0.017269736842105265
0 0.8423217550274223 0.7976973684210527 0.03290676416819013 0.02549342105263158
1 0.06261425959780621 0.8988486842105263 0.0356489945155393 0.027138157894736843
1 0.7664533820840951 0.5267269736842105 0.022851919561243144 0.017269736842105265
1 0.8839122486288848 0.30180921052631576 0.026508226691042046 0.02138157894736842
1 0.1170018281535649 0.9588815789473685 0.027422303473491772 0.023026315789473683
1 0.09049360146252285 0.5423519736842105 0.02010968921389397 0.018914473684210526
0 0.8670018281535649 0.21340460526315788 0.02376599634369287 0.019736842105263157
1 0.629798903107861 0.29523026315789475 0.033820840950639856 0.028782894736842105
1 0.3263254113345521 0.6064967105263158 0.02376599634369287 0.02055921052631579
1 0.5685557586837294 0.9379111842105263 0.026508226691042046 0.023848684210526317
1 0.8062157221206582 0.8478618421052632 0.031078610603290677 0.024671052631578948
1 0.6416819012797075 0.39432565789473684 0.02102376599634369 0.019736842105263157
1 0.09917733089579525 0.3807565789473684 0.022851919561243144 0.024671052631578948
1 0.9611517367458866 0.9021381578947368 0.04021937842778794 0.03536184210526316
1 0.6220292504570384 0.5464638157894737 0.021937842778793418 0.02055921052631579
1 0.8953382084095064 0.32195723684210525 0.02102376599634369 0.019736842105263157
1 0.8848263254113345 0.9407894736842105 0.0356489945155393 0.033717105263157895
1 0.20840950639853748 0.9592927631578947 0.027422303473491772 0.023848684210526317
1 0.2472577696526508 0.4350328947368421 0.01736745886654479 0.014802631578947368
1 0.16544789762340037 0.3277138157894737 0.02102376599634369 0.01644736842105263
0 0.26828153564899454 0.21710526315789475 0.02376599634369287 0.018914473684210526
1 0.02696526508226691 0.7105263157894737 0.021937842778793418 0.018914473684210526
1 0.5877513711151737 0.05016447368421053 0.025594149908592323 0.022203947368421052
1 0.8683729433272395 0.5394736842105263 0.022851919561243144 0.02138157894736842
1 0.5621572212065814 0.4967105263157895 0.02010968921389397 0.01644736842105263
1 0.593235831809872 0.35855263157894735 0.02102376599634369 0.018092105263157895
1 0.3148994515539305 0.4165296052631579 0.0283363802559415 0.024671052631578948
1 0.9241316270566727 0.7861842105263158 0.029250457038391225 0.022203947368421052
0 0.283363802559415 0.24671052631578946 0.02376599634369287 0.018092105263157895
1 0.08180987202925045 0.3527960526315789 0.022851919561243144 0.02055921052631579
1 0.8683729433272395 0.9198190789473685 0.0283363802559415 0.024671052631578948
1 0.7097806215722121 0.09416118421052631 0.026508226691042046 0.022203947368421052
1 0.2253199268738574 0.7516447368421053 0.024680073126142597 0.019736842105263157
1 0.9291590493601463 0.8075657894736842 0.031078610603290677 0.02549342105263158
1 0.8272394881170019 0.8569078947368421 0.0283363802559415 0.023026315789473683
1 0.8510054844606947 0.9395559210526315 0.029250457038391225 0.02549342105263158
1 0.9853747714808044 0.8421052631578947 0.029250457038391225 0.032072368421052634
0 0.04204753199268738 0.5390625 0.02010968921389397 0.01644736842105263
1 0.9319012797074955 0.9498355263157895 0.038391224862888484 0.027960526315789474
0 0.7714808043875686 0.8577302631578947 0.018281535648994516 0.015625
0 0.8423217550274223 0.41324013157894735 0.0283363802559415 0.02055921052631579
0 0.8130712979890311 0.7898848684210527 0.03016453382084095 0.022203947368421052
1 0.03336380255941499 0.90625 0.029250457038391225 0.023026315789473683
1 0.6170018281535649 0.3729440789473684 0.01736745886654479 0.018914473684210526
1 0.5141681901279708 0.9383223684210527 0.026508226691042046 0.02055921052631579
0 0.7372029250457038 0.7791940789473685 0.027422303473491772 0.023848684210526317
1 0.16590493601462522 0.5423519736842105 0.022851919561243144 0.018914473684210526
0 0.07586837294332724 0.42886513157894735 0.022851919561243144 0.018914473684210526
1 0.8994515539305301 0.7952302631578947 0.027422303473491772 0.023848684210526317
1 0.946526508226691 0.8782894736842105 0.029250457038391225 0.019736842105263157
0 0.8487202925045704 0.44695723684210525 0.021937842778793418 0.014802631578947368
1 0.21892138939670933 0.5990953947368421 0.019195612431444242 0.015625
1 0.32861060329067643 0.7232730263157895 0.0283363802559415 0.023026315789473683
0 0.9812614259597806 0.18791118421052633 0.0283363802559415 0.023848684210526317
1 0.973491773308958 0.4847861842105263 0.0283363802559415 0.029605263157894735
0 0.9259597806215722 0.8889802631578947 0.0283363802559415 0.023848684210526317
0 0.5758683729433273 0.9054276315789473 0.026508226691042046 0.02138157894736842
1 0.25594149908592323 0.5283717105263158 0.019195612431444242 0.017269736842105265
1 0.9355575868372943 0.592516447368421 0.02376599634369287 0.018092105263157895
1 0.13528336380255943 0.5563322368421053 0.019195612431444242 0.015625
0 0.9771480804387569 0.6735197368421053 0.024680073126142597 0.02138157894736842
1 0.3446069469835466 0.25493421052631576 0.021937842778793418 0.02138157894736842
0 0.05301645338208409 0.5908717105263158 0.019195612431444242 0.017269736842105265
1 0.10648994515539305 0.9720394736842105 0.0283363802559415 0.022203947368421052
1 0.7161791590493601 0.020970394736842105 0.026508226691042046 0.023848684210526317
0 0.3596892138939671 0.13034539473684212 0.021937842778793418 0.018092105263157895
1 0.5507312614259597 0.08429276315789473 0.03290676416819013 0.027960526315789474
1 0.6316270566727605 0.49835526315789475 0.019195612431444242 0.013980263157894737
0 0.6649908592321755 0.3433388157894737 0.021937842778793418 0.018092105263157895
1 0.0283363802559415 0.5945723684210527 0.016453382084095063 0.018092105263157895
1 0.40036563071297987 0.7442434210526315 0.0283363802559415 0.024671052631578948
1 0.7938756855575868 0.5341282894736842 0.02376599634369287 0.018092105263157895
1 0.32449725776965266 0.20518092105263158 0.024680073126142597 0.02055921052631579
1 0.6192870201096892 0.8404605263157895 0.021937842778793418 0.017269736842105265
1 0.9296160877513712 0.5686677631578947 0.033820840950639856 0.023848684210526317
1 0.08272394881170018 0.38199013157894735 0.02010968921389397 0.022203947368421052
1 0.9844606946983546 0.8046875 0.03016453382084095 0.023848684210526317
0 0.6549360146252285 0.3684210526315789 0.02102376599634369 0.017269736842105265
1 0.8340950639853748 0.899671052631579 0.02376599634369287 0.02055921052631579
1 0.3053016453382084 0.7134046052631579 0.021937842778793418 0.02055921052631579
1 0.6393967093235832 0.5431743421052632 0.018281535648994516 0.017269736842105265
1 0.7052102376599635 0.7907072368421053 0.027422303473491772 0.019736842105263157
0 0.7669104204753199 0.7787828947368421 0.038391224862888484 0.03042763157894737
0 0.056672760511883 0.4214638157894737 0.02102376599634369 0.017269736842105265
1 0.7074954296160878 0.5851151315789473 0.022851919561243144 0.017269736842105265
1 0.13391224862888482 0.7775493421052632 0.024680073126142597 0.018092105263157895
1 0.7239488117001828 0.8745888157894737 0.021937842778793418 0.014802631578947368
0 0.7851919561243145 0.6570723684210527 0.02102376599634369 0.015625
1 0.8839122486288848 0.21792763157894737 0.018281535648994516 0.015625
1 0.9931444241316271 0.6443256578947368 0.013711151736745886 0.03453947368421053
0 0.3240402193784278 0.2532894736842105 0.02102376599634369 0.018914473684210526
0 0.8180987202925045 0.4954769736842105 0.02102376599634369 0.015625
1 0.5617001828153565 0.4810855263157895 0.018281535648994516 0.014802631578947368
0 0.5388482632541134 0.1040296052631579 0.021937842778793418 0.015625
0 0.5539305301645339 0.4506578947368421 0.016453382084095063 0.013157894736842105
1 0.8286106032906764 0.9157072368421053 0.026508226691042046 0.018914473684210526
0 0.3263254113345521 0.3893914473684211 0.019195612431444242 0.014802631578947368
1 0.9149908592321755 0.5958059210526315 0.02102376599634369 0.01644736842105263
1 0.2664533820840951 0.6118421052631579 0.018281535648994516 0.015625
1 0.13208409506398539 0.9564144736842105 0.024680073126142597 0.024671052631578948
1 0.9885740402193784 0.48930921052631576 0.021937842778793418 0.03700657894736842
0 0.9657221206581352 0.20065789473684212 0.02376599634369287 0.018914473684210526
1 0.7449725776965265 0.6698190789473685 0.021937842778793418 0.01644736842105263
0 0.7490859232175503 0.8569078947368421 0.019195612431444242 0.015625
1 0.9739488117001828 0.5773026315789473 0.025594149908592323 0.022203947368421052
1 0.13893967093235832 0.29276315789473684 0.016453382084095063 0.018092105263157895
0 0.5338208409506399 0.3589638157894737 0.018281535648994516 0.013980263157894737
0 0.7691956124314442 0.45723684210526316 0.01736745886654479 0.013157894736842105
1 0.30575868372943327 0.24383223684210525 0.02376599634369287 0.023026315789473683
1 0.1896709323583181 0.743421052631579 0.018281535648994516 0.013157894736842105
0 0.5918647166361974 0.9321546052631579 0.018281535648994516 0.015625
1 0.9414990859232175 0.6689967105263158 0.018281535648994516 0.018092105263157895
0 0.5872943327239488 0.9477796052631579 0.019195612431444242 0.018092105263157895
0 0.956581352833638 0.6603618421052632 0.02376599634369287 0.017269736842105265
0 0.8939670932358318 0.8873355263157895 0.027422303473491772 0.027960526315789474
0 0.9556672760511883 0.6751644736842105 0.021937842778793418 0.014802631578947368
1 0.37842778793418647 0.626233552631579 0.022851919561243144 0.018092105263157895
1 0.09506398537477148 0.22203947368421054 0.022851919561243144 0.018092105263157895
1 0.9940585009140768 0.5349506578947368 0.011882998171846435 0.03042763157894737
1 0.9186471663619744 0.3338815789473684 0.024680073126142597 0.01644736842105263
1 0.9410420475319927 0.7726151315789473 0.021937842778793418 0.01644736842105263
1 0.04113345521023766 0.5970394736842105 0.01736745886654479 0.017269736842105265
0 0.09460694698354662 0.8939144736842105 0.01736745886654479 0.01644736842105263
1 0.626599634369287 0.5291940789473685 0.019195612431444242 0.01644736842105263
1 0.6686471663619744 0.10320723684210527 0.019195612431444242 0.022203947368421052
1 0.37751371115173676 0.8638980263157895 0.02376599634369287 0.018914473684210526
1 0.9003656307129799 0.7635690789473685 0.02010968921389397 0.02138157894736842
1 0.007769652650822669 0.6307565789473685 0.013711151736745886 0.018914473684210526
1 0.5653564899451554 0.2981085526315789 0.015539305301645339 0.017269736842105265
1 0.07084095063985375 0.5916940789473685 0.019195612431444242 0.019736842105263157
0 0.9346435100548446 0.24629934210526316 0.02376599634369287 0.017269736842105265
1 0.7216636197440585 0.9453125 0.02376599634369287 0.017269736842105265
1 0.9076782449725777 0.6891447368421053 0.025594149908592323 0.019736842105263157
0 0.7874771480804388 0.8988486842105263 0.018281535648994516 0.02055921052631579
1 0.6946983546617916 0.8079769736842105 0.021937842778793418 0.015625
