1 0.18281535648994515 0.5838815789473685 0.02376599634369287 0.02138157894736842
1 0.08683729433272395 0.32976973684210525 0.024680073126142597 0.022203947368421052
1 0.39808043875685556 0.7845394736842105 0.02102376599634369 0.017269736842105265
1 0.05758683729433273 0.3256578947368421 0.026508226691042046 0.023848684210526317
1 0.37705667276051186 0.8141447368421053 0.01736745886654479 0.017269736842105265
1 0.19789762340036562 0.5707236842105263 0.018281535648994516 0.015625
1 0.09414990859232175 0.15254934210526316 0.0283363802559415 0.027138157894736843
1 0.31444241316270566 0.9921875 0.0283363802559415 0.015625
1 0.39488117001828155 0.8087993421052632 0.019195612431444242 0.014802631578947368
1 0.4063071297989031 0.8174342105263158 0.01736745886654479 0.017269736842105265
0 0.33455210237659966 0.9847861842105263 0.02102376599634369 0.018092105263157895
0 0.07084095063985375 0.30879934210526316 0.021937842778793418 0.017269736842105265
1 0.39716636197440586 0.7985197368421053 0.019195612431444242 0.013980263157894737
0 0.45749542961608775 0.6233552631578947 0.027422303473491772 0.023026315789473683
0 0.09689213893967093 0.1278782894736842 0.02010968921389397 0.017269736842105265
1 0.07815356489945155 0.35238486842105265 0.026508226691042046 0.017269736842105265
