1 0.4844606946983547 0.40131578947368424 0.05210237659963437 0.039473684210526314
1 0.37477148080438755 0.540296052631579 0.033820840950639856 0.03125
1 0.7911334552102377 0.5353618421052632 0.056672760511883 0.039473684210526314
1 0.2806215722120658 0.19572368421052633 0.03473491773308958 0.027960526315789474
1 0.7148080438756855 0.9794407894736842 0.044789762340036565 0.03453947368421053
1 0.4405850091407678 0.32401315789473684 0.04570383912248629 0.03536184210526316
1 0.5141681901279708 0.5513980263157895 0.04021937842778794 0.03042763157894737
1 0.863345521023766 0.8807565789473685 0.044789762340036565 0.03453947368421053
1 0.30484460694698357 0.1328125 0.03473491773308958 0.027138157894736843
1 0.6704753199268738 0.9239309210526315 0.038391224862888484 0.029605263157894735
1 0.02056672760511883 0.6673519736842105 0.037477148080438755 0.03289473684210526
1 0.41773308957952465 0.2833059210526316 0.03656307129798903 0.03289473684210526
1 0.16727605118829983 0.17886513157894737 0.033820840950639856 0.029605263157894735
1 0.13756855575868374 0.05180921052631579 0.0356489945155393 0.033717105263157895
1 0.9026508226691042 0.5028782894736842 0.03656307129798903 0.032072368421052634
1 0.9195612431444241 0.4222861842105263 0.03656307129798903 0.029605263157894735
1 0.42778793418647165 0.8959703947368421 0.03930530164533821 0.03453947368421053
1 0.08683729433272395 0.1903782894736842 0.03016453382084095 0.024671052631578948
1 0.32861060329067643 0.11266447368421052 0.031078610603290677 0.02631578947368421
1 0.9830895795246801 0.7236842105263158 0.031992687385740404 0.03042763157894737
0 0.2696526508226691 0.04276315789473684 0.026508226691042046 0.022203947368421052
1 0.6750457038391224 0.977796052631579 0.03930530164533821 0.028782894736842105
1 0.43007312614259596 0.3618421052631579 0.05301645338208409 0.04523026315789474
1 0.8281535648994516 0.47574013157894735 0.055758683729433274 0.04358552631578947
1 0.30255941499085925 0.03453947368421053 0.025594149908592323 0.022203947368421052
0 0.49954296160877515 0.5904605263157895 0.03656307129798903 0.03125
1 0.1430530164533821 0.7931743421052632 0.031992687385740404 0.029605263157894735
1 0.8263254113345521 0.6689967105263158 0.03656307129798903 0.028782894736842105
1 0.18144424131627057 0.19983552631578946 0.03656307129798903 0.02631578947368421
1 0.49497257769652653 0.3392269736842105 0.03656307129798903 0.03042763157894737
1 0.8354661791590493 0.5094572368421053 0.050274223034734916 0.03536184210526316
1 0.10511882998171847 0.06949013157894737 0.04113345521023766 0.03289473684210526
1 0.4529250457038391 0.28412828947368424 0.037477148080438755 0.032072368421052634
1 0.20018281535648993 0.25370065789473684 0.03016453382084095 0.02549342105263158
1 0.34049360146252283 0.17269736842105263 0.0356489945155393 0.02549342105263158
1 0.583180987202925 0.7438322368421053 0.0356489945155393 0.029605263157894735
1 0.13117001828153566 0.2730263157894737 0.0283363802559415 0.024671052631578948
1 0.13254113345521024 0.35649671052631576 0.03016453382084095 0.027960526315789474
1 0.3148994515539305 0.43133223684210525 0.03016453382084095 0.029605263157894735
1 0.5260511882998172 0.4198190789473684 0.03016453382084095 0.023848684210526317
1 0.6521937842778793 0.9498355263157895 0.03290676416819013 0.03042763157894737
1 0.4460694698354662 0.4009046052631579 0.038391224862888484 0.03618421052631579
1 0.20292504570383912 0.0912828947368421 0.03016453382084095 0.02631578947368421
1 0.39488117001828155 0.19161184210526316 0.031992687385740404 0.024671052631578948
0 0.17687385740402195 0.28618421052631576 0.027422303473491772 0.02138157894736842
1 0.8382084095063985 0.4486019736842105 0.04661791590493602 0.028782894736842105
1 0.06627056672760512 0.12047697368421052 0.029250457038391225 0.024671052631578948
0 0.28884826325411334 0.5851151315789473 0.03290676416819013 0.02631578947368421
1 0.10968921389396709 0.3589638157894737 0.026508226691042046 0.023848684210526317
1 0.7618829981718465 0.4995888157894737 0.054844606946983544 0.046052631578947366
1 0.2920475319926874 0.43050986842105265 0.0283363802559415 0.028782894736842105
1 0.4926873857404022 0.3684210526315789 0.03930530164533821 0.032072368421052634
1 0.3359232175502742 0.3782894736842105 0.03016453382084095 0.024671052631578948
1 0.4629798903107861 0.899671052631579 0.03656307129798903 0.029605263157894735
1 0.06352833638025594 0.18791118421052633 0.024680073126142597 0.023848684210526317
1 0.5763254113345521 0.5859375 0.0356489945155393 0.03042763157894737
0 0.4638939670932358 0.6307565789473685 0.029250457038391225 0.023848684210526317
1 0.8446069469835467 0.12335526315789473 0.03290676416819013 0.027960526315789474
1 0.4026508226691042 0.5423519736842105 0.025594149908592323 0.023026315789473683
1 0.5557586837294333 0.3597861842105263 0.03016453382084095 0.023848684210526317
1 0.9561243144424132 0.41817434210526316 0.0356489945155393 0.027138157894736843
1 0.7074954296160878 0.4231085526315789 0.04296160877513711 0.03536184210526316
1 0.4780621572212066 0.25370065789473684 0.03016453382084095 0.023848684210526317
1 0.01736745886654479 0.15789473684210525 0.03290676416819013 0.02631578947368421
1 0.015539305301645339 0.13322368421052633 0.03016453382084095 0.027138157894736843
0 0.2042961608775137 0.18050986842105263 0.03016453382084095 0.024671052631578948
0 0.22120658135283364 0.1040296052631579 0.031078610603290677 0.02549342105263158
0 0.4579524680073126 0.6089638157894737 0.0283363802559415 0.023848684210526317
1 0.9227605118829981 0.5686677631578947 0.033820840950639856 0.039473684210526314
0 0.5722120658135283 0.5546875 0.04021937842778794 0.027960526315789474
0 0.873400365630713 0.5731907894736842 0.04296160877513711 0.033717105263157895
1 0.863345521023766 0.48601973684210525 0.033820840950639856 0.04194078947368421
0 0.1736745886654479 0.3149671052631579 0.02102376599634369 0.017269736842105265
0 0.1585923217550274 0.8532072368421053 0.03016453382084095 0.02631578947368421
1 0.20109689213893966 0.12129934210526316 0.031992687385740404 0.027138157894736843
1 0.02376599634369287 0.19736842105263158 0.02376599634369287 0.023848684210526317
1 0.9853747714808044 0.17064144736842105 0.022851919561243144 0.022203947368421052
1 0.3711151736745887 0.8610197368421053 0.04021937842778794 0.03453947368421053
0 0.8441499085923218 0.5958059210526315 0.04021937842778794 0.03042763157894737
1 0.5516453382084096 0.3338815789473684 0.033820840950639856 0.027960526315789474
1 0.943327239488117 0.16365131578947367 0.022851919561243144 0.019736842105263157
0 0.2152650822669104 0.8651315789473685 0.026508226691042046 0.023848684210526317
1 0.8080438756855576 0.6435032894736842 0.03016453382084095 0.027138157894736843
1 0.019195612431444242 0.17722039473684212 0.031992687385740404 0.02138157894736842
1 0.9488117001828154 0.7171052631578947 0.0356489945155393 0.03125
1 0.18738574040219377 0.8717105263157895 0.0356489945155393 0.03125
1 0.34643510054844606 0.21875 0.027422303473491772 0.022203947368421052
1 0.29113345521023765 0.4083059210526316 0.0283363802559415 0.023026315789473683
1 0.8222120658135283 0.6258223684210527 0.031078610603290677 0.023026315789473683
0 0.07815356489945155 0.17146381578947367 0.026508226691042046 0.02138157894736842
1 0.5895795246800731 0.4621710526315789 0.043875685557586835 0.03536184210526316
1 0.38939670932358317 0.45476973684210525 0.031992687385740404 0.027960526315789474
1 0.9236745886654479 0.24383223684210525 0.04113345521023766 0.032072368421052634
1 0.015996343692870202 0.11595394736842106 0.024680073126142597 0.01644736842105263
1 0.46206581352833637 0.3503289473684211 0.037477148080438755 0.033717105263157895
1 0.18327239488117003 0.9950657894736842 0.031992687385740404 0.009868421052631578
0 0.30438756855575866 0.15748355263157895 0.025594149908592323 0.02138157894736842
0 0.5287934186471663 0.5752467105263158 0.033820840950639856 0.02631578947368421
1 0.090036563071298 0.2676809210526316 0.029250457038391225 0.02549342105263158
1 0.3510054844606947 0.4609375 0.033820840950639856 0.028782894736842105
0 0.09780621572212066 0.9461348684210527 0.027422303473491772 0.02138157894736842
0 0.21023765996343693 0.15953947368421054 0.026508226691042046 0.022203947368421052
1 0.31581352833638027 0.5357730263157895 0.029250457038391225 0.02631578947368421
1 0.18053016453382084 0.13980263157894737 0.026508226691042046 0.024671052631578948
0 0.43875685557586835 0.6229440789473685 0.027422303473491772 0.02631578947368421
0 0.3217550274223035 0.5604440789473685 0.03016453382084095 0.02631578947368421
1 0.389853747714808 0.24177631578947367 0.031078610603290677 0.02631578947368421
1 0.3875685557586837 0.3885690789473684 0.025594149908592323 0.023026315789473683
0 0.09872029250457039 0.8532072368421053 0.0356489945155393 0.027138157894736843
1 0.22760511882998172 0.18955592105263158 0.025594149908592323 0.024671052631578948
1 0.9085923217550275 0.453125 0.03016453382084095 0.028782894736842105
1 0.33683729433272397 0.19161184210526316 0.027422303473491772 0.018914473684210526
1 0.20795246800731262 0.5867598684210527 0.025594149908592323 0.02549342105263158
1 0.95018281535649 0.6924342105263158 0.03473491773308958 0.02631578947368421
1 0.5955210237659964 0.5785361842105263 0.024680073126142597 0.027960526315789474
1 0.23720292504570384 0.005345394736842105 0.04204753199268738 0.01069078947368421
0 0.5329067641681902 0.4370888157894737 0.027422303473491772 0.022203947368421052
1 0.4757769652650823 0.5567434210526315 0.025594149908592323 0.024671052631578948
0 0.2595978062157221 0.42557565789473684 0.026508226691042046 0.022203947368421052
1 0.6997257769652651 0.14720394736842105 0.027422303473491772 0.019736842105263157
0 0.3382084095063985 0.5752467105263158 0.03290676416819013 0.024671052631578948
1 0.2563985374771481 0.5990953947368421 0.027422303473491772 0.027138157894736843
0 0.2696526508226691 0.02631578947368421 0.021937842778793418 0.015625
1 0.11928702010968921 0.9584703947368421 0.027422303473491772 0.023026315789473683
0 0.30850091407678243 0.6130756578947368 0.026508226691042046 0.02631578947368421
0 0.33683729433272397 0.6097861842105263 0.031078610603290677 0.02631578947368421
0 0.10694698354661791 0.8129111842105263 0.031992687385740404 0.027138157894736843
1 0.23217550274223034 0.22697368421052633 0.021937842778793418 0.019736842105263157
0 0.853290676416819 0.6455592105263158 0.03016453382084095 0.02549342105263158
1 0.20795246800731262 0.13980263157894737 0.029250457038391225 0.019736842105263157
0 0.1905850091407678 0.1611842105263158 0.029250457038391225 0.023848684210526317
0 0.24405850091407677 0.04235197368421053 0.026508226691042046 0.022203947368421052
1 0.2545703839122486 0.7220394736842105 0.031992687385740404 0.024671052631578948
0 0.06352833638025594 0.16365131578947367 0.02376599634369287 0.022203947368421052
1 0.926416819012797 0.7060032894736842 0.02376599634369287 0.023848684210526317
1 0.26188299817184646 0.11636513157894737 0.029250457038391225 0.02549342105263158
1 0.043875685557586835 0.19613486842105263 0.022851919561243144 0.023848684210526317
1 0.34506398537477145 0.20435855263157895 0.031992687385740404 0.018914473684210526
0 0.3126142595978062 0.7002467105263158 0.03016453382084095 0.023848684210526317
0 0.8912248628884827 0.5600328947368421 0.04021937842778794 0.03289473684210526
1 0.3546617915904936 0.12294407894736842 0.03016453382084095 0.02549342105263158
0 0.04296160877513711 0.13404605263157895 0.02376599634369287 0.02138157894736842
1 0.009140767824497258 0.23766447368421054 0.016453382084095063 0.023026315789473683
1 0.05073126142595978 0.24424342105263158 0.025594149908592323 0.018914473684210526
1 0.47486288848263253 0.3236019736842105 0.0283363802559415 0.024671052631578948
0 0.41453382084095064 0.40789473684210525 0.022851919561243144 0.018092105263157895
0 0.8217550274223034 0.5760690789473685 0.02102376599634369 0.02138157894736842
0 0.5228519195612431 0.45682565789473684 0.026508226691042046 0.022203947368421052
1 0.9817184643510055 0.0078125 0.0356489945155393 0.015625
1 0.8075868372943327 0.2734375 0.031078610603290677 0.023848684210526317
0 0.012797074954296161 0.6459703947368421 0.02376599634369287 0.019736842105263157
1 0.3578610603290676 0.28824013157894735 0.02102376599634369 0.018092105263157895
0 0.54981718464351 0.4152960526315789 0.022851919561243144 0.022203947368421052
0 0.180073126142596 0.30180921052631576 0.024680073126142597 0.017269736842105265
1 0.4570383912248629 0.8766447368421053 0.029250457038391225 0.022203947368421052
1 0.34323583180987205 0.5522203947368421 0.031078610603290677 0.02631578947368421
0 0.05210237659963437 0.09169407894736842 0.02102376599634369 0.022203947368421052
1 0.5516453382084096 0.46258223684210525 0.029250457038391225 0.027138157894736843
1 0.27148080438756855 0.7146381578947368 0.02376599634369287 0.02138157894736842
1 0.34963436928702013 0.23972039473684212 0.02102376599634369 0.019736842105263157
1 0.5036563071297989 0.2450657894736842 0.026508226691042046 0.019736842105263157
0 0.012340036563071298 0.4453125 0.022851919561243144 0.02138157894736842
1 0.06855575868372943 0.0884046052631579 0.02010968921389397 0.018914473684210526
0 0.3249542961608775 0.05674342105263158 0.019195612431444242 0.015625
1 0.36608775137111516 0.39432565789473684 0.02376599634369287 0.024671052631578948
0 0.47943327239488115 0.6110197368421053 0.02376599634369287 0.022203947368421052
1 0.9506398537477148 0.17598684210526316 0.02376599634369287 0.01644736842105263
1 0.666819012797075 0.6151315789473685 0.027422303473491772 0.02138157894736842
1 0.34323583180987205 0.4120065789473684 0.025594149908592323 0.02549342105263158
1 0.6147166361974405 0.3371710526315789 0.031078610603290677 0.024671052631578948
0 0.9396709323583181 0.4379111842105263 0.03016453382084095 0.023848684210526317
0 0.22577696526508226 0.05879934210526316 0.024680073126142597 0.02055921052631579
0 0.15585009140767825 0.30962171052631576 0.02010968921389397 0.018092105263157895
0 0.035191956124314444 0.08758223684210527 0.02376599634369287 0.022203947368421052
0 0.5310786106032906 0.3449835526315789 0.031992687385740404 0.028782894736842105
1 0.5543875685557587 0.4395559210526316 0.024680073126142597 0.022203947368421052
0 0.07586837294332724 0.7639802631578947 0.0283363802559415 0.023026315789473683
1 0.863345521023766 0.7220394736842105 0.03656307129798903 0.02631578947368421
1 0.4040219378427788 0.42269736842105265 0.025594149908592323 0.02138157894736842
1 0.3391224862888483 0.5328947368421053 0.027422303473491772 0.02055921052631579
1 0.06992687385740402 0.21422697368421054 0.026508226691042046 0.02549342105263158
1 0.3857404021937843 0.29194078947368424 0.021937842778793418 0.017269736842105265
1 0.3482632541133455 0.03289473684210526 0.025594149908592323 0.022203947368421052
1 0.4264168190127971 0.41817434210526316 0.025594149908592323 0.022203947368421052
0 0.5073126142595978 0.4370888157894737 0.021937842778793418 0.02138157894736842
0 0.2655393053016453 0.5756578947368421 0.029250457038391225 0.024671052631578948
1 0.3226691042047532 0.40912828947368424 0.026508226691042046 0.024671052631578948
1 0.5283363802559415 0.5945723684210527 0.031078610603290677 0.023848684210526317
0 0.06992687385740402 0.16735197368421054 0.03473491773308958 0.02549342105263158
1 0.22851919561243145 0.8782894736842105 0.021937842778793418 0.019736842105263157
0 0.553016453382084 0.7360197368421053 0.029250457038391225 0.02549342105263158
1 0.40585009140767825 0.22039473684210525 0.02376599634369287 0.018914473684210526
0 0.5717550274223034 0.42557565789473684 0.03016453382084095 0.02549342105263158
1 0.3386654478976234 0.2746710526315789 0.02376599634369287 0.018914473684210526
1 0.9478976234003657 0.21916118421052633 0.021937842778793418 0.02055921052631579
1 0.9904021937842779 0.19120065789473684 0.018281535648994516 0.02549342105263158
1 0.36151736745886653 0.3881578947368421 0.026508226691042046 0.02055921052631579
1 0.27787934186471663 0.5008223684210527 0.031992687385740404 0.027960526315789474
1 0.8281535648994516 0.30633223684210525 0.026508226691042046 0.022203947368421052
1 0.04616087751371115 0.17146381578947367 0.02010968921389397 0.018092105263157895
1 0.253199268738574 0.709703947368421 0.027422303473491772 0.019736842105263157
0 0.28244972577696525 0.6040296052631579 0.0283363802559415 0.02138157894736842
