1 0.2856489945155393 0.23766447368421054 0.02010968921389397 0.017269736842105265
1 0.4351005484460695 0.2689144736842105 0.025594149908592323 0.02138157894736842
1 0.7920475319926874 0.390625 0.027422303473491772 0.024671052631578948
1 0.5173674588665448 0.6788651315789473 0.03473491773308958 0.028782894736842105
1 0.8222120658135283 0.032072368421052634 0.03290676416819013 0.027960526315789474
1 0.803016453382084 0.5074013157894737 0.0283363802559415 0.02631578947368421
1 0.353290676416819 0.18626644736842105 0.02376599634369287 0.018092105263157895
0 0.4282449725776965 0.0234375 0.016453382084095063 0.012335526315789474
1 0.6723034734917733 0.13199013157894737 0.02102376599634369 0.018914473684210526
1 0.31672760511882997 0.8260690789473685 0.031992687385740404 0.02631578947368421
1 0.9026508226691042 0.052220394736842105 0.038391224862888484 0.032072368421052634
1 0.8857404021937842 0.030016447368421052 0.0356489945155393 0.027960526315789474
1 0.5895795246800731 0.7553453947368421 0.024680073126142597 0.02138157894736842
1 0.7669104204753199 0.3893914473684211 0.0283363802559415 0.02549342105263158
1 0.9780621572212066 0.19942434210526316 0.031992687385740404 0.029605263157894735
1 0.829981718464351 0.44819078947368424 0.027422303473491772 0.023026315789473683
1 0.9341864716636198 0.04851973684210526 0.03016453382084095 0.027960526315789474
1 0.386654478976234 0.21299342105263158 0.026508226691042046 0.02055921052631579
1 0.2413162705667276 0.4029605263157895 0.029250457038391225 0.024671052631578948
1 0.870201096892139 0.09868421052631579 0.029250457038391225 0.023026315789473683
1 0.9492687385740403 0.8100328947368421 0.026508226691042046 0.023026315789473683
1 0.7084095063985375 0.2578125 0.0283363802559415 0.02138157894736842
1 0.3857404021937843 0.26151315789473684 0.02376599634369287 0.02138157894736842
1 0.7774223034734917 0.22697368421052633 0.0283363802559415 0.024671052631578948
1 0.9488117001828154 0.28536184210526316 0.031078610603290677 0.027138157894736843
1 0.7632541133455211 0.4510690789473684 0.0283363802559415 0.023026315789473683
1 0.3647166361974406 0.2598684210526316 0.021937842778793418 0.02055921052631579
1 0.02330895795246801 0.766858552631579 0.03473491773308958 0.02631578947368421
1 0.20749542961608775 0.18791118421052633 0.04113345521023766 0.03618421052631579
1 0.8121572212065814 0.0834703947368421 0.03290676416819013 0.02549342105263158
0 0.6951553930530164 0.3285361842105263 0.02376599634369287 0.018092105263157895
1 0.360146252285192 0.21217105263157895 0.029250457038391225 0.022203947368421052
0 0.6805301645338209 0.10320723684210527 0.02376599634369287 0.02055921052631579
1 0.4913162705667276 0.6447368421052632 0.029250457038391225 0.02055921052631579
1 0.016910420475319928 0.7939967105263158 0.03290676416819013 0.03042763157894737
1 0.10648994515539305 0.9695723684210527 0.033820840950639856 0.02631578947368421
1 0.16224862888482633 0.4087171052631579 0.02102376599634369 0.018092105263157895
0 0.7148080438756855 0.12582236842105263 0.021937842778793418 0.02055921052631579
1 0.14488117001828155 0.8696546052631579 0.037477148080438755 0.03042763157894737
1 0.8523765996343693 0.11554276315789473 0.033820840950639856 0.027960526315789474
1 0.6544789762340036 0.28741776315789475 0.027422303473491772 0.02549342105263158
0 0.6750457038391224 0.2787828947368421 0.024680073126142597 0.02055921052631579
1 0.1823583180987203 0.4017269736842105 0.019195612431444242 0.015625
1 0.4648080438756856 0.8314144736842105 0.029250457038391225 0.02631578947368421
1 0.8203839122486288 0.5271381578947368 0.031078610603290677 0.023026315789473683
0 0.3921389396709324 0.40131578947368424 0.026508226691042046 0.02055921052631579
1 0.14990859232175502 0.1981907894736842 0.038391224862888484 0.032072368421052634
1 0.4346435100548446 0.01069078947368421 0.02376599634369287 0.018914473684210526
1 0.30438756855575866 0.2565789473684211 0.025594149908592323 0.018092105263157895
1 0.703382084095064 0.09827302631578948 0.02376599634369287 0.02055921052631579
1 0.7157221206581352 0.2759046052631579 0.029250457038391225 0.024671052631578948
1 0.16270566727605118 0.17023026315789475 0.05301645338208409 0.03618421052631579
0 0.6745886654478976 0.36883223684210525 0.022851919561243144 0.02055921052631579
1 0.7609689213893968 0.43462171052631576 0.026508226691042046 0.018092105263157895
0 0.4840036563071298 0.4868421052631579 0.025594149908592323 0.017269736842105265
1 0.01736745886654479 0.8577302631578947 0.031078610603290677 0.024671052631578948
1 0.8382084095063985 0.10115131578947369 0.031992687385740404 0.02549342105263158
1 0.48720292504570384 0.5452302631578947 0.031992687385740404 0.024671052631578948
1 0.7742230347349177 0.40707236842105265 0.0283363802559415 0.02055921052631579
1 0.9858318098720292 0.17804276315789475 0.0283363802559415 0.022203947368421052
0 0.8135283363802559 0.0649671052631579 0.025594149908592323 0.018092105263157895
1 0.6279707495429616 0.4897203947368421 0.021937842778793418 0.022203947368421052
1 0.9922303473491774 0.3013980263157895 0.015539305301645339 0.032072368421052634
1 0.07952468007312614 0.24177631578947367 0.029250457038391225 0.023026315789473683
1 0.3916819012797075 0.2857730263157895 0.027422303473491772 0.02138157894736842
1 0.5772394881170019 0.772203947368421 0.026508226691042046 0.02138157894736842
0 0.6924131627056673 0.12870065789473684 0.02376599634369287 0.018092105263157895
1 0.6942413162705667 0.14473684210526316 0.03016453382084095 0.02138157894736842
1 0.6608775137111518 0.3548519736842105 0.026508226691042046 0.02055921052631579
0 0.49817184643510054 0.5037006578947368 0.03016453382084095 0.023848684210526317
1 0.2317184643510055 0.17146381578947367 0.029250457038391225 0.02549342105263158
0 0.8377513711151737 0.06537828947368421 0.025594149908592323 0.02138157894736842
1 0.9867458866544789 0.36883223684210525 0.025594149908592323 0.03289473684210526
1 0.6736745886654479 0.11595394736842106 0.021937842778793418 0.017269736842105265
0 0.9748628884826326 0.10320723684210527 0.027422303473491772 0.023848684210526317
0 0.743601462522852 0.23273026315789475 0.0283363802559415 0.023026315789473683
1 0.4351005484460695 0.5464638157894737 0.019195612431444242 0.018092105263157895
0 0.6704753199268738 0.3277138157894737 0.024680073126142597 0.018914473684210526
0 0.970292504570384 0.33305921052631576 0.03290676416819013 0.027960526315789474
1 0.13619744058500913 0.959703947368421 0.03016453382084095 0.023848684210526317
0 0.47303473491773307 0.5008223684210527 0.024680073126142597 0.02138157894736842
1 0.9803473491773309 0.4083059210526316 0.026508226691042046 0.027960526315789474
1 0.4076782449725777 0.4975328947368421 0.018281535648994516 0.013980263157894737
1 0.4826325411334552 0.6554276315789473 0.029250457038391225 0.02055921052631579
1 0.6393967093235832 0.5259046052631579 0.02102376599634369 0.017269736842105265
1 0.1860146252285192 0.20764802631578946 0.03016453382084095 0.027960526315789474
0 0.9876599634369287 0.15583881578947367 0.024680073126142597 0.024671052631578948
0 0.30118829981718465 0.22861842105263158 0.014625228519195612 0.013157894736842105
0 0.806672760511883 0.5472861842105263 0.0283363802559415 0.02631578947368421
0 0.8542047531992687 0.44366776315789475 0.026508226691042046 0.019736842105263157
1 0.20521023765996343 0.16200657894736842 0.0356489945155393 0.023026315789473683
0 0.47851919561243145 0.5209703947368421 0.026508226691042046 0.022203947368421052
1 0.3176416819012797 0.22697368421052633 0.02102376599634369 0.014802631578947368
0 0.9579524680073126 0.41118421052631576 0.02102376599634369 0.019736842105263157
1 0.4840036563071298 0.670641447368421 0.029250457038391225 0.022203947368421052
0 0.01736745886654479 0.8811677631578947 0.03016453382084095 0.024671052631578948
0 0.7856489945155393 0.5390625 0.02102376599634369 0.018092105263157895
1 0.6590493601462523 0.38692434210526316 0.026508226691042046 0.018092105263157895
0 0.389853747714808 0.24383223684210525 0.021937842778793418 0.01644736842105263
0 0.8843692870201096 0.4720394736842105 0.02102376599634369 0.018092105263157895
0 0.659963436928702 0.3717105263157895 0.022851919561243144 0.017269736842105265
0 0.6174588665447898 0.3363486842105263 0.026508226691042046 0.022203947368421052
0 0.9853747714808044 0.24588815789473684 0.029250457038391225 0.03042763157894737
1 0.4351005484460695 0.34539473684210525 0.02102376599634369 0.015625
1 0.36745886654478976 0.1981907894736842 0.019195612431444242 0.013980263157894737
0 0.9186471663619744 0.02919407894736842 0.027422303473491772 0.02138157894736842
0 0.31444241316270566 0.23314144736842105 0.016453382084095063 0.013157894736842105
1 0.6736745886654479 0.09169407894736842 0.022851919561243144 0.018914473684210526
1 0.15996343692870202 0.22245065789473684 0.04204753199268738 0.027138157894736843
0 0.9648080438756855 0.30098684210526316 0.02376599634369287 0.019736842105263157
0 0.7413162705667276 0.6307565789473685 0.019195612431444242 0.014802631578947368
0 0.3473491773308958 0.25164473684210525 0.01736745886654479 0.014802631578947368
0 0.8139853747714808 0.31085526315789475 0.02010968921389397 0.01644736842105263
0 0.9652650822669104 0.15830592105263158 0.0283363802559415 0.023848684210526317
0 0.9616087751371115 0.08264802631578948 0.027422303473491772 0.023026315789473683
0 0.7312614259597806 0.24835526315789475 0.025594149908592323 0.019736842105263157
1 0.33089579524680074 0.23766447368421054 0.015539305301645339 0.014802631578947368
1 0.9949725776965265 0.39555921052631576 0.010054844606946984 0.02631578947368421
1 0.4127056672760512 0.3013980263157895 0.022851919561243144 0.018092105263157895
0 0.79981718464351 0.3182565789473684 0.02102376599634369 0.018092105263157895
0 0.031078610603290677 0.891858552631579 0.021937842778793418 0.018914473684210526
0 0.9753199268738574 0.4954769736842105 0.02102376599634369 0.015625
0 0.4287020109689214 0.03577302631578947 0.016453382084095063 0.013157894736842105
1 0.19926873857404023 0.9078947368421053 0.029250457038391225 0.02138157894736842
0 0.8903107861060329 0.4868421052631579 0.02102376599634369 0.017269736842105265
0 0.6988117001828154 0.28988486842105265 0.027422303473491772 0.02055921052631579
1 0.9497257769652651 0.10526315789473684 0.0283363802559415 0.029605263157894735
0 0.2129798903107861 0.007401315789473684 0.022851919561243144 0.014802631578947368
1 0.8144424131627057 0.8038651315789473 0.026508226691042046 0.018914473684210526
0 0.40950639853747717 0.024671052631578948 0.018281535648994516 0.015625
1 0.8496343692870201 0.13075657894736842 0.029250457038391225 0.018914473684210526
1 0.49954296160877515 0.44942434210526316 0.02102376599634369 0.018914473684210526
0 0.8075868372943327 0.2956414473684211 0.022851919561243144 0.018092105263157895
0 0.703382084095064 0.31620065789473684 0.024680073126142597 0.019736842105263157
0 0.6946983546617916 0.08511513157894737 0.022851919561243144 0.018092105263157895
0 0.3062157221206581 0.24300986842105263 0.019195612431444242 0.013980263157894737
0 0.40676416819012795 0.43338815789473684 0.02376599634369287 0.018914473684210526
1 0.4346435100548446 0.06126644736842105 0.025594149908592323 0.024671052631578948
0 0.25045703839122485 0.025904605263157895 0.01736745886654479 0.013157894736842105
0 0.7522851919561243 0.26192434210526316 0.031078610603290677 0.024671052631578948
0 0.4419561243144424 0.033717105263157895 0.016453382084095063 0.014802631578947368
0 0.726691042047532 0.6258223684210527 0.018281535648994516 0.014802631578947368
1 0.016910420475319928 0.05057565789473684 0.02102376599634369 0.01644736842105263
0 0.9712065813528337 0.4856085526315789 0.021937842778793418 0.017269736842105265
