1 0.9794332723948812 0.2602796052631579 0.0283363802559415 0.023848684210526317
1 0.8761425959780622 0.9868421052631579 0.031992687385740404 0.02549342105263158
0 0.34049360146252283 0.18873355263157895 0.021937842778793418 0.017269736842105265
1 0.7513711151736746 0.3807565789473684 0.033820840950639856 0.028782894736842105
1 0.7774223034734917 0.34868421052631576 0.029250457038391225 0.02631578947368421
1 0.24085923217550273 0.19078947368421054 0.0283363802559415 0.024671052631578948
1 0.2664533820840951 0.7084703947368421 0.025594149908592323 0.023026315789473683
1 0.8976234003656307 0.7138157894736842 0.02376599634369287 0.022203947368421052
1 0.7385740402193784 0.5904605263157895 0.031992687385740404 0.028782894736842105
1 0.296617915904936 0.10032894736842106 0.027422303473491772 0.023848684210526317
1 0.11745886654478976 0.5908717105263158 0.03016453382084095 0.02631578947368421
1 0.909963436928702 0.025082236842105265 0.038391224862888484 0.03125
1 0.12477148080438757 0.3145559210526316 0.027422303473491772 0.02138157894736842
1 0.5639853747714808 0.1669407894736842 0.04021937842778794 0.03618421052631579
1 0.6407678244972578 0.6768092105263158 0.026508226691042046 0.024671052631578948
1 0.6914990859232175 0.5703125 0.027422303473491772 0.022203947368421052
1 0.23948811700182815 0.06990131578947369 0.031078610603290677 0.02549342105263158
1 0.9675502742230347 0.7972861842105263 0.026508226691042046 0.023848684210526317
1 0.8587751371115173 0.15419407894736842 0.025594149908592323 0.022203947368421052
1 0.30255941499085925 0.34087171052631576 0.0283363802559415 0.023848684210526317
1 0.33409506398537475 0.14679276315789475 0.029250457038391225 0.023848684210526317
1 0.5644424131627057 0.6998355263157895 0.037477148080438755 0.02631578947368421
1 0.3944241316270567 0.12746710526315788 0.03016453382084095 0.02549342105263158
1 0.7591407678244972 0.609375 0.021937842778793418 0.019736842105263157
1 0.06352833638025594 0.3392269736842105 0.031078610603290677 0.02549342105263158
1 0.2856489945155393 0.32442434210526316 0.027422303473491772 0.022203947368421052
1 0.953382084095064 0.6587171052631579 0.024680073126142597 0.02138157894736842
1 0.7728519195612431 0.6188322368421053 0.022851919561243144 0.018914473684210526
1 0.3094149908592322 0.2393092105263158 0.02376599634369287 0.02138157894736842
1 0.5539305301645339 0.43379934210526316 0.021937842778793418 0.02055921052631579
1 0.0886654478976234 0.5818256578947368 0.029250457038391225 0.024671052631578948
1 0.6014625228519196 0.18050986842105263 0.0356489945155393 0.03125
1 0.062157221206581355 0.59375 0.031992687385740404 0.02631578947368421
1 0.6448811700182815 0.7039473684210527 0.0283363802559415 0.022203947368421052
0 0.8985374771480804 0.052220394736842105 0.029250457038391225 0.027960526315789474
1 0.260054844606947 0.10649671052631579 0.03016453382084095 0.02549342105263158
1 0.260054844606947 0.32730263157894735 0.031078610603290677 0.02549342105263158
1 0.3180987202925046 0.21751644736842105 0.025594149908592323 0.02055921052631579
1 0.38939670932358317 0.6443256578947368 0.025594149908592323 0.022203947368421052
1 0.40036563071297987 0.5953947368421053 0.026508226691042046 0.02055921052631579
1 0.7079524680073126 0.8022203947368421 0.024680073126142597 0.02055921052631579
1 0.1480804387568556 0.8071546052631579 0.0356489945155393 0.02055921052631579
1 0.9305301645338209 0.48026315789473684 0.027422303473491772 0.02549342105263158
1 0.4538391224862888 0.8018092105263158 0.02376599634369287 0.02055921052631579
1 0.8171846435100548 0.4765625 0.024680073126142597 0.023848684210526317
1 0.6892138939670932 0.5974506578947368 0.0283363802559415 0.024671052631578948
1 0.6558500914076782 0.15172697368421054 0.03016453382084095 0.03042763157894737
1 0.5361060329067642 0.2421875 0.025594149908592323 0.023026315789473683
1 0.6951553930530164 0.44161184210526316 0.0283363802559415 0.024671052631578948
1 0.5946069469835467 0.5978618421052632 0.02010968921389397 0.017269736842105265
0 0.23446069469835465 0.24259868421052633 0.027422303473491772 0.02138157894736842
0 0.3569469835466179 0.19860197368421054 0.02010968921389397 0.018092105263157895
0 0.9611517367458866 0.34210526315789475 0.019195612431444242 0.017269736842105265
1 0.9478976234003657 0.8470394736842105 0.025594149908592323 0.019736842105263157
1 0.9561243144424132 0.2660361842105263 0.025594149908592323 0.023026315789473683
1 0.5105118829981719 0.5082236842105263 0.019195612431444242 0.019736842105263157
1 0.7920475319926874 0.53125 0.024680073126142597 0.02138157894736842
1 0.7509140767824497 0.6665296052631579 0.02376599634369287 0.019736842105263157
1 0.33089579524680074 0.3199013157894737 0.029250457038391225 0.022203947368421052
1 0.27148080438756855 0.3462171052631579 0.025594149908592323 0.023026315789473683
1 0.18372943327239488 0.2833059210526316 0.029250457038391225 0.027960526315789474
1 0.8505484460694699 0.5057565789473685 0.02102376599634369 0.02055921052631579
1 0.7655393053016454 0.5209703947368421 0.026508226691042046 0.02138157894736842
1 0.43647166361974404 0.8042763157894737 0.02102376599634369 0.018092105263157895
1 0.3953382084095064 0.32113486842105265 0.031078610603290677 0.03042763157894737
1 0.6585923217550275 0.6817434210526315 0.025594149908592323 0.023848684210526317
1 0.7984460694698354 0.46587171052631576 0.02010968921389397 0.02055921052631579
0 0.8720292504570384 0.057154605263157895 0.0283363802559415 0.024671052631578948
1 0.8153564899451554 0.4564144736842105 0.024680073126142597 0.019736842105263157
1 0.3290676416819013 0.2314967105263158 0.024680073126142597 0.024671052631578948
1 0.5836380255941499 0.4691611842105263 0.02102376599634369 0.018914473684210526
1 0.2893053016453382 0.3589638157894737 0.026508226691042046 0.023026315789473683
1 0.5671846435100548 0.19449013157894737 0.04296160877513711 0.03125
1 0.4218464351005484 0.11389802631578948 0.025594149908592323 0.024671052631578948
1 0.6229433272394881 0.49136513157894735 0.027422303473491772 0.023848684210526317
1 0.3546617915904936 0.1225328947368421 0.02376599634369287 0.023848684210526317
1 0.8281535648994516 0.6620065789473685 0.024680073126142597 0.017269736842105265
1 0.9757769652650823 0.2800164473684211 0.022851919561243144 0.019736842105263157
1 0.70018281535649 0.5209703947368421 0.02376599634369287 0.02138157894736842
0 0.6389396709323584 0.17434210526315788 0.031078610603290677 0.02549342105263158
0 0.7244058500914077 0.37417763157894735 0.029250457038391225 0.02631578947368421
0 0.9680073126142597 0.0625 0.0283363802559415 0.024671052631578948
1 0.7330895795246801 0.5674342105263158 0.024680073126142597 0.02138157894736842
1 0.6663619744058501 0.5707236842105263 0.03016453382084095 0.033717105263157895
1 0.9026508226691042 0.5629111842105263 0.0283363802559415 0.023026315789473683
1 0.3359232175502742 0.43338815789473684 0.022851919561243144 0.018092105263157895
1 0.5612431444241316 0.47820723684210525 0.021937842778793418 0.019736842105263157
0 0.9524680073126143 0.027549342105263157 0.026508226691042046 0.019736842105263157
1 0.2774223034734918 0.16652960526315788 0.027422303473491772 0.02055921052631579
1 0.4149908592321755 0.14925986842105263 0.02376599634369287 0.02138157894736842
1 0.3446069469835466 0.22574013157894737 0.022851919561243144 0.02055921052631579
1 0.11151736745886655 0.5386513157894737 0.024680073126142597 0.019736842105263157
1 0.6508226691042047 0.516858552631579 0.025594149908592323 0.027138157894736843
1 0.20749542961608775 0.11800986842105263 0.027422303473491772 0.022203947368421052
1 0.9826325411334552 0.6402138157894737 0.022851919561243144 0.024671052631578948
1 0.5639853747714808 0.7360197368421053 0.025594149908592323 0.02138157894736842
0 0.7646252285191956 0.31949013157894735 0.022851919561243144 0.018092105263157895
1 0.5452468007312614 0.5748355263157895 0.03016453382084095 0.023848684210526317
0 0.5607861060329068 0.6768092105263158 0.02376599634369287 0.019736842105263157
1 0.3423217550274223 0.17269736842105263 0.024680073126142597 0.018914473684210526
0 0.8578610603290676 0.125 0.01736745886654479 0.013980263157894737
1 0.3788848263254113 0.59375 0.02376599634369287 0.02055921052631579
0 0.4469835466179159 0.49629934210526316 0.02376599634369287 0.018092105263157895
0 0.9012797074954296 0.48149671052631576 0.031992687385740404 0.027138157894736843
0 0.3624314442413163 0.6266447368421053 0.027422303473491772 0.023026315789473683
1 0.9520109689213894 0.5756578947368421 0.0283363802559415 0.024671052631578948
0 0.4757769652650823 0.6101973684210527 0.0356489945155393 0.032072368421052634
1 0.09414990859232175 0.203125 0.02376599634369287 0.02138157894736842
1 0.5580438756855576 0.41488486842105265 0.021937842778793418 0.015625
1 0.5287934186471663 0.5078125 0.02102376599634369 0.02055921052631579
0 0.5187385740402194 0.5785361842105263 0.031078610603290677 0.023848684210526317
0 0.9373857404021938 0.3495065789473684 0.018281535648994516 0.014802631578947368
1 0.9460694698354661 0.33511513157894735 0.018281535648994516 0.017269736842105265
0 0.9584095063985375 0.860608552631579 0.021937842778793418 0.019736842105263157
0 0.7042961608775137 0.2611019736842105 0.026508226691042046 0.024671052631578948
1 0.2362888482632541 0.47245065789473684 0.031992687385740404 0.02631578947368421
1 0.6978976234003657 0.6274671052631579 0.024680073126142597 0.02055921052631579
1 0.3546617915904936 0.28289473684210525 0.029250457038391225 0.023026315789473683
0 0.08272394881170018 0.515625 0.029250457038391225 0.023848684210526317
1 0.833180987202925 0.4740953947368421 0.02102376599634369 0.023848684210526317
0 0.9712065813528337 0.0390625 0.024680073126142597 0.024671052631578948
0 0.3944241316270567 0.5509868421052632 0.018281535648994516 0.014802631578947368
1 0.45429616087751373 0.4642269736842105 0.024680073126142597 0.019736842105263157
1 0.376599634369287 0.2865953947368421 0.021937842778793418 0.018914473684210526
1 0.8011882998171846 0.48601973684210525 0.025594149908592323 0.023848684210526317
1 0.5927787934186471 0.13980263157894737 0.038391224862888484 0.024671052631578948
1 0.930073126142596 0.3745888157894737 0.02010968921389397 0.018092105263157895
1 0.7230347349177331 0.5213815789473685 0.026508226691042046 0.02631578947368421
1 0.6421389396709324 0.4375 0.02102376599634369 0.018092105263157895
0 0.886654478976234 0.07606907894736842 0.031078610603290677 0.023026315789473683
0 0.5923217550274223 0.15501644736842105 0.029250457038391225 0.023848684210526317
1 0.6681901279707495 0.5131578947368421 0.018281535648994516 0.018914473684210526
1 0.3391224862888483 0.6064967105263158 0.02010968921389397 0.015625
1 0.5685557586837294 0.43338815789473684 0.02010968921389397 0.02055921052631579
1 0.9012797074954296 0.48067434210526316 0.029250457038391225 0.02549342105263158
0 0.6718464351005484 0.3667763157894737 0.026508226691042046 0.022203947368421052
1 0.4739488117001828 0.3092105263157895 0.019195612431444242 0.01644736842105263
1 0.7253199268738574 0.4683388157894737 0.021937842778793418 0.02055921052631579
0 0.9451553930530164 0.07236842105263158 0.021937842778793418 0.02138157894736842
1 0.8747714808043876 0.7010690789473685 0.022851919561243144 0.02055921052631579
0 0.7573126142595978 0.4074835526315789 0.024680073126142597 0.02138157894736842
1 0.8574040219378428 0.9946546052631579 0.021937842778793418 0.01069078947368421
1 0.024223034734917732 0.3256578947368421 0.026508226691042046 0.02549342105263158
1 0.9360146252285192 0.018914473684210526 0.02010968921389397 0.027138157894736843
0 0.48811700182815354 0.2393092105263158 0.026508226691042046 0.02055921052631579
0 0.7678244972577697 0.4527138157894737 0.02376599634369287 0.02055921052631579
1 0.32312614259597805 0.25082236842105265 0.027422303473491772 0.017269736842105265
0 0.6403107861060329 0.15296052631578946 0.024680073126142597 0.023026315789473683
0 0.4986288848263254 0.5489309210526315 0.022851919561243144 0.017269736842105265
1 0.3939670932358318 0.6278782894736842 0.019195612431444242 0.014802631578947368
0 0.29021937842778794 0.2314967105263158 0.019195612431444242 0.01644736842105263
1 0.32449725776965266 0.29276315789473684 0.02376599634369287 0.018914473684210526
0 0.9364716636197441 0.5941611842105263 0.025594149908592323 0.02138157894736842
1 0.29250457038391225 0.24794407894736842 0.022851919561243144 0.019736842105263157
0 0.6869287020109689 0.49300986842105265 0.019195612431444242 0.018914473684210526
1 0.3080438756855576 0.004111842105263158 0.0283363802559415 0.008223684210526315
0 0.42550274223034734 0.29276315789473684 0.02376599634369287 0.018914473684210526
1 0.30027422303473494 0.17639802631578946 0.022851919561243144 0.019736842105263157
1 0.7454296160877514 0.5041118421052632 0.02376599634369287 0.02138157894736842
1 0.6083180987202925 0.501233552631579 0.026508226691042046 0.023848684210526317
1 0.7975319926873857 0.6258223684210527 0.0283363802559415 0.02549342105263158
1 0.09552102376599635 0.18585526315789475 0.02102376599634369 0.014802631578947368
1 0.4529250457038391 0.8133223684210527 0.024680073126142597 0.018092105263157895
0 0.7842778793418648 0.32894736842105265 0.02102376599634369 0.01644736842105263
0 0.3587751371115174 0.15172697368421054 0.019195612431444242 0.017269736842105265
0 0.670018281535649 0.6953125 0.02102376599634369 0.017269736842105265
1 0.7097806215722121 0.3519736842105263 0.024680073126142597 0.019736842105263157
1 0.3779707495429616 0.5513980263157895 0.02010968921389397 0.018092105263157895
0 0.9922303473491774 0.626233552631579 0.015539305301645339 0.024671052631578948
0 0.3423217550274223 0.6196546052631579 0.02010968921389397 0.01644736842105263
1 0.9771480804387569 0.34457236842105265 0.014625228519195612 0.017269736842105265
1 0.9351005484460695 0.3355263157894737 0.019195612431444242 0.017269736842105265
1 0.44424131627056673 0.20641447368421054 0.019195612431444242 0.018092105263157895
1 0.4593235831809872 0.6846217105263158 0.02010968921389397 0.015625
0 0.40219378427787933 0.2734375 0.027422303473491772 0.022203947368421052
1 0.7495429616087751 0.680921052631579 0.024680073126142597 0.018914473684210526
0 0.7134369287020109 0.5620888157894737 0.02102376599634369 0.018092105263157895
0 0.9524680073126143 0.3527960526315789 0.016453382084095063 0.014802631578947368
1 0.2577696526508227 0.2730263157894737 0.024680073126142597 0.022203947368421052
0 0.8729433272394881 0.04235197368421053 0.027422303473491772 0.017269736842105265
0 0.9172760511882998 0.9925986842105263 0.02376599634369287 0.013980263157894737
1 0.5758683729433273 0.4831414473684211 0.018281535648994516 0.01644736842105263
