1 0.9725776965265083 0.18338815789473684 0.02102376599634369 0.019736842105263157
1 0.9817184643510055 0.08799342105263158 0.02010968921389397 0.023026315789473683
1 0.7344606946983546 0.4823190789473684 0.03016453382084095 0.028782894736842105
1 0.896709323583181 0.16159539473684212 0.02376599634369287 0.022203947368421052
1 0.850091407678245 0.24424342105263158 0.019195612431444242 0.018092105263157895
1 0.8546617915904936 0.22203947368421054 0.025594149908592323 0.02138157894736842
1 0.7609689213893968 0.1455592105263158 0.02102376599634369 0.01644736842105263
1 0.850091407678245 0.4144736842105263 0.029250457038391225 0.024671052631578948
1 0.9744058500914077 0.16611842105263158 0.022851919561243144 0.019736842105263157
1 0.7257769652650823 0.21833881578947367 0.021937842778793418 0.017269736842105265
1 0.8871115173674589 0.24259868421052633 0.022851919561243144 0.023848684210526317
1 0.8692870201096892 0.24465460526315788 0.021937842778793418 0.023026315789473683
1 0.81672760511883 0.4276315789473684 0.02102376599634369 0.018092105263157895
1 0.7728519195612431 0.1356907894736842 0.022851919561243144 0.018914473684210526
1 0.9451553930530164 0.03782894736842105 0.029250457038391225 0.022203947368421052
1 0.7349177330895795 0.2060032894736842 0.016453382084095063 0.014802631578947368
1 0.8957952468007313 0.3207236842105263 0.024680073126142597 0.02055921052631579
1 0.7915904936014625 0.18791118421052633 0.02010968921389397 0.017269736842105265
0 0.7632541133455211 0.17269736842105263 0.018281535648994516 0.015625
1 0.8190127970749543 0.19284539473684212 0.024680073126142597 0.022203947368421052
0 0.7687385740402194 0.1825657894736842 0.01736745886654479 0.014802631578947368
1 0.7609689213893968 0.1591282894736842 0.02102376599634369 0.015625
1 0.8542047531992687 0.25945723684210525 0.019195612431444242 0.015625
1 0.9945155393053017 0.10197368421052631 0.010968921389396709 0.02055921052631579
0 0.7486288848263254 0.17146381578947367 0.01736745886654479 0.01644736842105263
1 0.9556672760511883 0.18544407894736842 0.019195612431444242 0.017269736842105265
0 0.7157221206581352 0.20559210526315788 0.02102376599634369 0.018092105263157895
1 0.9922303473491774 0.08223684210526316 0.015539305301645339 0.024671052631578948
1 0.953382084095064 0.1689967105263158 0.022851919561243144 0.02138157894736842
1 0.7522851919561243 0.20353618421052633 0.02010968921389397 0.015625
1 0.7573126142595978 0.48807565789473684 0.029250457038391225 0.029605263157894735
1 0.8615173674588665 0.42804276315789475 0.031992687385740404 0.023026315789473683
1 0.8322669104204753 0.43832236842105265 0.022851919561243144 0.017269736842105265
1 0.8624314442413162 0.2574013157894737 0.021937842778793418 0.014802631578947368
1 0.8807129798903108 0.265625 0.019195612431444242 0.014802631578947368
