1 0.8313528336380256 0.873766447368421 0.031992687385740404 0.03042763157894737
1 0.8930530164533821 0.8643092105263158 0.031078610603290677 0.029605263157894735
1 0.8852833638025595 0.7664473684210527 0.0356489945155393 0.03289473684210526
1 0.9191042047531993 0.7064144736842105 0.031992687385740404 0.027960526315789474
1 0.4936014625228519 0.8671875 0.02376599634369287 0.02055921052631579
1 0.09872029250457039 0.9740953947368421 0.03656307129798903 0.033717105263157895
1 0.7861060329067642 0.9584703947368421 0.031078610603290677 0.02631578947368421
1 0.9341864716636198 0.8745888157894737 0.03656307129798903 0.03289473684210526
1 0.09140767824497258 0.5810032894736842 0.031078610603290677 0.029605263157894735
1 0.8624314442413162 0.7578125 0.0356489945155393 0.03700657894736842
1 0.7481718464351006 0.9745065789473685 0.03290676416819013 0.03125
1 0.6412248628884827 0.9321546052631579 0.026508226691042046 0.02631578947368421
1 0.4844606946983547 0.7401315789473685 0.024680073126142597 0.023848684210526317
0 0.7687385740402194 0.8856907894736842 0.022851919561243144 0.022203947368421052
1 0.8162705667276051 0.897203947368421 0.03290676416819013 0.029605263157894735
1 0.27010968921389394 0.9666940789473685 0.02376599634369287 0.02138157894736842
1 0.906764168190128 0.735608552631579 0.029250457038391225 0.027138157894736843
1 0.8057586837294333 0.8614309210526315 0.03016453382084095 0.027960526315789474
1 0.7975319926873857 0.9819078947368421 0.03473491773308958 0.032072368421052634
1 0.7774223034734917 0.9888980263157895 0.03016453382084095 0.022203947368421052
1 0.6631627056672761 0.9300986842105263 0.029250457038391225 0.024671052631578948
1 0.7925045703839122 0.8824013157894737 0.03016453382084095 0.03042763157894737
1 0.12614259597806216 0.9868421052631579 0.029250457038391225 0.02549342105263158
1 0.4780621572212066 0.8881578947368421 0.027422303473491772 0.024671052631578948
0 0.9776051188299817 0.48725328947368424 0.027422303473491772 0.022203947368421052
1 0.8528336380255942 0.615953947368421 0.031992687385740404 0.028782894736842105
1 0.06078610603290677 0.5797697368421053 0.024680073126142597 0.023848684210526317
1 0.9017367458866545 0.6447368421052632 0.037477148080438755 0.03453947368421053
1 0.5155393053016454 0.7376644736842105 0.022851919561243144 0.022203947368421052
1 0.5036563071297989 0.735608552631579 0.021937842778793418 0.02138157894736842
0 0.7504570383912249 0.8799342105263158 0.03290676416819013 0.03042763157894737
0 0.4757769652650823 0.8597861842105263 0.02010968921389397 0.018914473684210526
0 0.6645338208409507 0.9527138157894737 0.0356489945155393 0.027960526315789474
1 0.286563071297989 0.9740953947368421 0.022851919561243144 0.022203947368421052
0 0.4936014625228519 0.8511513157894737 0.022851919561243144 0.018092105263157895
0 0.3880255941499086 0.717516447368421 0.021937842778793418 0.018914473684210526
1 0.9017367458866545 0.8980263157894737 0.022851919561243144 0.019736842105263157
0 0.7655393053016454 0.8675986842105263 0.022851919561243144 0.018092105263157895
1 0.5022851919561243 0.9650493421052632 0.024680073126142597 0.02138157894736842
1 0.476691042047532 0.8453947368421053 0.02010968921389397 0.018092105263157895
0 0.9255027422303473 0.7269736842105263 0.025594149908592323 0.024671052631578948
1 0.8560329067641682 0.8717105263157895 0.025594149908592323 0.02631578947368421
0 0.7810786106032906 0.858141447368421 0.024680073126142597 0.02138157894736842
1 0.5036563071297989 0.75 0.022851919561243144 0.019736842105263157
0 0.37385740402193784 0.7138157894736842 0.02102376599634369 0.018092105263157895
