1 0.30850091407678243 0.41036184210526316 0.0356489945155393 0.032072368421052634
1 0.2874771480804388 0.7002467105263158 0.03930530164533821 0.032072368421052634
1 0.8272394881170019 0.2660361842105263 0.038391224862888484 0.029605263157894735
1 0.8336380255941499 0.7310855263157895 0.0283363802559415 0.023026315789473683
1 0.7244058500914077 0.9555921052631579 0.04113345521023766 0.03042763157894737
1 0.2755941499085923 0.4004934210526316 0.038391224862888484 0.03289473684210526
1 0.6256855575868373 0.44901315789473684 0.03656307129798903 0.02549342105263158
1 0.8011882998171846 0.4095394736842105 0.0356489945155393 0.022203947368421052
1 0.8491773308957953 0.5242598684210527 0.0356489945155393 0.028782894736842105
1 0.9620658135283364 0.5111019736842105 0.03290676416819013 0.028782894736842105
1 0.9351005484460695 0.5226151315789473 0.031992687385740404 0.023026315789473683
1 0.6576782449725777 0.4864309210526316 0.03290676416819013 0.028782894736842105
1 0.7824497257769653 0.4432565789473684 0.038391224862888484 0.029605263157894735
1 0.4689213893967093 0.8297697368421053 0.03473491773308958 0.03125
1 0.9428702010968921 0.6258223684210527 0.025594149908592323 0.02055921052631579
1 0.9428702010968921 0.8770559210526315 0.029250457038391225 0.02631578947368421
1 0.9108775137111518 0.6603618421052632 0.03016453382084095 0.024671052631578948
1 0.903107861060329 0.9901315789473685 0.044789762340036565 0.019736842105263157
1 0.9337294332723949 0.5037006578947368 0.027422303473491772 0.02138157894736842
1 0.8820840950639853 0.7516447368421053 0.024680073126142597 0.022203947368421052
1 0.723491773308958 0.6689967105263158 0.03016453382084095 0.02631578947368421
1 0.047074954296160876 0.576891447368421 0.031078610603290677 0.027138157894736843
1 0.7010968921389397 0.5106907894736842 0.03016453382084095 0.024671052631578948
1 0.9638939670932358 0.7454769736842105 0.031078610603290677 0.02549342105263158
1 0.5329067641681902 0.8013980263157895 0.033820840950639856 0.02549342105263158
1 0.8121572212065814 0.7265625 0.024680073126142597 0.02138157894736842
1 0.10374771480804387 0.5600328947368421 0.025594149908592323 0.023848684210526317
1 0.8427787934186471 0.4909539473684211 0.031992687385740404 0.02138157894736842
1 0.876599634369287 0.6632401315789473 0.026508226691042046 0.02055921052631579
1 0.9414990859232175 0.655016447368421 0.024680073126142597 0.023848684210526317
0 0.8075868372943327 0.4296875 0.03290676416819013 0.024671052631578948
1 0.7614259597806216 0.9794407894736842 0.03473491773308958 0.028782894736842105
1 0.6924131627056673 0.5341282894736842 0.03656307129798903 0.028782894736842105
1 0.8976234003656307 0.7652138157894737 0.027422303473491772 0.022203947368421052
1 0.6823583180987203 0.4909539473684211 0.0283363802559415 0.02631578947368421
1 0.19195612431444242 0.4506578947368421 0.025594149908592323 0.02138157894736842
1 0.013254113345521023 0.5633223684210527 0.026508226691042046 0.023026315789473683
1 0.8254113345521024 0.9198190789473685 0.03290676416819013 0.027960526315789474
1 0.19926873857404023 0.43462171052631576 0.019195612431444242 0.017269736842105265
1 0.5109689213893968 0.75 0.0283363802559415 0.023026315789473683
0 0.9872029250457038 0.24753289473684212 0.025594149908592323 0.029605263157894735
1 0.5127970749542962 0.740953947368421 0.029250457038391225 0.024671052631578948
1 0.024223034734917732 0.5805921052631579 0.02102376599634369 0.02138157894736842
1 0.6796160877513712 0.5756578947368421 0.029250457038391225 0.02055921052631579
1 0.276508226691042 0.3560855263157895 0.031078610603290677 0.023026315789473683
1 0.7751371115173674 0.9802631578947368 0.03656307129798903 0.03125
1 0.2810786106032907 0.4214638157894737 0.033820840950639856 0.02055921052631579
1 0.23080438756855576 0.4629934210526316 0.029250457038391225 0.023026315789473683
1 0.6389396709323584 0.47491776315789475 0.02376599634369287 0.023848684210526317
1 0.7358500914076782 0.4957072368421052 0.025191956124314442 0.026504934210526312
1 0.24913162705667277 0.6474424342105263 0.024981718464351006 0.018832236842105263
