1 0.409963436928702 0.8638980263157895 0.029250457038391225 0.027960526315789474
1 0.7230347349177331 0.8696546052631579 0.031078610603290677 0.02549342105263158
1 0.12020109689213894 0.8063322368421053 0.031992687385740404 0.027138157894736843
1 0.6339122486288848 0.8264802631578947 0.022851919561243144 0.018914473684210526
1 0.7193784277879341 0.5789473684210527 0.027422303473491772 0.023848684210526317
1 0.14442413162705667 0.7976973684210527 0.026508226691042046 0.022203947368421052
1 0.6311700182815356 0.8585526315789473 0.029250457038391225 0.024671052631578948
1 0.496800731261426 0.2857730263157895 0.03016453382084095 0.027960526315789474
1 0.922038391224863 0.9190213815789473 0.017248628884826325 0.014876644736842104
1 0.9387568555758684 0.9165296052631579 0.019195612431444242 0.01644736842105263
1 0.7925045703839122 0.9921875 0.031992687385740404 0.015625
1 0.4492687385740402 0.9202302631578947 0.024680073126142597 0.02138157894736842
1 0.8962522851919561 0.671875 0.022851919561243144 0.018092105263157895
0 0.5283363802559415 0.28495065789473684 0.025594149908592323 0.024671052631578948
1 0.1480804387568556 0.8108552631578947 0.025594149908592323 0.018914473684210526
1 0.7486288848263254 0.43585526315789475 0.021937842778793418 0.01644736842105263
1 0.6256855575868373 0.8392269736842105 0.02010968921389397 0.017269736842105265
1 0.8861974405850092 0.688733552631579 0.022851919561243144 0.018914473684210526
1 0.3281535648994516 0.5139802631578947 0.02010968921389397 0.018092105263157895
0 0.2719378427787934 0.5616776315789473 0.026508226691042046 0.022203947368421052
1 0.2585923217550274 0.4970641447368421 0.025447897623400367 0.022310855263157892
0 0.7417733089579525 0.5818092105263158 0.020365630712979893 0.018314144736842106
