1 0.06333333333333334 0.10802700675168792 0.0525 0.05026256564141035
0 0.04666666666666667 0.07239309827456865 0.035833333333333335 0.03075768942235559
1 0.6025 0.02138034508627157 0.06333333333333334 0.04276069017254314
0 0.5495833333333333 0.04013503375843961 0.0625 0.05251312828207052
1 0.6216666666666667 0.15378844711177794 0.05333333333333334 0.05326331582895724
1 0.13291666666666666 0.20855213803450862 0.050833333333333335 0.03825956489122281
0 0.71 0.1245311327831958 0.04 0.03600900225056264
1 0.8958333333333334 0.22280570142535633 0.049166666666666664 0.0345086271567892
1 0.45875 0.3582145536384096 0.04666666666666667 0.03675918979744936
1 0.4141666666666667 0.03375843960990248 0.041666666666666664 0.03825956489122281
0 0.15 0.19017254313578394 0.0375 0.033008252063015754
0 0.5058333333333334 0.02138034508627157 0.050833333333333335 0.04276069017254314
1 0.11041666666666666 0.40735183795948987 0.035833333333333335 0.028507126781695424
1 0.31708333333333333 0.052138034508627154 0.041666666666666664 0.03375843960990248
0 0.6541666666666667 0.1159039759939985 0.03333333333333333 0.035258814703675916
1 0.19541666666666666 0.38072018004501124 0.035833333333333335 0.033008252063015754
0 0.6725 0.5787696924231058 0.028333333333333332 0.028507126781695424
0 0.68625 0.0986496624156039 0.03916666666666667 0.028507126781695424
0 0.6441666666666667 0.5701425356339085 0.034166666666666665 0.033008252063015754
1 0.35541666666666666 0.06864216054013503 0.03666666666666667 0.03825956489122281
1 0.9466666666666667 0.400225056264066 0.04083333333333333 0.02700675168792198
0 0.6754166666666667 0.12528132033008252 0.035833333333333335 0.035258814703675916
0 0.6020833333333333 0.532258064516129 0.029166666666666667 0.024756189047261814
0 0.12041666666666667 0.16879219804951237 0.041666666666666664 0.03900975243810953
0 0.6695833333333333 0.17479369842460615 0.04583333333333333 0.033008252063015754
0 0.029166666666666667 0.0277569392348087 0.0325 0.02625656414103526
0 0.5983333333333334 0.5078769692423106 0.03166666666666667 0.02700675168792198
1 0.26 0.10952738184546136 0.0325 0.033008252063015754
0 0.6908333333333333 0.5667666916729183 0.0325 0.033008252063015754
0 0.3358333333333333 0.07614403600900226 0.03 0.024756189047261814
1 0.17208333333333334 0.3983495873968492 0.04 0.03825956489122281
0 0.33125 0.1444111027756939 0.03333333333333333 0.02625656414103526
0 0.48125 0.313953488372093 0.0425 0.0277569392348087
0 0.5708333333333333 0.5146286571642911 0.030833333333333334 0.02625656414103526
0 0.4841666666666667 0.2929482370592648 0.030833333333333334 0.023255813953488372
0 0.024166666666666666 0.04951237809452363 0.028333333333333332 0.023255813953488372
1 0.12125 0.4257314328582146 0.04 0.029257314328582147
1 0.4483333333333333 0.2670667666916729 0.03916666666666667 0.03075768942235559
1 0.05375 0.04838709677419355 0.025833333333333333 0.02175543885971493
1 0.155 0.41522880720180044 0.0375 0.03375843960990248
1 0.5991666666666666 0.5510127531882971 0.034166666666666665 0.025506376594148537
0 0.4483333333333333 0.24381095273818454 0.025833333333333333 0.02175543885971493
0 0.017083333333333332 0.01687921980495124 0.03166666666666667 0.0277569392348087
1 0.6275 0.54576144036009 0.0275 0.02700675168792198
0 0.5775 0.5348837209302325 0.02666666666666667 0.024006001500375095
1 0.4716666666666667 0.2768192048012003 0.029166666666666667 0.02625656414103526
0 0.5566666666666666 0.5495123780945236 0.028333333333333332 0.02700675168792198
0 0.007916666666666667 0.046136534133533386 0.015833333333333335 0.024006001500375095
1 0.6954166666666667 0.5142535633908477 0.03333333333333333 0.028507126781695424
0 0.32625 0.0918979744936234 0.03333333333333333 0.024006001500375095
0 0.97375 0.3690922730682671 0.03166666666666667 0.024756189047261814
0 0.6608333333333334 0.14966241560390098 0.035833333333333335 0.030007501875468866
0 0.42916666666666664 0.24756189047261815 0.024166666666666666 0.021005251312828207
0 0.18583333333333332 0.10952738184546136 0.03666666666666667 0.033008252063015754
0 0.5466666666666666 0.0086271567891973 0.051666666666666666 0.0172543135783946
0 0.48291666666666666 0.21605401350337583 0.025833333333333333 0.023255813953488372
0 0.6570833333333334 0.5990247561890473 0.03166666666666667 0.024006001500375095
0 0.22125 0.1110277569392348 0.03333333333333333 0.028507126781695424
0 0.42333333333333334 0.2663165791447862 0.024166666666666666 0.025506376594148537
0 0.4475 0.2678169542385596 0.035 0.03225806451612903
0 0.22 0.07651912978244561 0.023333333333333334 0.02250562640660165
0 0.5533333333333333 0.5262565641410353 0.024166666666666666 0.024756189047261814
0 0.6681083333333333 0.5503975993998499 0.037025 0.02741185296324081
