1 0.9641666666666666 0.7145536384096024 0.07166666666666667 0.072768192048012
1 0.9195833333333333 0.8454613653413353 0.07833333333333334 0.06976744186046512
1 0.9191666666666667 0.654913728432108 0.07333333333333333 0.04951237809452363
1 0.9629166666666666 0.7738184546136534 0.07166666666666667 0.0622655663915979
1 0.9104166666666667 0.7310577644411103 0.06416666666666666 0.06001500375093773
1 0.8404166666666667 0.6432858214553638 0.050833333333333335 0.047261815453863466
1 0.39125 0.5892723180795199 0.04666666666666667 0.03825956489122281
1 0.5516666666666666 0.2175543885971493 0.055 0.04576144036009002
1 0.955 0.8960990247561891 0.07583333333333334 0.058514628657164294
1 0.36583333333333334 0.017629407351837958 0.059166666666666666 0.035258814703675916
1 0.4041666666666667 0.08477119279819954 0.055 0.04801200300075019
1 0.15541666666666668 0.38972243060765194 0.035 0.03675918979744936
1 0.97 0.9369842460615154 0.059166666666666666 0.051762940735183796
1 0.4970833333333333 0.827456864216054 0.04666666666666667 0.04801200300075019
1 0.3645833333333333 0.10277569392348088 0.05333333333333334 0.046511627906976744
1 0.975 0.8567141785446362 0.05 0.0622655663915979
1 0.5658333333333333 0.32558139534883723 0.05333333333333334 0.046511627906976744
1 0.5683333333333334 0.8402100525131283 0.055 0.04576144036009002
1 0.32208333333333333 0.12228057014253563 0.043333333333333335 0.033008252063015754
1 0.3525 0.0641410352588147 0.051666666666666666 0.04051012753188297
1 0.56375 0.2846961740435109 0.04666666666666667 0.03975993998499625
1 0.1675 0.9302325581395349 0.03916666666666667 0.03600900225056264
1 0.25 0.8282070517629407 0.051666666666666666 0.0345086271567892
1 0.21166666666666667 0.28319579894973745 0.03666666666666667 0.035258814703675916
1 0.7516666666666667 0.6305326331582896 0.04416666666666667 0.037509377344336084
1 0.40166666666666667 0.3975993998499625 0.03666666666666667 0.03375843960990248
1 0.45 0.061140285071267814 0.03916666666666667 0.03825956489122281
0 0.9233333333333333 0.6852963240810203 0.04833333333333333 0.04351087771942986
0 0.5283333333333333 0.8537134283570893 0.0375 0.030007501875468866
0 0.5904166666666667 0.41072768192048015 0.03916666666666667 0.035258814703675916
1 0.50375 0.7899474868717179 0.045 0.035258814703675916
1 0.43291666666666667 0.38747186796699173 0.04083333333333333 0.03075768942235559
1 0.52625 0.8120780195048762 0.04 0.04576144036009002
1 0.3804166666666667 0.38484621155288823 0.030833333333333334 0.03375843960990248
0 0.6145833333333334 0.2981995498874719 0.03333333333333333 0.03150787696924231
1 0.8570833333333333 0.6781695423855963 0.04583333333333333 0.03075768942235559
0 0.47458333333333336 0.07051762940735183 0.030833333333333334 0.025506376594148537
1 0.5454166666666667 0.24681170292573143 0.04 0.03075768942235559
1 0.22125 0.3150787696924231 0.025 0.025506376594148537
1 0.17583333333333334 0.38747186796699173 0.025833333333333333 0.0345086271567892
0 0.5666666666666667 0.41147786946736686 0.0275 0.030007501875468866
1 0.18291666666666667 0.30045011252813203 0.021666666666666667 0.02250562640660165
0 0.6199583333333334 0.3974643660915229 0.035383333333333336 0.02576894223555889
0 0.6717166666666666 0.48010502625656415 0.030591666666666666 0.03459114778694674
1 0.9691666666666666 0.5622955738934733 0.03608333333333333 0.042505626406601646
0 0.9869 0.5393923480870217 0.0262 0.03752438109527382
0 0.8540666666666668 0.6155738934733683 0.04265 0.026624156039009753
