1 0.2463436928702011 0.18708881578947367 0.03930530164533821 0.03700657894736842
1 0.018281535648994516 0.45476973684210525 0.031078610603290677 0.027138157894736843
1 0.2340036563071298 0.2216282894736842 0.048446069469835464 0.03536184210526316
1 0.22257769652650822 0.01274671052631579 0.03473491773308958 0.02549342105263158
1 0.13482632541133455 0.018092105263157895 0.025594149908592323 0.02549342105263158
1 0.1613345521023766 0.016036184210526317 0.031078610603290677 0.02549342105263158
1 0.5740402193784278 0.7717927631578947 0.04113345521023766 0.03618421052631579
1 0.19241316270566727 0.21011513157894737 0.038391224862888484 0.03125
1 0.5489031078610603 0.7923519736842105 0.05393053016453382 0.04029605263157895
1 0.008683729433272395 0.49588815789473684 0.01736745886654479 0.027960526315789474
1 0.029250457038391225 0.47944078947368424 0.029250457038391225 0.02631578947368421
1 0.5872943327239488 0.7360197368421053 0.05301645338208409 0.046052631578947366
0 0.008683729433272395 0.47368421052631576 0.01736745886654479 0.02055921052631579
1 0.5548446069469836 0.7393092105263158 0.0283363802559415 0.027960526315789474
0 0.18327239488117003 0.05345394736842105 0.02010968921389397 0.018914473684210526
0 0.1453382084095064 0.04851973684210526 0.025594149908592323 0.019736842105263157
1 0.3537477148080439 0.027960526315789474 0.026508226691042046 0.02138157894736842
1 0.0283363802559415 0.5020559210526315 0.025594149908592323 0.023026315789473683
0 0.16590493601462522 0.05633223684210526 0.019195612431444242 0.01644736842105263
1 0.44744058500914075 0.027549342105263157 0.0356489945155393 0.028782894736842105
0 0.011425959780621572 0.3725328947368421 0.022851919561243144 0.02631578947368421
0 0.3190127970749543 0.012335526315789474 0.02102376599634369 0.018914473684210526
0 0.35054844606946983 0.011513157894736841 0.022851919561243144 0.017269736842105265
