1 0.20155393053016454 0.8018092105263158 0.03930530164533821 0.03700657894736842
1 0.846892138939671 0.3745888157894737 0.029250457038391225 0.024671052631578948
1 0.5525594149908593 0.6451480263157895 0.03473491773308958 0.029605263157894735
1 0.8578610603290676 0.3560855263157895 0.026508226691042046 0.02055921052631579
1 0.2906764168190128 0.8104440789473685 0.03473491773308958 0.032072368421052634
1 0.7746800731261426 0.8861019736842105 0.04021937842778794 0.032072368421052634
1 0.6156307129798904 0.5810032894736842 0.03290676416819013 0.027138157894736843
1 0.7225776965265083 0.8782894736842105 0.03016453382084095 0.03125
1 0.8441499085923218 0.8523848684210527 0.03473491773308958 0.03125
1 0.3130712979890311 0.8273026315789473 0.031992687385740404 0.03125
1 0.7984460694698354 0.8610197368421053 0.029250457038391225 0.02631578947368421
1 0.7582266910420475 0.9054276315789473 0.043875685557586835 0.03289473684210526
1 0.8724862888482633 0.3873355263157895 0.03016453382084095 0.024671052631578948
1 0.8537477148080439 0.40008223684210525 0.021937842778793418 0.02055921052631579
1 0.8016453382084096 0.8832236842105263 0.027422303473491772 0.027960526315789474
1 0.2829067641681901 0.8338815789473685 0.03473491773308958 0.02631578947368421
1 0.8153564899451554 0.850328947368421 0.031078610603290677 0.027138157894736843
1 0.30895795246800734 0.7923519736842105 0.037477148080438755 0.032072368421052634
1 0.26828153564899454 0.8075657894736842 0.02376599634369287 0.027960526315789474
1 0.2870201096892139 0.7709703947368421 0.031078610603290677 0.02549342105263158
1 0.23811700182815357 0.7931743421052632 0.033820840950639856 0.029605263157894735
1 0.3249542961608775 0.8075657894736842 0.022851919561243144 0.024671052631578948
1 0.7737659963436929 0.8585526315789473 0.02376599634369287 0.02138157894736842
1 0.7751371115173674 0.844983552631579 0.02376599634369287 0.01644736842105263
