1 0.9122486288848263 0.8601973684210527 0.033820840950639856 0.027138157894736843
1 0.7088665447897623 0.5620888157894737 0.038391224862888484 0.03289473684210526
1 0.6302559414990859 0.6229440789473685 0.04936014625228519 0.04194078947368421
1 0.8098720292504571 0.8959703947368421 0.0283363802559415 0.02549342105263158
1 0.6375685557586838 0.548108552631579 0.04570383912248629 0.033717105263157895
1 0.943327239488117 0.5513980263157895 0.029250457038391225 0.023848684210526317
1 0.7856489945155393 0.890625 0.031992687385740404 0.027960526315789474
1 0.9588665447897623 0.5731907894736842 0.03656307129798903 0.03042763157894737
1 0.45521023765996343 0.18379934210526316 0.04570383912248629 0.03782894736842105
1 0.6997257769652651 0.6361019736842105 0.029250457038391225 0.029605263157894735
1 0.6759597806215722 0.6225328947368421 0.04113345521023766 0.03700657894736842
1 0.4053930530164534 0.17064144736842105 0.04021937842778794 0.028782894736842105
1 0.47851919561243145 0.4428453947368421 0.029250457038391225 0.027138157894736843
1 0.8980804387568556 0.9782072368421053 0.029250457038391225 0.02549342105263158
1 0.6846435100548446 0.673108552631579 0.04296160877513711 0.03125
1 0.18692870201096892 0.7615131578947368 0.033820840950639856 0.028782894736842105
1 0.6946983546617916 0.609375 0.038391224862888484 0.02631578947368421
1 0.21160877513711152 0.015625 0.05850091407678245 0.03125
1 0.876599634369287 0.975328947368421 0.021937842778793418 0.018914473684210526
1 0.7458866544789763 0.959703947368421 0.026508226691042046 0.023026315789473683
1 0.6480804387568556 0.5707236842105263 0.044789762340036565 0.03125
1 0.7911334552102377 0.8314144736842105 0.029250457038391225 0.01644736842105263
1 0.15310786106032906 0.016858552631578948 0.04661791590493602 0.033717105263157895
1 0.8875685557586838 0.8359375 0.027422303473491772 0.02138157894736842
1 0.7116087751371115 0.6558388157894737 0.025594149908592323 0.032072368421052634
1 0.6398537477148081 0.6657072368421053 0.04570383912248629 0.03289473684210526
1 0.9840036563071298 0.5608552631578947 0.024680073126142597 0.022203947368421052
1 0.46846435100548445 0.46504934210526316 0.031992687385740404 0.027138157894736843
0 0.7308043875685558 0.9420230263157895 0.02376599634369287 0.018914473684210526
0 0.1983546617915905 0.8116776315789473 0.0283363802559415 0.02055921052631579
1 0.1983546617915905 0.8301809210526315 0.031992687385740404 0.024671052631578948
1 0.4227605118829982 0.4465460526315789 0.024680073126142597 0.022203947368421052
