1 0.4325 0.1312828207051763 0.04583333333333333 0.04426106526631658
1 0.68375 0.436609152288072 0.04083333333333333 0.03675918979744936
1 0.20833333333333334 0.8657164291072769 0.0425 0.037509377344336084
1 0.3858333333333333 0.1350337584396099 0.050833333333333335 0.05476369092273068
1 0.16625 0.40247561890472616 0.058333333333333334 0.04126031507876969
0 0.5295833333333333 0.26969242310577646 0.03833333333333333 0.03150787696924231
1 0.54 0.33158289572393096 0.041666666666666664 0.03075768942235559
0 0.5779166666666666 0.24681170292573143 0.03666666666666667 0.033008252063015754
1 0.06041666666666667 0.08102025506376594 0.04083333333333333 0.037509377344336084
1 0.10166666666666667 0.3953488372093023 0.056666666666666664 0.05476369092273068
1 0.51375 0.20555138784696175 0.056666666666666664 0.04276069017254314
0 0.5404166666666667 0.30120030007501875 0.03916666666666667 0.0345086271567892
0 0.5133333333333333 0.3057014253563391 0.0275 0.02700675168792198
1 0.8408333333333333 0.21680420105026257 0.035833333333333335 0.03075768942235559
1 0.35541666666666666 0.26294073518379596 0.04833333333333333 0.04051012753188297
1 0.5616666666666666 0.2895723930982746 0.03833333333333333 0.03825956489122281
0 0.4679916666666667 0.1989497374343586 0.03775 0.030825206301575397
1 0.46416666666666667 0.1774193548387097 0.0375 0.042010502625656414
1 0.14958333333333335 0.019129782445611403 0.051666666666666666 0.03600900225056264
1 0.8991666666666667 0.1245311327831958 0.035 0.030007501875468866
1 0.355 0.1380345086271568 0.035 0.04276069017254314
0 0.5133333333333333 0.17104276069017255 0.025 0.025506376594148537
0 0.8491666666666666 0.4778694673668417 0.034166666666666665 0.03150787696924231
0 0.49083333333333334 0.15453863465866466 0.034166666666666665 0.024756189047261814
0 0.46041666666666664 0.1369092273068267 0.023333333333333334 0.02700675168792198
1 0.42875 0.1714178544636159 0.049166666666666664 0.042010502625656414
1 0.38416666666666666 0.8049512378094523 0.030833333333333334 0.0277569392348087
1 0.39458333333333334 0.18604651162790697 0.043333333333333335 0.04351087771942986
0 0.5125 0.24268567141785446 0.035833333333333335 0.033008252063015754
0 0.5420833333333334 0.22580645161290322 0.03833333333333333 0.03225806451612903
1 0.14 0.006376594148537134 0.043333333333333335 0.012753188297074268
0 0.24325833333333335 0.029422355588897223 0.039716666666666664 0.027869467366841708
0 0.23958333333333334 0.008252063015753939 0.04083333333333333 0.016504126031507877
0 0.44208333333333333 0.5168792198049512 0.03 0.02700675168792198
0 0.20791666666666667 0.015378844711177795 0.04083333333333333 0.03075768942235559
1 0.197075 0.7690472618154539 0.04374166666666667 0.04081020255063766
1 0.21 0.741185296324081 0.018333333333333333 0.019504876219054765
1 0.3475 0.8360840210052514 0.03333333333333333 0.03150787696924231
1 0.7845833333333333 0.009377344336084021 0.0325 0.018754688672168042
0 0.495 0.17704426106526633 0.03166666666666667 0.029257314328582147
1 0.18583333333333332 0.5240060015003751 0.03333333333333333 0.03150787696924231
1 0.75 0.16279069767441862 0.034166666666666665 0.03075768942235559
1 0.7691666666666667 0.39309827456864216 0.03833333333333333 0.035258814703675916
0 0.4504166666666667 0.8285821455363841 0.029166666666666667 0.024756189047261814
1 0.029900000000000003 0.054088522130532626 0.05026666666666667 0.0377344336084021
1 0.50125 0.2685671417854464 0.025833333333333333 0.03375843960990248
1 0.5991666666666666 0.3090772693173293 0.028333333333333332 0.02700675168792198
1 0.030416666666666668 0.09039759939984997 0.028333333333333332 0.028507126781695424
1 0.02 0.7160540135033758 0.0325 0.0345086271567892
1 0.76375 0.006001500375093774 0.03666666666666667 0.012003000750187547
0 0.7941666666666667 0.8267066766691673 0.03833333333333333 0.04126031507876969
0 0.5366666666666666 0.18942235558889722 0.03166666666666667 0.03075768942235559
1 0.08166666666666667 0.32895723930982745 0.04666666666666667 0.0345086271567892
0 0.8831749999999999 0.5639759939984996 0.022600000000000002 0.030472618154538632
0 0.9042833333333334 0.5523930982745686 0.028208333333333335 0.028169542385596397
0 0.9415499999999999 0.7105851462865717 0.030758333333333332 0.02714178544636159
0 0.76545 0.8368567141785446 0.038475 0.027051762940735184
1 0.43572500000000003 0.4973593398349588 0.037875 0.027944486121530384
1 0.40552499999999997 0.4920855213803451 0.034833333333333334 0.030577644411102774
1 0.5730333333333333 0.3332708177044261 0.04529166666666667 0.054531132783195796
0 0.4475583333333334 0.22294073518379595 0.049341666666666666 0.04257314328582146
0 0.4812916666666666 0.2296399099774944 0.032625 0.02741185296324081
0 0.7 0.37869467366841714 0.03569166666666666 0.031147786946736686
0 0.46219166666666667 0.8154388597149288 0.023716666666666667 0.020472618154538633
0 0.20710833333333334 0.4030382595648912 0.03545 0.032378094523630906
0 0.22810000000000002 0.4604651162790697 0.024825 0.027441860465116277
0 0.26837500000000003 0.38748687171792945 0.02595 0.022633158289572394
0 0.27668333333333334 0.37021755438859716 0.025025000000000002 0.017809452363090773
