1 0.1846435100548446 0.3355263157894737 0.03473491773308958 0.033717105263157895
1 0.666819012797075 0.41241776315789475 0.03930530164533821 0.032072368421052634
1 0.623400365630713 0.4017269736842105 0.031078610603290677 0.02549342105263158
1 0.5553016453382084 0.1768092105263158 0.027422303473491772 0.023026315789473683
1 0.823583180987203 0.1040296052631579 0.04021937842778794 0.03125
1 0.8770566727605119 0.07319078947368421 0.043875685557586835 0.03618421052631579
1 0.8386654478976234 0.07195723684210527 0.04113345521023766 0.039473684210526314
1 0.4515539305301645 0.4272203947368421 0.04113345521023766 0.033717105263157895
1 0.6384826325411335 0.5727796052631579 0.0356489945155393 0.029605263157894735
1 0.946526508226691 0.38199013157894735 0.031078610603290677 0.02631578947368421
1 0.7481718464351006 0.39226973684210525 0.0283363802559415 0.02549342105263158
1 0.20795246800731262 0.32524671052631576 0.038391224862888484 0.038651315789473686
1 0.6124314442413162 0.07853618421052631 0.031992687385740404 0.02631578947368421
1 0.879798903107861 0.046052631578947366 0.03930530164533821 0.028782894736842105
1 0.7477148080438757 0.5719572368421053 0.048446069469835464 0.04523026315789474
1 0.6371115173674589 0.2787828947368421 0.03656307129798903 0.03289473684210526
1 0.9680073126142597 0.18914473684210525 0.031078610603290677 0.02549342105263158
1 0.7609689213893968 0.007401315789473684 0.03290676416819013 0.014802631578947368
1 0.8117001828153565 0.31661184210526316 0.03473491773308958 0.03042763157894737
1 0.2810786106032907 0.2935855263157895 0.03930530164533821 0.028782894736842105
1 0.6037477148080439 0.28824013157894735 0.03656307129798903 0.03125
1 0.3203839122486289 0.2890625 0.031078610603290677 0.027960526315789474
1 0.6540219378427788 0.5460526315789473 0.037477148080438755 0.03536184210526316
1 0.9689213893967094 0.4009046052631579 0.03016453382084095 0.029605263157894735
1 0.7413162705667276 0.02631578947368421 0.04113345521023766 0.027138157894736843
1 0.6508226691042047 0.5958059210526315 0.03930530164533821 0.03536184210526316
0 0.75 0.19942434210526316 0.033820840950639856 0.028782894736842105
1 0.7422303473491774 0.6077302631578947 0.044789762340036565 0.033717105263157895
1 0.42413162705667273 0.40542763157894735 0.03656307129798903 0.039473684210526314
1 0.3523765996343693 0.3092105263157895 0.03656307129798903 0.03042763157894737
1 0.1403107861060329 0.10361842105263158 0.027422303473491772 0.02549342105263158
1 0.8948811700182815 0.39473684210526316 0.03930530164533821 0.03536184210526316
1 0.8071297989031079 0.5884046052631579 0.03473491773308958 0.03700657894736842
0 0.7088665447897623 0.16077302631578946 0.031992687385740404 0.027960526315789474
0 0.1846435100548446 0.18626644736842105 0.031078610603290677 0.023848684210526317
1 0.7545703839122486 0.5341282894736842 0.043875685557586835 0.032072368421052634
1 0.7490859232175503 0.046463815789473686 0.038391224862888484 0.02631578947368421
1 0.3555758683729433 0.27508223684210525 0.037477148080438755 0.027138157894736843
0 0.7193784277879341 0.1846217105263158 0.029250457038391225 0.024671052631578948
1 0.47486288848263253 0.40707236842105265 0.033820840950639856 0.027138157894736843
1 0.6617915904936015 0.6287006578947368 0.04021937842778794 0.03618421052631579
1 0.8007312614259597 0.5497532894736842 0.04296160877513711 0.03782894736842105
0 0.7367458866544789 0.16570723684210525 0.027422303473491772 0.023848684210526317
1 0.41316270566727603 0.008223684210526315 0.031992687385740404 0.01644736842105263
1 0.703382084095064 0.5579769736842105 0.04113345521023766 0.03700657894736842
0 0.6631627056672761 0.15666118421052633 0.029250457038391225 0.027960526315789474
0 0.2851919561243144 0.3182565789473684 0.031992687385740404 0.027138157894736843
1 0.3249542961608775 0.33511513157894735 0.029250457038391225 0.027960526315789474
1 0.6988117001828154 0.6328125 0.03656307129798903 0.032072368421052634
1 0.783363802559415 0.3314144736842105 0.027422303473491772 0.018914473684210526
1 0.7824497257769653 0.5707236842105263 0.038391224862888484 0.04358552631578947
1 0.5246800731261426 0.078125 0.04021937842778794 0.03125
0 0.10786106032906764 0.08470394736842106 0.031078610603290677 0.023026315789473683
0 0.6361974405850092 0.41817434210526316 0.02376599634369287 0.023848684210526317
1 0.9401279707495429 0.4161184210526316 0.031078610603290677 0.027138157894736843
0 0.11471663619744059 0.10814144736842106 0.02010968921389397 0.017269736842105265
1 0.6901279707495429 0.5986842105263158 0.038391224862888484 0.03618421052631579
1 0.9154478976234004 0.4095394736842105 0.02376599634369287 0.024671052631578948
1 0.4337294332723949 0.35855263157894735 0.03930530164533821 0.03618421052631579
0 0.7559414990859232 0.36307565789473684 0.022851919561243144 0.018914473684210526
0 0.1526508226691042 0.20189144736842105 0.033820840950639856 0.02549342105263158
1 0.6352833638025595 0.6233552631578947 0.025594149908592323 0.03289473684210526
0 0.27925045703839124 0.35526315789473684 0.025594149908592323 0.02631578947368421
0 0.6855575868372943 0.1455592105263158 0.0283363802559415 0.023026315789473683
0 0.703382084095064 0.21916118421052633 0.03473491773308958 0.027960526315789474
1 0.47074954296160876 0.3569078947368421 0.027422303473491772 0.02549342105263158
0 0.6946983546617916 0.19407894736842105 0.029250457038391225 0.027138157894736843
0 0.29250457038391225 0.34210526315789475 0.02376599634369287 0.019736842105263157
1 0.48857404021937845 0.05016447368421053 0.02102376599634369 0.019736842105263157
1 0.16316270566727606 0.3404605263157895 0.025594149908592323 0.028782894736842105
0 0.7673674588665448 0.38651315789473684 0.018281535648994516 0.018914473684210526
0 0.1526508226691042 0.16570723684210525 0.022851919561243144 0.02138157894736842
0 0.7559414990859232 0.17310855263157895 0.024680073126142597 0.02549342105263158
0 0.16087751371115175 0.31661184210526316 0.025594149908592323 0.022203947368421052
0 0.30027422303473494 0.36101973684210525 0.02102376599634369 0.02055921052631579
0 0.17824497257769653 0.16488486842105263 0.031078610603290677 0.023026315789473683
1 0.6535648994515539 0.43462171052631576 0.0283363802559415 0.02138157894736842
1 0.15585009140767825 0.10814144736842106 0.019195612431444242 0.024671052631578948
1 0.7248628884826326 0.37911184210526316 0.025594149908592323 0.02549342105263158
1 0.7737659963436929 0.6040296052631579 0.027422303473491772 0.027138157894736843
0 0.7129798903107861 0.5805921052631579 0.026508226691042046 0.024671052631578948
0 0.6320840950639853 0.11225328947368421 0.031078610603290677 0.024671052631578948
1 0.3126142595978062 0.31332236842105265 0.025594149908592323 0.02138157894736842
1 0.26142595978062155 0.36554276315789475 0.019195612431444242 0.01644736842105263
1 0.6170018281535649 0.5600328947368421 0.03016453382084095 0.022203947368421052
0 0.7440585009140768 0.37129934210526316 0.02102376599634369 0.018092105263157895
1 0.8327239488117002 0.3268914473684211 0.02102376599634369 0.017269736842105265
1 0.489945155393053 0.03536184210526316 0.02010968921389397 0.017269736842105265
1 0.4337294332723949 0.055509868421052634 0.024680073126142597 0.02631578947368421
1 0.31855575868372943 0.3614309210526316 0.01736745886654479 0.018092105263157895
