1 0.9395833333333333 0.900225056264066 0.06916666666666667 0.06526631657914479
1 0.9558333333333333 0.9456114028507127 0.0725 0.056264066016504126
1 0.8791666666666667 0.9126031507876969 0.0675 0.0690172543135784
1 0.97 0.8012003000750187 0.05583333333333333 0.05026256564141035
1 0.9166666666666666 0.8124531132783196 0.05583333333333333 0.04276069017254314
1 0.9429166666666666 0.8443360840210052 0.06583333333333333 0.05476369092273068
1 0.8941666666666667 0.8612153038259565 0.055 0.046511627906976744
0 0.9204166666666667 0.7730682670667667 0.05 0.04426106526631658
0 0.9645833333333333 0.7627831957989497 0.04583333333333333 0.041575393848462115
1 0.9854166666666667 0.8983495873968492 0.0275 0.056264066016504126
1 0.8925 0.9497374343585896 0.065 0.047261815453863466
