1 0.5725 0.95423855963991 0.0525 0.06151537884471118
1 0.77125 0.7809452363090773 0.05333333333333334 0.04126031507876969
1 0.92875 0.3334583645911478 0.05583333333333333 0.04351087771942986
1 0.5920833333333333 0.4069767441860465 0.041666666666666664 0.03225806451612903
1 0.25 0.1579144786196549 0.051666666666666666 0.0450112528132033
1 0.8204166666666667 0.5446361590397599 0.050833333333333335 0.04876219054763691
1 0.0675 0.8375843960990248 0.04833333333333333 0.04126031507876969
1 0.495 0.4088522130532633 0.043333333333333335 0.04126031507876969
1 0.5308333333333334 0.4028507126781695 0.03916666666666667 0.033008252063015754
1 0.48125 0.9144786196549137 0.0625 0.05401350337584396
1 0.7008333333333333 0.4351087771942986 0.041666666666666664 0.03825956489122281
1 0.9841666666666666 0.2843210802700675 0.03166666666666667 0.047261815453863466
1 0.6716666666666666 0.4332333083270818 0.0375 0.03825956489122281
1 0.9625 0.5652663165791448 0.05 0.042010502625656414
1 0.58875 0.056264066016504126 0.049166666666666664 0.04126031507876969
1 0.5858333333333333 0.019129782445611403 0.0375 0.03600900225056264
1 0.37 0.905476369092273 0.049166666666666664 0.0450112528132033
1 0.9629166666666666 0.2700675168792198 0.029166666666666667 0.025506376594148537
1 0.34833333333333333 0.9471117779444861 0.04833333333333333 0.051762940735183796
1 0.945 0.37134283570892723 0.050833333333333335 0.047261815453863466
0 0.34875 0.0918979744936234 0.04833333333333333 0.037509377344336084
1 0.8579166666666667 0.5446361590397599 0.04 0.04276069017254314
1 0.5033333333333333 0.9519879969992499 0.05 0.04351087771942986
1 0.5366666666666666 0.9369842460615154 0.05416666666666667 0.05401350337584396
1 0.7895833333333333 0.47186796699174793 0.04083333333333333 0.03375843960990248
1 0.8141666666666667 0.6350337584396099 0.03916666666666667 0.035258814703675916
1 0.9829166666666667 0.18979744936234058 0.034166666666666665 0.047261815453863466
1 0.45208333333333334 0.9504876219054764 0.05583333333333333 0.046511627906976744
1 0.9520833333333333 0.29669917479369845 0.03916666666666667 0.037509377344336084
1 0.72125 0.5367591897974494 0.05333333333333334 0.04351087771942986
0 0.29083333333333333 0.1579144786196549 0.0375 0.03900975243810953
1 0.6420833333333333 0.386721680420105 0.0325 0.03975993998499625
1 0.59 0.4351087771942986 0.04833333333333333 0.03600900225056264
1 0.0125 0.12978244561140284 0.025 0.04576144036009002
1 0.012083333333333333 0.04388597149287322 0.024166666666666666 0.051762940735183796
1 0.8966666666666666 0.3574643660915229 0.0375 0.04351087771942986
0 0.93875 0.5427606901725431 0.03166666666666667 0.028507126781695424
0 0.3229166666666667 0.08289572393098274 0.0375 0.04426106526631658
1 0.9870833333333333 0.22993248312078018 0.025833333333333333 0.04576144036009002
1 0.4245833333333333 0.02250562640660165 0.04666666666666667 0.042010502625656414
1 0.5508333333333333 0.043135783945986494 0.043333333333333335 0.0345086271567892
1 0.6945833333333333 0.6384096024006002 0.050833333333333335 0.042010502625656414
1 0.9920833333333333 0.5566391597899475 0.014166666666666666 0.03600900225056264
1 0.5454166666666667 0.015003750937734433 0.05416666666666667 0.030007501875468866
1 0.37125 0.06301575393848462 0.06 0.03825956489122281
1 0.3825 0.9711177794448612 0.04 0.02625656414103526
1 0.12125 0.2569392348087022 0.049166666666666664 0.04276069017254314
1 0.665 0.6196549137284321 0.0425 0.04051012753188297
1 0.10166666666666667 0.2996999249812453 0.035833333333333335 0.04426106526631658
1 0.5645833333333333 0.505251312828207 0.023333333333333334 0.024006001500375095
1 0.9741666666666666 0.31807951987997 0.034166666666666665 0.03150787696924231
1 0.9933333333333333 0.8589647411852963 0.0125 0.030007501875468866
1 0.9866666666666667 0.5123780945236309 0.024166666666666666 0.04426106526631658
1 0.007916666666666667 0.0918979744936234 0.013333333333333334 0.037509377344336084
0 0.6616666666666666 0.40247561890472616 0.030833333333333334 0.02700675168792198
1 0.9791666666666666 0.03188297074268567 0.030833333333333334 0.029257314328582147
1 0.1925 0.22018004501125282 0.043333333333333335 0.035258814703675916
0 0.5479166666666667 0.532258064516129 0.0275 0.021005251312828207
0 0.5325 0.981245311327832 0.03666666666666667 0.035258814703675916
1 0.47041666666666665 0.9062265566391597 0.04 0.03675918979744936
0 0.1325 0.3522130532633158 0.028333333333333332 0.03075768942235559
1 0.3279166666666667 0.050637659414853715 0.035833333333333335 0.03075768942235559
1 0.5758333333333333 0.5090022505626407 0.0225 0.024756189047261814
0 0.8358083333333334 0.6059414853713428 0.02751666666666667 0.02204801200300075
0 0.038516666666666664 0.8180495123780945 0.027008333333333332 0.03816204051012753
0 0.2776416666666667 0.5569842460615154 0.04525 0.02406601650412603
0 0.3759083333333333 0.0996099024756189 0.03194166666666667 0.039984996249062266
0 0.9601583333333333 0.05760690172543136 0.029091666666666665 0.03175543885971493
0 0.9522166666666667 0.03765191297824456 0.025058333333333335 0.023863465866466614
