1 0.39458333333333334 0.626781695423856 0.0175 0.015003750937734433
1 0.13708333333333333 0.40960240060015 0.0175 0.015753938484621154
1 0.26458333333333334 0.4643660915228807 0.018333333333333333 0.015003750937734433
1 0.24291666666666667 0.47336834208552137 0.02 0.021005251312828207
1 0.7270833333333333 0.5075018754688673 0.019166666666666665 0.015753938484621154
1 0.35375 0.2059264816204051 0.02666666666666667 0.019504876219054765
1 0.18208333333333335 0.37471867966991745 0.02 0.01800450112528132
1 0.28041666666666665 0.31545386346586646 0.016666666666666666 0.014253563390847712
1 0.5554166666666667 0.6534133533383346 0.020833333333333332 0.018754688672168042
1 0.6170833333333333 0.4673668417104276 0.019166666666666665 0.015753938484621154
1 0.2625 0.31282820705176295 0.020833333333333332 0.016504126031507877
1 0.7933333333333333 0.5360090022505627 0.018333333333333333 0.014253563390847712
1 0.32875 0.2636909227306827 0.016666666666666666 0.015003750937734433
1 0.585 0.6830457614403601 0.018333333333333333 0.015003750937734433
1 0.26166666666666666 0.4782445611402851 0.019166666666666665 0.015753938484621154
1 0.9379166666666666 0.377344336084021 0.020833333333333332 0.01800450112528132
1 0.58125 0.4474868717179295 0.018333333333333333 0.015003750937734433
1 0.6266666666666667 0.5315078769692423 0.0175 0.014253563390847712
1 0.19958333333333333 0.3717179294823706 0.019166666666666665 0.016504126031507877
1 0.46708333333333335 0.6256564141035259 0.0225 0.0172543135783946
1 0.38166666666666665 0.6372843210802701 0.016666666666666666 0.014253563390847712
1 0.3925 0.5480120030007501 0.016666666666666666 0.014253563390847712
1 0.5441666666666667 0.5161290322580645 0.015833333333333335 0.015753938484621154
1 0.34291666666666665 0.2535633908477119 0.018333333333333333 0.015753938484621154
1 0.6291666666666667 0.4576144036009002 0.018333333333333333 0.014253563390847712
1 0.7175 0.5213803450862715 0.02 0.0172543135783946
1 0.6495833333333333 0.31470367591897974 0.0225 0.021005251312828207
1 0.4270833333333333 0.43698424606151537 0.0175 0.016504126031507877
1 0.6916666666666667 0.4981245311327832 0.019166666666666665 0.015753938484621154
1 0.12208333333333334 0.40660165041260315 0.016666666666666666 0.015003750937734433
1 0.39875 0.6410352588147037 0.019166666666666665 0.014253563390847712
1 0.5695833333333333 0.6837959489872468 0.0175 0.016504126031507877
1 0.7816666666666666 0.527006751687922 0.016666666666666666 0.014253563390847712
1 0.9895833333333334 0.45386346586646664 0.019166666666666665 0.02175543885971493
1 0.73 0.6447861965491373 0.018333333333333333 0.015003750937734433
1 0.65375 0.2959489872468117 0.019166666666666665 0.016504126031507877
1 0.7804166666666666 0.3630907726931733 0.025 0.018754688672168042
1 0.09791666666666667 0.3244561140285071 0.020833333333333332 0.0172543135783946
1 0.6183333333333333 0.8747186796699175 0.020833333333333332 0.015753938484621154
1 0.14083333333333334 0.42685671417854465 0.015833333333333335 0.016504126031507877
1 0.6008333333333333 0.4579894973743436 0.0175 0.016504126031507877
1 0.4920833333333333 0.47936984246061515 0.0175 0.014253563390847712
1 0.7095833333333333 0.5075018754688673 0.016666666666666666 0.015003750937734433
1 0.19375 0.386721680420105 0.019166666666666665 0.016504126031507877
1 0.27125 0.32633158289572395 0.018333333333333333 0.015003750937734433
1 0.6845833333333333 0.4876219054763691 0.019166666666666665 0.014253563390847712
1 0.6095833333333334 0.436609152288072 0.0175 0.015003750937734433
1 0.95375 0.38559639909977494 0.0175 0.0172543135783946
1 0.46625 0.7659414853713429 0.0225 0.015003750937734433
1 0.3591666666666667 0.1916729182295574 0.021666666666666667 0.016504126031507877
1 0.6595833333333333 0.3072018004501125 0.018333333333333333 0.016504126031507877
1 0.87125 0.5630157539384846 0.018333333333333333 0.016504126031507877
1 0.10958333333333334 0.33570892723180795 0.02 0.015753938484621154
1 0.7179166666666666 0.48349587396849214 0.0175 0.014253563390847712
1 0.7904166666666667 0.4684921230307577 0.0175 0.0172543135783946
1 0.48333333333333334 0.6916729182295573 0.020833333333333332 0.016504126031507877
1 0.5733333333333334 0.6504126031507877 0.018333333333333333 0.015003750937734433
1 0.6708333333333333 0.41410352588147037 0.018333333333333333 0.015753938484621154
1 0.9295833333333333 0.390847711927982 0.019166666666666665 0.0172543135783946
1 0.2025 0.7351837959489872 0.0175 0.015003750937734433
1 0.5954166666666667 0.43810952738184544 0.016666666666666666 0.01350337584396099
1 0.3283333333333333 0.25056264066016504 0.016666666666666666 0.015003750937734433
1 0.7783333333333333 0.5937734433608403 0.021666666666666667 0.018754688672168042
1 0.7316666666666667 0.45723930982745686 0.015833333333333335 0.01350337584396099
1 0.3441666666666667 0.867966991747937 0.0225 0.01800450112528132
1 0.53 0.5172543135783946 0.015 0.012753188297074268
1 0.275 0.4748687171792948 0.014166666666666666 0.01350337584396099
1 0.6854166666666667 0.4759939984996249 0.016666666666666666 0.012753188297074268
1 0.7820833333333334 0.5146286571642911 0.016666666666666666 0.011252813203300824
1 0.72375 0.6579144786196549 0.015833333333333335 0.014253563390847712
1 0.5566666666666666 0.5120030007501876 0.015 0.01350337584396099
1 0.38208333333333333 0.5633908477119279 0.0175 0.01350337584396099
1 0.36625 0.6459114778694673 0.015833333333333335 0.01350337584396099
1 0.6354166666666666 0.3057014253563391 0.0225 0.01800450112528132
1 0.22708333333333333 0.7299324831207802 0.015833333333333335 0.01350337584396099
1 0.69375 0.4759939984996249 0.015833333333333335 0.014253563390847712
1 0.9675 0.3758439609902476 0.023333333333333334 0.018754688672168042
1 0.38458333333333333 0.41597899474868716 0.018333333333333333 0.015003750937734433
1 0.5333333333333333 0.5285071267816954 0.0175 0.016504126031507877
1 0.3433333333333333 0.2693173293323331 0.0175 0.015753938484621154
1 0.985 0.4324831207801951 0.016666666666666666 0.015003750937734433
1 0.6866666666666666 0.4099774943735934 0.0175 0.015003750937734433
1 0.6845833333333333 0.4512378094523631 0.0175 0.014253563390847712
1 0.59125 0.6702925731432858 0.016666666666666666 0.014253563390847712
1 0.5975 0.4684921230307577 0.02 0.015753938484621154
1 0.22833333333333333 0.46661665416354087 0.018333333333333333 0.015003750937734433
1 0.3854166666666667 0.626781695423856 0.015 0.014253563390847712
1 0.6345833333333334 0.47074268567141786 0.015833333333333335 0.014253563390847712
1 0.5479166666666667 0.5558889722430608 0.0175 0.01350337584396099
1 0.37 0.2636909227306827 0.018333333333333333 0.016504126031507877
1 0.22708333333333333 0.47336834208552137 0.018333333333333333 0.020255063765941484
1 0.6145833333333334 0.8927231807951987 0.0175 0.015753938484621154
1 0.7075 0.47674418604651164 0.015 0.014253563390847712
1 0.2866666666666667 0.32820705176294074 0.016666666666666666 0.015753938484621154
1 0.6829166666666666 0.4647411852963241 0.016666666666666666 0.011252813203300824
1 0.6625 0.40397599399849965 0.015833333333333335 0.01350337584396099
1 0.36 0.6357839459864967 0.016666666666666666 0.012753188297074268
1 0.9920833333333333 0.4763690922730683 0.014166666666666666 0.02700675168792198
1 0.67375 0.5326331582895724 0.020833333333333332 0.019504876219054765
0 0.5745833333333333 0.6665416354088523 0.018333333333333333 0.015003750937734433
1 0.9791666666666666 0.3664666166541635 0.020833333333333332 0.01800450112528132
1 0.7333333333333333 0.5210052513128282 0.015 0.012753188297074268
1 0.5125 0.4474868717179295 0.015 0.01350337584396099
1 0.5016666666666667 0.6999249812453113 0.016666666666666666 0.014253563390847712
1 0.9295833333333333 0.3649662415603901 0.016666666666666666 0.01350337584396099
1 0.24208333333333334 0.45573893473368343 0.0175 0.014253563390847712
1 0.74 0.707801950487622 0.02 0.0172543135783946
1 0.6975 0.6961740435108777 0.016666666666666666 0.014253563390847712
1 0.6816666666666666 0.6894223555888972 0.0175 0.01350337584396099
1 0.12458333333333334 0.4174793698424606 0.016666666666666666 0.01350337584396099
1 0.72875 0.5412603150787697 0.015833333333333335 0.015003750937734433
1 0.6512666666666667 0.884808702175544 0.013216666666666666 0.011020255063765942
1 0.6660666666666667 0.8896324081020256 0.018000000000000002 0.012183045761440359
0 0.6545 0.8973368342085523 0.014208333333333333 0.012033008252063016
0 0.62975 0.883675918979745 0.014899999999999998 0.010015003750937734
0 0.6332916666666667 0.8961740435108777 0.013958333333333333 0.011425356339084772
