0 0.3053016453382084 0.6957236842105263 0.02102376599634369 0.018092105263157895
0 0.8455210237659964 0.907483552631579 0.021937842778793418 0.018914473684210526
1 0.6585923217550275 0.5452302631578947 0.03656307129798903 0.03125
1 0.7710237659963437 0.844983552631579 0.026508226691042046 0.022203947368421052
1 0.031078610603290677 0.5801809210526315 0.029250457038391225 0.024671052631578948
1 0.4282449725776965 0.8067434210526315 0.029250457038391225 0.027138157894736843
1 0.19378427787934185 0.6278782894736842 0.021937842778793418 0.018914473684210526
1 0.8450639853747715 0.7524671052631579 0.02376599634369287 0.019736842105263157
1 0.7961608775137111 0.29070723684210525 0.021937842778793418 0.018914473684210526
1 0.3235831809872029 0.41324013157894735 0.022851919561243144 0.019736842105263157
1 0.12202925045703839 0.04851973684210526 0.029250457038391225 0.028782894736842105
1 0.33318098720292505 0.1040296052631579 0.033820840950639856 0.028782894736842105
1 0.30575868372943327 0.3314144736842105 0.033820840950639856 0.028782894736842105
1 0.3711151736745887 0.8799342105263158 0.027422303473491772 0.023026315789473683
1 0.7925045703839122 0.2759046052631579 0.02102376599634369 0.015625
1 0.06672760511882998 0.0390625 0.033820840950639856 0.027960526315789474
1 0.7335466179159049 0.811266447368421 0.0283363802559415 0.027960526315789474
1 0.8807129798903108 0.5764802631578947 0.024680073126142597 0.019736842105263157
1 0.22714808043875687 0.8733552631578947 0.02102376599634369 0.019736842105263157
1 0.7061243144424132 0.4839638157894737 0.03473491773308958 0.03289473684210526
1 0.16316270566727606 0.8433388157894737 0.025594149908592323 0.022203947368421052
0 0.6596069469835466 0.7759128289473685 0.019186471663619743 0.021735197368421052
1 0.6805301645338209 0.7574013157894737 0.027422303473491772 0.018092105263157895
1 0.31215722120658135 0.897203947368421 0.025594149908592323 0.023848684210526317
1 0.8057586837294333 0.6451480263157895 0.025594149908592323 0.023848684210526317
0 0.36151736745886653 0.7064144736842105 0.02102376599634369 0.018092105263157895
1 0.39579524680073125 0.9695723684210527 0.024680073126142597 0.02055921052631579
0 0.9917733089579525 0.9490131578947368 0.016453382084095063 0.01644736842105263
1 0.07221206581352833 0.2981085526315789 0.024680073126142597 0.022203947368421052
1 0.9812614259597806 0.10731907894736842 0.022851919561243144 0.022203947368421052
1 0.9058500914076782 0.10773026315789473 0.02376599634369287 0.02138157894736842
1 0.3820840950639854 0.6821546052631579 0.026508226691042046 0.023848684210526317
1 0.6585923217550275 0.9576480263157895 0.02102376599634369 0.01644736842105263
1 0.926416819012797 0.4683388157894737 0.018281535648994516 0.017269736842105265
1 0.32861060329067643 0.3277138157894737 0.026508226691042046 0.022203947368421052
1 0.0690127970749543 0.08552631578947369 0.031078610603290677 0.02631578947368421
1 0.44149908592321757 0.4083059210526316 0.03016453382084095 0.02631578947368421
1 0.05987202925045704 0.8359375 0.021937842778793418 0.022203947368421052
1 0.40904936014625226 0.9539473684210527 0.022851919561243144 0.019736842105263157
1 0.012797074954296161 0.5941611842105263 0.025594149908592323 0.023026315789473683
0 0.9520109689213894 0.9576480263157895 0.022851919561243144 0.018092105263157895
1 0.07175502742230347 0.6225328947368421 0.0283363802559415 0.02549342105263158
1 0.8596892138939671 0.5723684210526315 0.021937842778793418 0.02055921052631579
1 0.016453382084095063 0.07853618421052631 0.029250457038391225 0.029605263157894735
1 0.7056672760511883 0.6850328947368421 0.02376599634369287 0.022203947368421052
1 0.32769652650822667 0.865953947368421 0.027422303473491772 0.02138157894736842
1 0.6329981718464351 0.8770559210526315 0.025594149908592323 0.02138157894736842
1 0.3578610603290676 0.9029605263157895 0.025594149908592323 0.02055921052631579
1 0.09643510054844608 0.04399671052631579 0.03016453382084095 0.027960526315789474
0 0.27787934186471663 0.2956414473684211 0.026508226691042046 0.02138157894736842
1 0.2861060329067642 0.7335526315789473 0.02376599634369287 0.02138157894736842
1 0.1576782449725777 0.10320723684210527 0.021937842778793418 0.02055921052631579
1 0.19881170018281535 0.24095394736842105 0.024680073126142597 0.019736842105263157
1 0.02056672760511883 0.6254111842105263 0.031078610603290677 0.027138157894736843
1 0.41590493601462525 0.709703947368421 0.03016453382084095 0.024671052631578948
1 0.35511882998171845 0.1040296052631579 0.025594149908592323 0.027960526315789474
1 0.833180987202925 0.7689144736842105 0.02102376599634369 0.018092105263157895
1 0.7138939670932358 0.9070723684210527 0.037477148080438755 0.029605263157894735
1 0.10877513711151737 0.3384046052631579 0.031992687385740404 0.032072368421052634
1 0.8153564899451554 0.7586348684210527 0.024680073126142597 0.022203947368421052
1 0.11380255941499086 0.5978618421052632 0.019195612431444242 0.018914473684210526
1 0.4986288848263254 0.17516447368421054 0.021937842778793418 0.02055921052631579
1 0.7376599634369287 0.8992598684210527 0.027422303473491772 0.027138157894736843
0 0.9853747714808044 0.9847861842105263 0.02102376599634369 0.019736842105263157
0 0.2856489945155393 0.4790296052631579 0.01736745886654479 0.01644736842105263
1 0.035191956124314444 0.6455592105263158 0.03016453382084095 0.023848684210526317
1 0.9209323583180987 0.9280427631578947 0.021937842778793418 0.019736842105263157
1 0.4570383912248629 0.727796052631579 0.02376599634369287 0.02055921052631579
1 0.946526508226691 0.0625 0.026508226691042046 0.02138157894736842
0 0.8788848263254113 0.11677631578947369 0.018281535648994516 0.015625
1 0.09872029250457039 0.6324013157894737 0.03016453382084095 0.024671052631578948
1 0.5242230347349177 0.4144736842105263 0.0283363802559415 0.027960526315789474
1 0.16087751371115175 0.8630756578947368 0.02376599634369287 0.019736842105263157
1 0.17550274223034734 0.6175986842105263 0.018281535648994516 0.01644736842105263
1 0.7294332723948812 0.6854440789473685 0.027422303473491772 0.02631578947368421
1 0.1403107861060329 0.0703125 0.025594149908592323 0.022203947368421052
1 0.8651736745886655 0.14432565789473684 0.016453382084095063 0.015625
1 0.2317184643510055 0.19407894736842105 0.025594149908592323 0.02055921052631579
1 0.3350091407678245 0.8980263157894737 0.02010968921389397 0.02055921052631579
1 0.3304387568555759 0.35238486842105265 0.03473491773308958 0.027138157894736843
1 0.14396709323583182 0.15666118421052633 0.022851919561243144 0.018914473684210526
1 0.06078610603290677 0.7857730263157895 0.025594149908592323 0.023026315789473683
1 0.31352833638025596 0.08799342105263158 0.022851919561243144 0.024671052631578948
1 0.636654478976234 0.9444901315789473 0.02102376599634369 0.017269736842105265
1 0.9693784277879341 0.7865953947368421 0.031078610603290677 0.027960526315789474
0 0.009597806215722121 0.5731907894736842 0.019195612431444242 0.022203947368421052
0 0.25411334552102377 0.19572368421052633 0.019195612431444242 0.017269736842105265
1 0.04204753199268738 0.7574013157894737 0.02376599634369287 0.02138157894736842
1 0.9830895795246801 0.7220394736842105 0.024680073126142597 0.02549342105263158
1 0.8916819012797075 0.4921875 0.022851919561243144 0.019736842105263157
1 0.05758683729433273 0.20970394736842105 0.021937842778793418 0.022203947368421052
1 0.9049360146252285 0.48601973684210525 0.01736745886654479 0.017269736842105265
1 0.04204753199268738 0.8334703947368421 0.02010968921389397 0.02055921052631579
1 0.9369287020109689 0.7269736842105263 0.021937842778793418 0.02138157894736842
1 0.26691042047531993 0.02549342105263158 0.018281535648994516 0.017269736842105265
1 0.13208409506398539 0.18050986842105263 0.024680073126142597 0.02055921052631579
0 0.010511882998171846 0.1015625 0.02010968921389397 0.018092105263157895
1 0.7102376599634369 0.811266447368421 0.027422303473491772 0.027138157894736843
0 0.051645338208409504 0.7294407894736842 0.018281535648994516 0.01644736842105263
1 0.9437842778793418 0.4629934210526316 0.02010968921389397 0.018092105263157895
1 0.09186471663619744 0.2372532894736842 0.025594149908592323 0.023026315789473683
1 0.040676416819012795 0.5995065789473685 0.031992687385740404 0.023848684210526317
0 0.24360146252285192 0.28289473684210525 0.027422303473491772 0.023848684210526317
1 0.1489945155393053 0.17146381578947367 0.02010968921389397 0.01644736842105263
0 0.20521023765996343 0.3137335526315789 0.016453382084095063 0.013980263157894737
1 0.6919561243144424 0.5074013157894737 0.03656307129798903 0.027138157894736843
0 0.40493601462522855 0.08963815789473684 0.024680073126142597 0.018914473684210526
0 0.033820840950639856 0.7286184210526315 0.02010968921389397 0.017269736842105265
1 0.08089579524680073 0.850328947368421 0.02376599634369287 0.02138157894736842
1 0.5978062157221207 0.9473684210526315 0.02102376599634369 0.017269736842105265
1 0.9547531992687386 0.1015625 0.02376599634369287 0.02138157894736842
1 0.2819926873857404 0.023848684210526317 0.019195612431444242 0.01644736842105263
1 0.30575868372943327 0.2779605263157895 0.02376599634369287 0.02055921052631579
1 0.6896709323583181 0.8404605263157895 0.02376599634369287 0.023026315789473683
1 0.9917733089579525 0.9650493421052632 0.016453382084095063 0.015625
1 0.7490859232175503 0.8519736842105263 0.026508226691042046 0.02549342105263158
0 0.396709323583181 0.9412006578947368 0.019195612431444242 0.01644736842105263
1 0.3126142595978062 0.04070723684210526 0.02102376599634369 0.02055921052631579
1 0.9236745886654479 0.9736842105263158 0.021937842778793418 0.01644736842105263
1 0.5955210237659964 0.2779605263157895 0.01736745886654479 0.014802631578947368
0 0.34552102376599636 0.3203125 0.021937842778793418 0.02055921052631579
1 0.04890310786106033 0.9835526315789473 0.024680073126142597 0.015625
1 0.6896709323583181 0.40789473684210525 0.022851919561243144 0.02055921052631579
1 0.5872943327239488 0.2878289473684211 0.016453382084095063 0.014802631578947368
1 0.3583180987202925 0.6759868421052632 0.021937842778793418 0.018092105263157895
1 0.2042961608775137 0.22779605263157895 0.02010968921389397 0.015625
0 0.33226691042047535 0.07524671052631579 0.03016453382084095 0.023848684210526317
1 0.18144424131627057 0.6036184210526315 0.019195612431444242 0.013980263157894737
1 0.8944241316270567 0.5666118421052632 0.021937842778793418 0.017269736842105265
1 0.15539305301645337 0.618421052631579 0.018281535648994516 0.017269736842105265
1 0.06307129798903108 0.36430921052631576 0.033820840950639856 0.027138157894736843
1 0.3249542961608775 0.6587171052631579 0.024680073126142597 0.02055921052631579
0 0.06809872029250456 0.32442434210526316 0.03016453382084095 0.02549342105263158
1 0.29387568555758686 0.9913651315789473 0.025594149908592323 0.017269736842105265
1 0.5050274223034735 0.25 0.022851919561243144 0.018914473684210526
0 0.44012797074954296 0.12088815789473684 0.02102376599634369 0.018092105263157895
0 0.5116727605118829 0.9705921052631579 0.017522851919561246 0.0140625
1 0.5393053016453382 0.9605263157894737 0.026508226691042046 0.02138157894736842
0 0.8948811700182815 0.9321546052631579 0.021937842778793418 0.019736842105263157
1 0.5027422303473492 0.4050164473684211 0.022851919561243144 0.017269736842105265
1 0.993601462522852 0.7783717105263158 0.012797074954296161 0.028782894736842105
0 0.2646252285191956 0.28125 0.026508226691042046 0.022203947368421052
1 0.9223034734917733 0.7158717105263158 0.02102376599634369 0.02138157894736842
0 0.643510054844607 0.592516447368421 0.024680073126142597 0.023848684210526317
0 0.7180073126142597 0.881578947368421 0.031992687385740404 0.027960526315789474
0 0.943199268738574 0.6374259868421053 0.015740402193784277 0.017417763157894738
1 0.9584095063985375 0.626233552631579 0.022851919561243144 0.02138157894736842
1 0.6663619744058501 0.8244243421052632 0.021937842778793418 0.02055921052631579
1 0.9584095063985375 0.6780427631578947 0.021937842778793418 0.018092105263157895
1 0.3217550274223035 0.6977796052631579 0.01736745886654479 0.018092105263157895
1 0.028793418647166363 0.9930098684210527 0.016453382084095063 0.013157894736842105
1 0.6937842778793418 0.8145559210526315 0.021937842778793418 0.02549342105263158
1 0.40722120658135286 0.4239309210526316 0.0356489945155393 0.029605263157894735
0 0.9748628884826326 0.6328125 0.021937842778793418 0.018914473684210526
0 0.3702010968921389 0.6624177631578947 0.021937842778793418 0.018914473684210526
1 0.7801645338208409 0.28988486842105265 0.018281535648994516 0.018914473684210526
0 0.11471663619744059 0.09539473684210527 0.018281535648994516 0.013980263157894737
1 0.6819012797074955 0.876233552631579 0.024680073126142597 0.024671052631578948
1 0.34552102376599636 0.4152960526315789 0.016453382084095063 0.019736842105263157
1 0.3537477148080439 0.5111019736842105 0.019195612431444242 0.015625
1 0.7504570383912249 0.8848684210526315 0.025594149908592323 0.018914473684210526
1 0.9593235831809872 0.9769736842105263 0.026508226691042046 0.02549342105263158
1 0.32586837294332727 0.42804276315789475 0.02010968921389397 0.015625
1 0.18281535648994515 0.024671052631578948 0.02010968921389397 0.017269736842105265
1 0.2915904936014625 0.05345394736842105 0.02010968921389397 0.02055921052631579
1 0.6403107861060329 0.9584703947368421 0.02010968921389397 0.01644736842105263
0 0.8642595978062158 0.09539473684210527 0.019195612431444242 0.015625
1 0.620201096892139 0.9740953947368421 0.022851919561243144 0.018914473684210526
1 0.34643510054844606 0.7923519736842105 0.02376599634369287 0.02055921052631579
1 0.8519195612431444 0.9469572368421053 0.02376599634369287 0.023026315789473683
1 0.6270566727605119 0.5863486842105263 0.02010968921389397 0.019736842105263157
1 0.8203839122486288 0.4300986842105263 0.02010968921389397 0.018092105263157895
1 0.8930530164533821 0.9510690789473685 0.0283363802559415 0.023026315789473683
1 0.9954296160877514 0.8700657894736842 0.009140767824497258 0.023848684210526317
1 0.9241316270566727 0.17763157894736842 0.024680073126142597 0.022203947368421052
1 0.9245886654478976 0.5629111842105263 0.02010968921389397 0.02055921052631579
1 0.6535648994515539 0.865953947368421 0.022851919561243144 0.018914473684210526
0 0.19378427787934185 0.3050986842105263 0.016453382084095063 0.013157894736842105
1 0.3491773308957952 0.5250822368421053 0.019195612431444242 0.01644736842105263
1 0.38939670932358317 0.48519736842105265 0.019195612431444242 0.017269736842105265
1 0.8743144424131627 0.5620888157894737 0.02102376599634369 0.015625
1 0.4264168190127971 0.9490131578947368 0.019195612431444242 0.018914473684210526
1 0.49817184643510054 0.23684210526315788 0.014625228519195612 0.013157894736842105
0 0.12751371115173674 0.1040296052631579 0.016453382084095063 0.014802631578947368
0 0.21206581352833637 0.6258223684210527 0.01736745886654479 0.015625
0 0.18190127970749542 0.2787828947368421 0.018281535648994516 0.01644736842105263
0 0.649908592321755 0.9333881578947368 0.02102376599634369 0.017269736842105265
1 0.11380255941499086 0.6155427631578947 0.02010968921389397 0.01644736842105263
0 0.25045703839122485 0.8700657894736842 0.02102376599634369 0.018914473684210526
1 0.04890310786106033 0.3470394736842105 0.018281535648994516 0.017269736842105265
0 0.03336380255941499 0.09416118421052631 0.022851919561243144 0.02138157894736842
1 0.360146252285192 0.4165296052631579 0.02010968921389397 0.02055921052631579
0 0.7349177330895795 0.4041940789473684 0.02376599634369287 0.019736842105263157
1 0.9885740402193784 0.07360197368421052 0.022851919561243144 0.02055921052631579
1 0.6887568555758684 0.6636513157894737 0.019195612431444242 0.02138157894736842
1 0.4680073126142596 0.4214638157894737 0.03016453382084095 0.03125
1 0.43144424131627057 0.43256578947368424 0.0283363802559415 0.023848684210526317
1 0.773308957952468 0.2660361842105263 0.018281535648994516 0.017269736842105265
1 0.1750457038391225 0.701891447368421 0.019195612431444242 0.018092105263157895
0 0.8720292504570384 0.9436677631578947 0.02102376599634369 0.02055921052631579
0 0.20292504570383912 0.2730263157894737 0.022851919561243144 0.017269736842105265
1 0.796617915904936 0.8462171052631579 0.019195612431444242 0.018914473684210526
0 0.7084095063985375 0.8330592105263158 0.018281535648994516 0.015625
0 0.18281535648994515 0.19860197368421054 0.019195612431444242 0.018092105263157895
1 0.726691042047532 0.8647203947368421 0.024680073126142597 0.013980263157894737
0 0.8208409506398537 0.8429276315789473 0.01736745886654479 0.01644736842105263
0 0.21755027422303475 0.062088815789473686 0.02010968921389397 0.015625
0 0.22212065813528337 0.046875 0.021937842778793418 0.017269736842105265
0 0.41453382084095064 0.40008223684210525 0.022851919561243144 0.018914473684210526
1 0.34643510054844606 0.22327302631578946 0.01736745886654479 0.014802631578947368
0 0.363345521023766 0.8013980263157895 0.021937842778793418 0.02138157894736842
1 0.453382084095064 0.33100328947368424 0.022851919561243144 0.01644736842105263
1 0.9131627056672761 0.9436677631578947 0.019195612431444242 0.015625
1 0.6718464351005484 0.8396381578947368 0.018281535648994516 0.019736842105263157
1 0.3820840950639854 0.4979440789473684 0.019195612431444242 0.01644736842105263
1 0.31352833638025596 0.24342105263157895 0.016453382084095063 0.018092105263157895
0 0.19195612431444242 0.3190789473684211 0.016453382084095063 0.014802631578947368
1 0.18053016453382084 0.8458059210526315 0.01736745886654479 0.02055921052631579
0 0.8697440585009141 0.9161184210526315 0.02102376599634369 0.017269736842105265
1 0.26691042047531993 0.22779605263157895 0.02102376599634369 0.019736842105263157
1 0.17184643510054845 0.9165296052631579 0.021937842778793418 0.018092105263157895
0 0.09369287020109689 0.6147203947368421 0.022851919561243144 0.019736842105263157
1 0.2851919561243144 0.012335526315789474 0.02010968921389397 0.013980263157894737
0 0.4218464351005484 0.8486842105263158 0.01736745886654479 0.015625
0 0.113345521023766 0.10896381578947369 0.01736745886654479 0.014802631578947368
1 0.07998171846435101 0.06537828947368421 0.025594149908592323 0.023026315789473683
1 0.5324497257769653 0.2635690789473684 0.01736745886654479 0.013157894736842105
0 0.2687385740402194 0.41570723684210525 0.019195612431444242 0.014802631578947368
1 0.9437842778793418 0.18544407894736842 0.01736745886654479 0.018092105263157895
1 0.9926873857404022 0.1903782894736842 0.014625228519195612 0.017269736842105265
1 0.0690127970749543 0.06291118421052631 0.03473491773308958 0.024671052631578948
1 0.35420475319926875 0.6513157894736842 0.01736745886654479 0.017269736842105265
0 0.416581352833638 0.9943256578947368 0.02007312614259598 0.011348684210526316
1 0.4337294332723949 0.9950657894736842 0.019195612431444242 0.009868421052631578
0 0.22851919561243145 0.21011513157894737 0.02102376599634369 0.01644736842105263
0 0.45429616087751373 0.3149671052631579 0.024680073126142597 0.019736842105263157
1 0.5388482632541134 0.4457236842105263 0.029250457038391225 0.02549342105263158
1 0.7545703839122486 0.6726973684210527 0.029250457038391225 0.02549342105263158
0 0.8939670932358318 0.12417763157894737 0.02010968921389397 0.018092105263157895
1 0.7696526508226691 0.8939144736842105 0.021937842778793418 0.023026315789473683
0 0.9789762340036563 0.9666940789473685 0.016453382084095063 0.015625
1 0.4876599634369287 0.969983552631579 0.018281535648994516 0.018092105263157895
0 0.0370201096892139 0.07483552631578948 0.02010968921389397 0.019736842105263157
0 0.26828153564899454 0.9132401315789473 0.025594149908592323 0.022203947368421052
1 0.9785191956124314 0.7804276315789473 0.02102376599634369 0.028782894736842105
0 0.39853747714808047 0.27713815789473684 0.018281535648994516 0.014802631578947368
0 0.7509140767824497 0.39555921052631576 0.01736745886654479 0.013980263157894737
1 0.10329067641681901 0.21134868421052633 0.018281535648994516 0.018914473684210526
1 0.8994515539305301 0.16488486842105263 0.016453382084095063 0.018092105263157895
0 0.1969835466179159 0.19736842105263158 0.02010968921389397 0.018092105263157895
1 0.9949725776965265 0.9107730263157895 0.010054844606946984 0.024671052631578948
0 0.5452468007312614 0.4263980263157895 0.019195612431444242 0.017269736842105265
1 0.3523765996343693 0.2956414473684211 0.015539305301645339 0.014802631578947368
0 0.29478976234003657 0.2635690789473684 0.019195612431444242 0.01644736842105263
1 0.8487202925045704 0.9358552631578947 0.02010968921389397 0.015625
1 0.5653564899451554 0.2837171052631579 0.013711151736745886 0.012335526315789474
1 0.06261425959780621 0.7619243421052632 0.024680073126142597 0.02055921052631579
0 0.2779524680073126 0.9533552631578948 0.016718464351005484 0.017236842105263158
0 0.2861060329067642 0.9358552631578947 0.02010968921389397 0.018092105263157895
1 0.593235831809872 0.9724506578947368 0.016453382084095063 0.015625
0 0.9780621572212066 0.6060855263157895 0.018281535648994516 0.018914473684210526
1 0.376599634369287 0.7146381578947368 0.018281535648994516 0.01644736842105263
1 0.23720292504570384 0.14432565789473684 0.014625228519195612 0.014802631578947368
1 0.19652650822669104 0.5966282894736842 0.019195612431444242 0.014802631578947368
1 0.6087751371115173 0.9506578947368421 0.016453382084095063 0.01644736842105263
1 0.3697440585009141 0.9962993421052632 0.02376599634369287 0.007401315789473684
1 0.703382084095064 0.65625 0.02376599634369287 0.02138157894736842
1 0.36654478976234006 0.203125 0.019195612431444242 0.018092105263157895
1 0.090036563071298 0.3071546052631579 0.019195612431444242 0.017269736842105265
1 0.9154478976234004 0.5764802631578947 0.019195612431444242 0.018092105263157895
1 0.25685557586837293 0.04029605263157895 0.02102376599634369 0.017269736842105265
0 0.6191590493601463 0.7642269736842104 0.016910420475319928 0.01774671052631579
0 0.4127970749542962 0.8960855263157895 0.018848263254113345 0.016800986842105264
0 0.4183180987202925 0.8780098684210527 0.0210054844606947 0.01828125
0 0.9465539305301645 0.7050164473684211 0.02626142595978062 0.019111842105263156
0 0.9789488117001829 0.7014802631578947 0.021316270566727604 0.018889802631578946
0 0.9875137111517367 0.5981332236842105 0.01940585009140768 0.012985197368421053
0 0.9946069469835466 0.6077713815789473 0.010776965265082266 0.017425986842105265
