1 0.6033333333333334 0.4467366841710428 0.03833333333333333 0.03225806451612903
1 0.06583333333333333 0.5750187546886721 0.04583333333333333 0.03375843960990248
1 0.7220833333333333 0.20705176294073518 0.035833333333333335 0.03150787696924231
1 0.5816666666666667 0.8342085521380345 0.041666666666666664 0.033008252063015754
1 0.26916666666666667 0.0603900975243811 0.034166666666666665 0.029257314328582147
0 0.72125 0.2719429857464366 0.03333333333333333 0.029257314328582147
0 0.3104166666666667 0.22580645161290322 0.03166666666666667 0.024006001500375095
1 0.29625 0.016504126031507877 0.0425 0.028507126781695424
0 0.3120833333333333 0.20367591897974494 0.030833333333333334 0.023255813953488372
1 0.28958333333333336 0.8117029257314329 0.034166666666666665 0.03150787696924231
1 0.6908333333333333 0.2711927981995499 0.035 0.033008252063015754
1 0.28291666666666665 0.2145536384096024 0.0325 0.029257314328582147
1 0.49166666666666664 0.39309827456864216 0.035833333333333335 0.03075768942235559
1 0.8758333333333334 0.9789947486871718 0.03666666666666667 0.03375843960990248
1 0.26166666666666666 0.586271567891973 0.035 0.02625656414103526
1 0.8591666666666666 0.47861965491372843 0.035833333333333335 0.0345086271567892
1 0.555 0.858589647411853 0.04 0.03375843960990248
1 0.62375 0.4752438109527382 0.03916666666666667 0.03225806451612903
1 0.5070833333333333 0.023255813953488372 0.034166666666666665 0.028507126781695424
1 0.26863333333333334 0.3814478619654914 0.0325 0.0277569392348087
1 0.5141666666666667 0.6657914478619655 0.0325 0.028507126781695424
1 0.6716666666666666 0.4576144036009002 0.03916666666666667 0.03675918979744936
1 0.9045833333333333 0.3529632408102025 0.03833333333333333 0.033008252063015754
1 0.9195833333333333 0.5307576894223556 0.04 0.03075768942235559
1 0.9116666666666666 0.5048762190547637 0.035 0.033008252063015754
1 0.7358333333333333 0.3675918979744936 0.035833333333333335 0.028507126781695424
1 0.23875 0.15753938484621155 0.03666666666666667 0.028507126781695424
1 0.5258333333333334 0.7010502625656414 0.035 0.029257314328582147
1 0.77125 0.30120030007501875 0.03833333333333333 0.029257314328582147
0 0.7758333333333334 0.3285821455363841 0.0325 0.029257314328582147
1 0.74625 0.31882970742685673 0.035 0.030007501875468866
1 0.10916666666666666 0.44373593398349587 0.030833333333333334 0.024756189047261814
1 0.6995833333333333 0.7561890472618155 0.0325 0.03075768942235559
1 0.5479166666666667 0.6605401350337584 0.035833333333333335 0.03075768942235559
1 0.43625 0.5708927231807952 0.03 0.0277569392348087
1 0.09291666666666666 0.1177794448612153 0.03166666666666667 0.02625656414103526
0 0.08333333333333333 0.45048762190547637 0.0275 0.024756189047261814
0 0.5541666666666667 0.6864216054013503 0.02666666666666667 0.021005251312828207
0 0.15291666666666667 0.49774943735933985 0.024166666666666666 0.01800450112528132
0 0.9191666666666667 0.6890472618154538 0.029166666666666667 0.02250562640660165
1 0.27541666666666664 0.785821455363841 0.035 0.025506376594148537
1 0.6675 0.7558139534883721 0.03166666666666667 0.028507126781695424
0 0.11 0.04126031507876969 0.03333333333333333 0.02625656414103526
0 0.07708333333333334 0.03338334583645911 0.030833333333333334 0.0277569392348087
1 0.13083333333333333 0.4939984996249062 0.025833333333333333 0.02250562640660165
1 0.8033333333333333 0.9418604651162791 0.035833333333333335 0.02700675168792198
1 0.8529166666666667 0.31882970742685673 0.03166666666666667 0.03075768942235559
1 0.12083333333333333 0.1121530382595649 0.03 0.021005251312828207
1 0.9108333333333334 0.9846211552888222 0.03666666666666667 0.029257314328582147
1 0.7645833333333333 0.38484621155288823 0.035833333333333335 0.02625656414103526
1 0.9208333333333333 0.16616654163540887 0.028333333333333332 0.024756189047261814
1 0.3045833333333333 0.6125281320330083 0.035 0.025506376594148537
1 0.2995833333333333 0.29932483120780196 0.0425 0.03600900225056264
0 0.6145833333333334 0.28094523630907725 0.0275 0.02625656414103526
0 0.315 0.2726931732933233 0.03333333333333333 0.030007501875468866
1 0.3045833333333333 0.18754688672168043 0.03833333333333333 0.02625656414103526
0 0.0525 0.029632408102025505 0.0275 0.028507126781695424
1 0.21125 0.3537134283570893 0.03166666666666667 0.024006001500375095
1 0.9795833333333334 0.5180045011252813 0.03166666666666667 0.03375843960990248
1 0.13833333333333334 0.04388597149287322 0.028333333333333332 0.0277569392348087
1 0.8383333333333334 0.9429857464366092 0.029166666666666667 0.018754688672168042
1 0.3625 0.011627906976744186 0.03 0.02250562640660165
1 0.2725 0.6807951987997 0.03333333333333333 0.02625656414103526
0 0.8929166666666667 0.46399099774943736 0.03333333333333333 0.02625656414103526
0 0.8808333333333334 0.31357839459864967 0.03 0.02625656414103526
1 0.7054166666666667 0.0918979744936234 0.0275 0.02250562640660165
0 0.8691666666666666 0.2929482370592648 0.03166666666666667 0.024756189047261814
0 0.3616666666666667 0.072768192048012 0.03333333333333333 0.024756189047261814
1 0.39416666666666667 0.08964741185296324 0.0275 0.023255813953488372
0 0.16208333333333333 0.028882220555138786 0.03333333333333333 0.029257314328582147
1 0.7608333333333334 0.1342835708927232 0.0275 0.023255813953488372
0 0.5925 0.48537134283570893 0.029166666666666667 0.02700675168792198
1 0.39416666666666667 0.3480870217554389 0.02666666666666667 0.025506376594148537
1 0.20583333333333334 0.006376594148537134 0.035833333333333335 0.012753188297074268
0 0.5545833333333333 0.012003000750187547 0.02666666666666667 0.02250562640660165
0 0.9041666666666667 0.03975993998499625 0.0225 0.021005251312828207
0 0.7216666666666667 0.07539384846211553 0.0275 0.023255813953488372
1 0.8304166666666667 0.9628657164291072 0.034166666666666665 0.03150787696924231
0 0.59125 0.8612153038259565 0.030833333333333334 0.025506376594148537
0 0.6604166666666667 0.4876219054763691 0.028333333333333332 0.025506376594148537
1 0.9183333333333333 0.18717179294823705 0.028333333333333332 0.02175543885971493
0 0.9829166666666667 0.9587396849212303 0.030833333333333334 0.028507126781695424
1 0.88875 0.5093773443360841 0.025833333333333333 0.02625656414103526
0 0.6316666666666667 0.26294073518379596 0.03166666666666667 0.025506376594148537
1 0.81 0.15453863465866466 0.0225 0.019504876219054765
0 0.3638416666666667 0.38152288072018004 0.024941666666666668 0.019287321830457616
0 0.3620833333333333 0.3630907726931733 0.030833333333333334 0.02175543885971493
1 0.37333333333333335 0.21942985746436608 0.0275 0.024756189047261814
0 0.12 0.019129782445611403 0.0325 0.02625656414103526
1 0.41791666666666666 0.2835708927231808 0.0275 0.02250562640660165
0 0.90875 0.6665416354088523 0.029166666666666667 0.024006001500375095
0 0.8866666666666667 0.48537134283570893 0.0275 0.023255813953488372
1 0.7670833333333333 0.1140285071267817 0.029166666666666667 0.021005251312828207
1 0.38708333333333333 0.010877719429857465 0.03333333333333333 0.02175543885971493
0 0.5570833333333334 0.4291072768192048 0.03 0.02625656414103526
1 0.61625 0.5003750937734434 0.03666666666666667 0.023255813953488372
0 0.34833333333333333 0.10202550637659415 0.025833333333333333 0.02175543885971493
1 0.6870833333333334 0.48237059264816207 0.025 0.02700675168792198
1 0.605 0.8244561140285072 0.029166666666666667 0.03150787696924231
1 0.6608333333333334 0.8488372093023255 0.0275 0.02625656414103526
1 0.21958333333333332 0.29369842460615153 0.035833333333333335 0.033008252063015754
1 0.5175 0.3840960240060015 0.041666666666666664 0.0345086271567892
0 0.48083333333333333 0.686046511627907 0.024166666666666666 0.024006001500375095
1 0.28875 0.26481620405101275 0.03 0.02250562640660165
1 0.2654166666666667 0.8083270817704427 0.030833333333333334 0.028507126781695424
0 0.3675 0.3435858964741185 0.0325 0.024756189047261814
0 0.5675 0.1751687921980495 0.024166666666666666 0.024756189047261814
1 0.1675 0.5142535633908477 0.028333333333333332 0.023255813953488372
0 0.94375 0.6901725431357839 0.0225 0.019504876219054765
1 0.5675 0.4759939984996249 0.028333333333333332 0.028507126781695424
0 0.6545833333333333 0.2726931732933233 0.023333333333333334 0.02250562640660165
0 0.90125 0.32295573893473367 0.025833333333333333 0.025506376594148537
1 0.8904166666666666 0.16241560390097523 0.024166666666666666 0.02175543885971493
0 0.9066666666666666 0.14328582145536384 0.0325 0.023255813953488372
0 0.6991666666666667 0.2978244561140285 0.030833333333333334 0.02700675168792198
1 0.2925 0.8443360840210052 0.028333333333333332 0.02625656414103526
1 0.2554166666666667 0.6751687921980495 0.02666666666666667 0.02625656414103526
0 0.37041666666666667 0.09527381845461365 0.023333333333333334 0.018754688672168042
1 0.007083333333333333 0.26219054763690924 0.014166666666666666 0.03150787696924231
1 0.7270833333333333 0.34321080270067517 0.024166666666666666 0.02250562640660165
0 0.9366666666666666 0.6706676669167292 0.03 0.023255813953488372
1 0.53375 0.008252063015753939 0.02666666666666667 0.016504126031507877
1 0.3283333333333333 0.5918979744936234 0.025 0.020255063765941484
1 0.29333333333333333 0.2404351087771943 0.029166666666666667 0.021005251312828207
0 0.3070833333333333 0.16279069767441862 0.034166666666666665 0.024756189047261814
1 0.2991666666666667 0.06001500375093773 0.03166666666666667 0.023255813953488372
1 0.4895833333333333 0.41935483870967744 0.03666666666666667 0.024006001500375095
0 0.49625 0.6991747936984246 0.0225 0.018754688672168042
0 0.7504166666666666 0.3435858964741185 0.028333333333333332 0.024006001500375095
0 0.6391666666666667 0.2843210802700675 0.0225 0.021005251312828207
0 0.26125 0.6087771942985747 0.03 0.02175543885971493
0 0.6866666666666666 0.18642160540135033 0.02666666666666667 0.02175543885971493
0 0.9841666666666666 0.028132033008252063 0.029166666666666667 0.02700675168792198
1 0.3025 0.8383345836459115 0.035833333333333335 0.03075768942235559
1 0.5716666666666667 0.6729182295573893 0.025833333333333333 0.0277569392348087
0 0.9241666666666667 0.046136534133533386 0.03 0.0277569392348087
1 0.7004166666666667 0.07576894223555888 0.025833333333333333 0.021005251312828207
1 0.6491666666666667 0.7340585146286571 0.028333333333333332 0.024756189047261814
0 0.58375 0.17104276069017255 0.020833333333333332 0.020255063765941484
0 0.6266666666666667 0.7010502625656414 0.030833333333333334 0.02700675168792198
1 0.71875 0.3199549887471868 0.021666666666666667 0.024756189047261814
1 0.8091666666666667 0.2243060765191298 0.03333333333333333 0.024756189047261814
0 0.10458333333333333 0.006376594148537134 0.0325 0.012753188297074268
1 0.9583333333333334 0.16166541635408851 0.028333333333333332 0.02625656414103526
0 0.05416666666666667 0.427231807951988 0.024166666666666666 0.020255063765941484
1 0.21791666666666668 0.020255063765941484 0.035833333333333335 0.024756189047261814
1 0.25 0.8225806451612904 0.0225 0.024006001500375095
1 0.3754166666666667 0.006376594148537134 0.04 0.012753188297074268
1 0.835 0.6526631657914479 0.03 0.033008252063015754
0 0.87625 0.33308327081770445 0.024166666666666666 0.020255063765941484
1 0.12 0.12940735183795948 0.028333333333333332 0.02250562640660165
0 0.075 0.0967741935483871 0.030833333333333334 0.024756189047261814
0 0.30333333333333334 0.042010502625656414 0.035 0.02625656414103526
0 0.6733333333333333 0.30307576894223553 0.021666666666666667 0.02175543885971493
1 0.5075 0.3765941485371343 0.0375 0.024756189047261814
0 0.8741666666666666 0.35858964741185295 0.025 0.023255813953488372
0 0.48541666666666666 0.012003000750187547 0.021666666666666667 0.019504876219054765
0 0.3875 0.11027756939234809 0.021666666666666667 0.018754688672168042
0 0.555 0.5468867216804201 0.029166666666666667 0.021005251312828207
0 0.2608333333333333 0.21042760690172543 0.02 0.02175543885971493
0 0.2791666666666667 0.6069017254313578 0.02 0.021005251312828207
0 0.4991 0.9864066016504127 0.026075 0.02060015003750938
0 0.474525 0.9751612903225807 0.027491666666666668 0.02269317329332333
0 0.49860000000000004 0.9674718679669918 0.031133333333333332 0.022790697674418603
0 0.7617916666666666 0.9455738934733684 0.026350000000000002 0.023615903975993998
0 0.9451916666666667 0.8113878469617404 0.0333 0.02654913728432108
0 0.9431166666666667 0.8368717179294823 0.030166666666666668 0.022895723930982746
0 0.7491 0.8190322580645161 0.027466666666666667 0.023630907726931733
0 0.8629749999999999 0.8340060015003751 0.028658333333333334 0.023533383345836458
0 0.7701833333333333 0.7502100525131282 0.020075 0.024381095273818456
0 0.7879833333333334 0.7403750937734433 0.023308333333333334 0.026564141035258813
0 0.5765250000000001 0.550675168792198 0.023141666666666668 0.01953488372093023
0 0.5733416666666666 0.45672168042010497 0.033966666666666666 0.019182295573893473
1 0.634675 0.4478919729932483 0.034258333333333335 0.02883720930232558
0 0.9180333333333334 0.27403600900225056 0.026525 0.02801200300075019
0 0.29800000000000004 0.3711177794448612 0.03044166666666667 0.019639909977494374
