1 0.5068555758683729 0.20435855263157895 0.03016453382084095 0.022203947368421052
1 0.9191042047531993 0.3893914473684211 0.037477148080438755 0.03042763157894737
1 0.389853747714808 0.09991776315789473 0.02376599634369287 0.022203947368421052
1 0.49725776965265084 0.07319078947368421 0.031992687385740404 0.022203947368421052
1 0.6462522851919561 0.07976973684210527 0.031078610603290677 0.027138157894736843
1 0.4040219378427788 0.08305921052631579 0.02376599634369287 0.019736842105263157
1 0.4648080438756856 0.019325657894736843 0.026508226691042046 0.023026315789473683
1 0.6553930530164533 0.20065789473684212 0.03473491773308958 0.024671052631578948
1 0.3148994515539305 0.013569078947368422 0.03473491773308958 0.02549342105263158
1 0.296617915904936 0.3050986842105263 0.0283363802559415 0.019736842105263157
1 0.48080438756855576 0.24958881578947367 0.02376599634369287 0.02138157894736842
1 0.48217550274223037 0.007401315789473684 0.026508226691042046 0.014802631578947368
1 0.5575868372943327 0.02055921052631579 0.026508226691042046 0.023026315789473683
1 0.6101462522851919 0.16858552631578946 0.025594149908592323 0.023026315789473683
1 0.716636197440585 0.026726973684210526 0.0283363802559415 0.022203947368421052
0 0.28473491773308957 0.34210526315789475 0.019195612431444242 0.018092105263157895
1 0.286563071297989 0.3149671052631579 0.025594149908592323 0.018914473684210526
1 0.833180987202925 0.506578947368421 0.02376599634369287 0.024671052631578948
1 0.5027422303473492 0.2450657894736842 0.024680073126142597 0.018914473684210526
1 0.48080438756855576 0.05016447368421053 0.025594149908592323 0.02138157894736842
1 0.9661791590493601 0.008634868421052632 0.04296160877513711 0.017269736842105265
1 0.626599634369287 0.15953947368421054 0.024680073126142597 0.02138157894736842
1 0.6713893967093236 0.009868421052631578 0.025594149908592323 0.018914473684210526
1 0.8505484460694699 0.5 0.022851919561243144 0.022203947368421052
1 0.5018281535648994 0.26192434210526316 0.02376599634369287 0.019736842105263157
1 0.576782449725777 0.013569078947368422 0.0283363802559415 0.024671052631578948
1 0.7582266910420475 0.03782894736842105 0.029250457038391225 0.024671052631578948
1 0.24862888482632542 0.3902138157894737 0.02376599634369287 0.018914473684210526
1 0.4113345521023766 0.10238486842105263 0.027422303473491772 0.022203947368421052
1 0.3148994515539305 0.4276315789473684 0.019195612431444242 0.014802631578947368
1 0.7787934186471663 0.015213815789473685 0.027422303473491772 0.024671052631578948
1 0.653107861060329 0.6328125 0.03016453382084095 0.023026315789473683
1 0.6444241316270567 0.18174342105263158 0.026508226691042046 0.02138157894736842
1 0.48811700182815354 0.0234375 0.027422303473491772 0.019736842105263157
1 0.7472577696526508 0.010279605263157895 0.026508226691042046 0.019736842105263157
1 0.4757769652650823 0.23478618421052633 0.026508226691042046 0.019736842105263157
1 0.6992687385740403 0.602796052631579 0.033820840950639856 0.022203947368421052
1 0.44424131627056673 0.03536184210526316 0.02102376599634369 0.022203947368421052
1 0.8478062157221207 0.484375 0.02376599634369287 0.01644736842105263
1 0.45749542961608775 0.32976973684210525 0.021937842778793418 0.02138157894736842
1 0.6663619744058501 0.04070723684210526 0.022851919561243144 0.017269736842105265
1 0.6978976234003657 0.5875822368421053 0.031992687385740404 0.023026315789473683
1 0.4556672760511883 0.34745065789473684 0.02376599634369287 0.018092105263157895
0 0.30210237659963435 0.34292763157894735 0.02102376599634369 0.017269736842105265
1 0.5648994515539305 0.078125 0.024680073126142597 0.02055921052631579
1 0.35054844606946983 0.005345394736842105 0.026508226691042046 0.01069078947368421
1 0.753199268738574 0.04358552631578947 0.0356489945155393 0.027960526315789474
0 0.6288848263254113 0.061677631578947366 0.019195612431444242 0.014802631578947368
1 0.3720292504570384 0.32648026315789475 0.022851919561243144 0.02055921052631579
1 0.6892138939670932 0.04194078947368421 0.024680073126142597 0.018914473684210526
1 0.4405850091407678 0.33305921052631576 0.02376599634369287 0.02055921052631579
1 0.3820840950639854 0.328125 0.025594149908592323 0.02138157894736842
1 0.3240402193784278 0.004523026315789474 0.03290676416819013 0.009046052631578948
1 0.42915904936014626 0.11143092105263158 0.02102376599634369 0.02138157894736842
1 0.29890310786106034 0.37335526315789475 0.024680073126142597 0.02055921052631579
1 0.6576782449725777 0.6147203947368421 0.024680073126142597 0.018092105263157895
0 0.489945155393053 0.19161184210526316 0.021937842778793418 0.017269736842105265
1 0.6261425959780622 0.05016447368421053 0.02376599634369287 0.015625
1 0.7216636197440585 0.05180921052631579 0.0283363802559415 0.023026315789473683
1 0.2687385740402194 0.3729440789473684 0.022851919561243144 0.018914473684210526
1 0.5393053016453382 0.05797697368421053 0.0283363802559415 0.018092105263157895
1 0.8921389396709324 0.3815789473684211 0.025594149908592323 0.02138157894736842
1 0.40904936014625226 0.11595394736842106 0.026508226691042046 0.02055921052631579
1 0.3372943327239488 0.4152960526315789 0.025594149908592323 0.022203947368421052
0 0.6261425959780622 0.07319078947368421 0.018281535648994516 0.013157894736842105
1 0.42458866544789764 0.03289473684210526 0.019195612431444242 0.017269736842105265
1 0.876599634369287 0.3745888157894737 0.025594149908592323 0.023848684210526317
1 0.6494515539305301 0.6015625 0.022851919561243144 0.019736842105263157
1 0.3583180987202925 0.41241776315789475 0.02010968921389397 0.018914473684210526
1 0.8665447897623401 0.5049342105263158 0.02010968921389397 0.018092105263157895
1 0.47212065813528337 0.06373355263157894 0.021937842778793418 0.014802631578947368
1 0.5397623400365631 0.0727796052631579 0.0283363802559415 0.018092105263157895
1 0.38345521023765994 0.3433388157894737 0.02376599634369287 0.017269736842105265
