0 0.7518281535648994 0.7504111842105263 0.022851919561243144 0.02138157894736842
1 0.6595063985374772 0.5744243421052632 0.025594149908592323 0.023026315789473683
1 0.676873857404022 0.8223684210526315 0.03016453382084095 0.02549342105263158
1 0.8551188299817185 0.694078947368421 0.027422303473491772 0.023026315789473683
1 0.620201096892139 0.766858552631579 0.027422303473491772 0.02549342105263158
1 0.6357404021937842 0.813733552631579 0.03656307129798903 0.03125
1 0.8505484460694699 0.6578947368421053 0.0283363802559415 0.023026315789473683
1 0.025594149908592323 0.8856907894736842 0.027422303473491772 0.024671052631578948
1 0.7824497257769653 0.5226151315789473 0.029250457038391225 0.02631578947368421
0 0.7257769652650823 0.7129934210526315 0.025594149908592323 0.022203947368421052
0 0.603290676416819 0.8149671052631579 0.031992687385740404 0.027960526315789474
1 0.696526508226691 0.7105263157894737 0.0283363802559415 0.022203947368421052
1 0.2362888482632541 0.9087171052631579 0.0283363802559415 0.024671052631578948
1 0.8345521023765996 0.865953947368421 0.022851919561243144 0.022203947368421052
1 0.8222120658135283 0.6763980263157895 0.026508226691042046 0.027138157894736843
0 0.6576782449725777 0.790296052631579 0.03290676416819013 0.02631578947368421
0 0.47212065813528337 0.8400493421052632 0.029250457038391225 0.023848684210526317
1 0.45749542961608775 0.47491776315789475 0.02376599634369287 0.02138157894736842
0 0.49405850091407677 0.47738486842105265 0.026508226691042046 0.023848684210526317
0 0.776508226691042 0.8869243421052632 0.022851919561243144 0.017269736842105265
0 0.43875685557586835 0.8486842105263158 0.025594149908592323 0.023848684210526317
1 0.756398537477148 0.5226151315789473 0.022851919561243144 0.023848684210526317
1 0.8496343692870201 0.8700657894736842 0.02102376599634369 0.019736842105263157
0 0.7294332723948812 0.7574013157894737 0.022851919561243144 0.018092105263157895
1 0.26416819012797077 0.8992598684210527 0.027422303473491772 0.018914473684210526
1 0.7838208409506399 0.9041940789473685 0.022851919561243144 0.018914473684210526
1 0.9680073126142597 0.9954769736842105 0.03473491773308958 0.009046052631578948
0 0.5982632541133455 0.8351151315789473 0.029250457038391225 0.02138157894736842
1 0.8551188299817185 0.6763980263157895 0.026508226691042046 0.019736842105263157
1 0.629798903107861 0.796875 0.031078610603290677 0.02055921052631579
0 0.2006398537477148 0.6439144736842105 0.01736745886654479 0.014802631578947368
0 0.21115173674588666 0.6332236842105263 0.01736745886654479 0.017269736842105265
0 0.6371115173674589 0.8396381578947368 0.0283363802559415 0.02138157894736842
0 0.20155393053016454 0.9321546052631579 0.02010968921389397 0.015625
0 0.6444241316270567 0.5904605263157895 0.02102376599634369 0.017269736842105265
0 0.7449725776965265 0.7339638157894737 0.02010968921389397 0.017269736842105265
1 0.2312614259597806 0.8976151315789473 0.029250457038391225 0.018092105263157895
0 0.4757769652650823 0.49054276315789475 0.02010968921389397 0.018092105263157895
1 0.6709323583180987 0.7701480263157895 0.025594149908592323 0.018914473684210526
0 0.7010968921389397 0.7240953947368421 0.02102376599634369 0.015625
1 0.8176416819012797 0.6615953947368421 0.024680073126142597 0.018092105263157895
1 0.2659963436928702 0.9802631578947368 0.0283363802559415 0.02138157894736842
0 0.6352833638025595 0.7520559210526315 0.019195612431444242 0.017269736842105265
0 0.7330895795246801 0.7421875 0.02102376599634369 0.01644736842105263
