1 0.8583180987202925 0.17804276315789475 0.037477148080438755 0.027960526315789474
1 0.9209323583180987 0.17639802631578946 0.033820840950639856 0.02631578947368421
1 0.5607861060329068 0.19284539473684212 0.031992687385740404 0.027138157894736843
0 0.5795246800731262 0.20394736842105263 0.029250457038391225 0.023848684210526317
1 0.9360146252285192 0.203125 0.029250457038391225 0.029605263157894735
1 0.9117915904936015 0.2109375 0.037477148080438755 0.03289473684210526
1 0.8386654478976234 0.15666118421052633 0.033820840950639856 0.029605263157894735
1 0.9497257769652651 0.17598684210526316 0.0283363802559415 0.027960526315789474
1 0.7061243144424132 0.14720394736842105 0.025594149908592323 0.023848684210526317
1 0.926416819012797 0.15419407894736842 0.03290676416819013 0.02631578947368421
0 0.5607861060329068 0.2138157894736842 0.022851919561243144 0.02055921052631579
1 0.8925959780621572 0.17722039473684212 0.022851919561243144 0.023848684210526317
