1 0.5557586837294333 0.05098684210526316 0.0283363802559415 0.02549342105263158
1 0.9881170018281535 0.5180921052631579 0.02376599634369287 0.027138157894736843
1 0.4351005484460695 0.02055921052631579 0.029250457038391225 0.023848684210526317
1 0.04021937842778794 0.20106907894736842 0.029250457038391225 0.024671052631578948
1 0.45429616087751373 0.36883223684210525 0.03016453382084095 0.028782894736842105
1 0.14122486288848263 0.03618421052631579 0.02376599634369287 0.02055921052631579
1 0.9657221206581352 0.0859375 0.033820840950639856 0.028782894736842105
1 0.9351005484460695 0.07401315789473684 0.0356489945155393 0.029605263157894735
1 0.12522851919561243 0.05057565789473684 0.02376599634369287 0.02055921052631579
1 0.376599634369287 0.30098684210526316 0.031992687385740404 0.02631578947368421
1 0.7125228519195612 0.42269736842105265 0.033820840950639856 0.028782894736842105
1 0.613345521023766 0.08922697368421052 0.022851919561243144 0.018914473684210526
1 0.7810786106032906 0.21340460526315788 0.037477148080438755 0.03453947368421053
1 0.8724862888482633 0.2800164473684211 0.025594149908592323 0.022203947368421052
1 0.2362888482632541 0.24547697368421054 0.024680073126142597 0.022203947368421052
1 0.26142595978062155 0.3881578947368421 0.031078610603290677 0.027960526315789474
1 0.486745886654479 0.2602796052631579 0.0283363802559415 0.02631578947368421
1 0.6695612431444241 0.38980263157894735 0.03290676416819013 0.028782894736842105
1 0.8085009140767825 0.5217927631578947 0.033820840950639856 0.027138157894736843
1 0.42321755027422303 0.15172697368421054 0.029250457038391225 0.023026315789473683
1 0.5187385740402194 0.18215460526315788 0.027422303473491772 0.024671052631578948
1 0.353290676416819 0.25287828947368424 0.031078610603290677 0.027138157894736843
1 0.4287020109689214 0.13199013157894737 0.027422303473491772 0.023026315789473683
1 0.8148994515539305 0.4017269736842105 0.0356489945155393 0.027138157894736843
1 0.22074954296160879 0.40254934210526316 0.027422303473491772 0.023848684210526317
1 0.7472577696526508 0.2372532894736842 0.037477148080438755 0.032072368421052634
1 0.32678244972577697 0.15871710526315788 0.026508226691042046 0.02631578947368421
1 0.7006398537477148 0.34991776315789475 0.04204753199268738 0.03042763157894737
1 0.5411334552102377 0.14514802631578946 0.029250457038391225 0.023026315789473683
1 0.5818098720292505 0.4152960526315789 0.024680073126142597 0.024671052631578948
1 0.31444241316270566 0.006578947368421052 0.027422303473491772 0.013157894736842105
1 0.533363802559415 0.054276315789473686 0.029250457038391225 0.02549342105263158
1 0.025137111517367458 0.22203947368421054 0.033820840950639856 0.03125
1 0.7851919561243145 0.7286184210526315 0.029250457038391225 0.02549342105263158
1 0.17641681901279707 0.006167763157894737 0.022851919561243144 0.012335526315789474
1 0.9159049360146252 0.5275493421052632 0.03016453382084095 0.02549342105263158
1 0.19881170018281535 0.4009046052631579 0.02376599634369287 0.023026315789473683
1 0.3446069469835466 0.4675164473684211 0.03290676416819013 0.027960526315789474
1 0.22577696526508226 0.38116776315789475 0.029250457038391225 0.023848684210526317
1 0.6055758683729433 0.3573190789473684 0.03016453382084095 0.02549342105263158
1 0.9689213893967094 0.30304276315789475 0.029250457038391225 0.027960526315789474
1 0.4264168190127971 0.1118421052631579 0.0283363802559415 0.023026315789473683
1 0.5118829981718465 0.24753289473684212 0.0283363802559415 0.024671052631578948
1 0.42550274223034734 0.47738486842105265 0.031078610603290677 0.02631578947368421
1 0.8094149908592322 0.7351973684210527 0.0283363802559415 0.023848684210526317
1 0.8957952468007313 0.2824835526315789 0.026508226691042046 0.02631578947368421
1 0.043875685557586835 0.28741776315789475 0.026508226691042046 0.024671052631578948
1 0.7870201096892139 0.5078125 0.0283363802559415 0.024671052631578948
1 0.2760511882998172 0.4839638157894737 0.02376599634369287 0.023848684210526317
1 0.8647166361974405 0.16776315789473684 0.0283363802559415 0.02138157894736842
1 0.8071297989031079 0.24917763157894737 0.031078610603290677 0.028782894736842105
1 0.803473491773309 0.20353618421052633 0.03473491773308958 0.032072368421052634
1 0.6389396709323584 0.6480263157894737 0.0283363802559415 0.02549342105263158
1 0.40493601462522855 0.514391447368421 0.03016453382084095 0.024671052631578948
1 0.4218464351005484 0.17228618421052633 0.0283363802559415 0.023848684210526317
1 0.5022851919561243 0.07154605263157894 0.022851919561243144 0.018092105263157895
1 0.012340036563071298 0.5452302631578947 0.024680073126142597 0.02549342105263158
1 0.7061243144424132 0.2504111842105263 0.0356489945155393 0.03289473684210526
1 0.9894881170018281 0.3104440789473684 0.02102376599634369 0.027960526315789474
1 0.7079524680073126 0.44695723684210525 0.0283363802559415 0.02138157894736842
1 0.260054844606947 0.005756578947368421 0.025594149908592323 0.011513157894736841
0 0.3702010968921389 0.011924342105263159 0.025594149908592323 0.022203947368421052
1 0.010054844606946984 0.5694901315789473 0.019195612431444242 0.02549342105263158
1 0.9003656307129799 0.798108552631579 0.033820840950639856 0.033717105263157895
1 0.646709323583181 0.4498355263157895 0.0283363802559415 0.029605263157894735
0 0.21572212065813529 0.24136513157894737 0.022851919561243144 0.02055921052631579
1 0.7221206581352834 0.2754934210526316 0.031078610603290677 0.027960526315789474
1 0.5936928702010968 0.5744243421052632 0.027422303473491772 0.023026315789473683
1 0.8711151736745887 0.2138157894736842 0.031078610603290677 0.02138157894736842
1 0.10603290676416818 0.14679276315789475 0.022851919561243144 0.02138157894736842
1 0.5315356489945156 0.23601973684210525 0.02376599634369287 0.02138157894736842
0 0.3423217550274223 0.015213815789473685 0.027422303473491772 0.018914473684210526
1 0.6718464351005484 0.45805921052631576 0.031992687385740404 0.03125
1 0.7463436928702011 0.2668585526315789 0.031992687385740404 0.03125
1 0.973491773308958 0.5333059210526315 0.027422303473491772 0.022203947368421052
1 0.45612431444241314 0.13610197368421054 0.027422303473491772 0.023848684210526317
1 0.8770566727605119 0.7627467105263158 0.031992687385740404 0.027138157894736843
1 0.5991773308957953 0.5526315789473685 0.025594149908592323 0.023026315789473683
1 0.7170932358318098 0.5016447368421053 0.026508226691042046 0.019736842105263157
1 0.011882998171846435 0.5912828947368421 0.021937842778793418 0.019736842105263157
1 0.5027422303473492 0.1689967105263158 0.027422303473491772 0.023026315789473683
1 0.41224862888482633 0.05180921052631579 0.029250457038391225 0.023026315789473683
1 0.9922303473491774 0.2002467105263158 0.015539305301645339 0.02631578947368421
1 0.3944241316270567 0.0912828947368421 0.025594149908592323 0.023026315789473683
1 0.8889396709323584 0.20353618421052633 0.024680073126142597 0.022203947368421052
1 0.7189213893967094 0.22327302631578946 0.031078610603290677 0.028782894736842105
1 0.10786106032906764 0.0069901315789473685 0.022851919561243144 0.013980263157894737
1 0.6837294332723949 0.49629934210526316 0.029250457038391225 0.02549342105263158
1 0.5342778793418648 0.25699013157894735 0.025594149908592323 0.023848684210526317
1 0.9040219378427788 0.46463815789473684 0.02376599634369287 0.018092105263157895
1 0.5415904936014625 0.1825657894736842 0.027422303473491772 0.02631578947368421
1 0.7755941499085923 0.7771381578947368 0.024680073126142597 0.027138157894736843
1 0.14442413162705667 0.3482730263157895 0.029250457038391225 0.028782894736842105
1 0.779707495429616 0.24383223684210525 0.029250457038391225 0.024671052631578948
1 0.8784277879341865 0.14144736842105263 0.031078610603290677 0.022203947368421052
1 0.4483546617915905 0.16940789473684212 0.029250457038391225 0.02549342105263158
1 0.48811700182815354 0.0834703947368421 0.02010968921389397 0.02055921052631579
1 0.4739488117001828 0.20189144736842105 0.02376599634369287 0.022203947368421052
1 0.8523765996343693 0.756578947368421 0.027422303473491772 0.024671052631578948
1 0.4693784277879342 0.08470394736842106 0.021937842778793418 0.02055921052631579
1 0.7042961608775137 0.5209703947368421 0.025594149908592323 0.024671052631578948
1 0.6796160877513712 0.6459703947368421 0.025594149908592323 0.023026315789473683
1 0.39945155393053017 0.49300986842105265 0.0283363802559415 0.02138157894736842
0 0.706581352833638 0.48355263157894735 0.024680073126142597 0.023848684210526317
1 0.21846435100548445 0.5127467105263158 0.026508226691042046 0.022203947368421052
1 0.7979890310786106 0.7828947368421053 0.03016453382084095 0.028782894736842105
1 0.8747714808043876 0.7874177631578947 0.027422303473491772 0.027138157894736843
1 0.9373857404021938 0.5287828947368421 0.02376599634369287 0.02549342105263158
1 0.5278793418647166 0.21463815789473684 0.027422303473491772 0.019736842105263157
1 0.42321755027422303 0.1953125 0.027422303473491772 0.027960526315789474
1 0.33775137111517367 0.17804276315789475 0.027422303473491772 0.023026315789473683
1 0.5178244972577697 0.14309210526315788 0.02102376599634369 0.02138157894736842
1 0.666819012797075 0.6595394736842105 0.03016453382084095 0.029605263157894735
1 0.22212065813528337 0.5320723684210527 0.026508226691042046 0.022203947368421052
1 0.8624314442413162 0.26480263157894735 0.021937842778793418 0.018092105263157895
1 0.3546617915904936 0.16817434210526316 0.025594149908592323 0.02138157894736842
1 0.8281535648994516 0.45024671052631576 0.022851919561243144 0.019736842105263157
1 0.8628884826325411 0.19120065789473684 0.03290676416819013 0.027138157894736843
1 0.5438756855575868 0.4074835526315789 0.02376599634369287 0.022203947368421052
1 0.7330895795246801 0.21134868421052633 0.029250457038391225 0.02138157894736842
1 0.1773308957952468 0.3470394736842105 0.026508226691042046 0.023848684210526317
1 0.5027422303473492 0.20106907894736842 0.022851919561243144 0.02138157894736842
1 0.07586837294332724 0.11266447368421052 0.026508226691042046 0.023026315789473683
1 0.5114259597806216 0.2680921052631579 0.026508226691042046 0.019736842105263157
0 0.43921389396709326 0.08963815789473684 0.025594149908592323 0.02055921052631579
1 0.4689213893967093 0.061677631578947366 0.02102376599634369 0.015625
1 0.34963436928702013 0.1328125 0.02102376599634369 0.019736842105263157
1 0.1526508226691042 0.4115953947368421 0.0283363802559415 0.024671052631578948
1 0.44881170018281535 0.1513157894736842 0.024680073126142597 0.018092105263157895
1 0.8107861060329068 0.44449013157894735 0.02102376599634369 0.015625
1 0.4396709323583181 0.18996710526315788 0.026508226691042046 0.023848684210526317
1 0.7106946983546618 0.46463815789473684 0.02376599634369287 0.017269736842105265
1 0.21937842778793418 0.26151315789473684 0.026508226691042046 0.023026315789473683
1 0.4012797074954296 0.11430921052631579 0.025594149908592323 0.02138157894736842
1 0.36837294332723947 0.43585526315789475 0.03290676416819013 0.027138157894736843
1 0.6901279707495429 0.31661184210526316 0.026508226691042046 0.02138157894736842
1 0.25914076782449724 0.4769736842105263 0.02376599634369287 0.023848684210526317
0 0.4945155393053016 0.22080592105263158 0.022851919561243144 0.018914473684210526
0 0.9675502742230347 0.25370065789473684 0.029250457038391225 0.023026315789473683
1 0.8546617915904936 0.15460526315789475 0.024680073126142597 0.02055921052631579
1 0.3071297989031079 0.3425164473684211 0.031078610603290677 0.028782894736842105
1 0.3596892138939671 0.4095394736842105 0.026508226691042046 0.024671052631578948
0 0.7015539305301646 0.3285361842105263 0.024680073126142597 0.018914473684210526
1 0.5287934186471663 0.19983552631578946 0.027422303473491772 0.018092105263157895
1 0.9008226691042047 0.4551809210526316 0.02376599634369287 0.01644736842105263
1 0.4693784277879342 0.16940789473684212 0.021937842778793418 0.024671052631578948
1 0.773308957952468 0.26480263157894735 0.029250457038391225 0.027960526315789474
1 0.2463436928702011 0.2738486842105263 0.029250457038391225 0.019736842105263157
0 0.1010054844606947 0.2845394736842105 0.027422303473491772 0.022203947368421052
1 0.8861974405850092 0.7314967105263158 0.03016453382084095 0.02631578947368421
0 0.9145338208409507 0.7450657894736842 0.022851919561243144 0.02055921052631579
1 0.44972577696526506 0.20353618421052633 0.024680073126142597 0.018914473684210526
1 0.909963436928702 0.7787828947368421 0.029250457038391225 0.02631578947368421
1 0.8272394881170019 0.5464638157894737 0.025594149908592323 0.023026315789473683
1 0.6581352833638026 0.5349506578947368 0.025594149908592323 0.022203947368421052
1 0.08135283363802559 0.007401315789473684 0.03016453382084095 0.014802631578947368
0 0.5680987202925045 0.5678453947368421 0.027422303473491772 0.02631578947368421
0 0.9926873857404022 0.2902960526315789 0.014625228519195612 0.018914473684210526
1 0.5173674588665448 0.2816611842105263 0.022851919561243144 0.018914473684210526
0 0.047989031078610606 0.14391447368421054 0.027422303473491772 0.024671052631578948
1 0.09369287020109689 0.011513157894736841 0.025594149908592323 0.022203947368421052
1 0.5361060329067642 0.16324013157894737 0.0283363802559415 0.019736842105263157
1 0.24314442413162707 0.5279605263157895 0.021937842778793418 0.019736842105263157
0 0.729890310786106 0.48355263157894735 0.026508226691042046 0.024671052631578948
0 0.573126142595978 0.5283717105263158 0.025594149908592323 0.02055921052631579
0 0.9675502742230347 0.515625 0.02102376599634369 0.018092105263157895
1 0.6846435100548446 0.5259046052631579 0.02102376599634369 0.02138157894736842
1 0.1723034734917733 0.32442434210526316 0.024680073126142597 0.019736842105263157
1 0.823126142595978 0.78125 0.027422303473491772 0.02631578947368421
0 0.4977148080438757 0.3046875 0.022851919561243144 0.018092105263157895
1 0.8135283363802559 0.553453947368421 0.0283363802559415 0.02631578947368421
1 0.49817184643510054 0.2808388157894737 0.024680073126142597 0.019736842105263157
1 0.7870201096892139 0.7574013157894737 0.025594149908592323 0.02138157894736842
0 0.4629798903107861 0.18996710526315788 0.02376599634369287 0.02138157894736842
0 0.930073126142596 0.14226973684210525 0.0283363802559415 0.027138157894736843
1 0.12157221206581353 0.03618421052631579 0.021937842778793418 0.017269736842105265
1 0.8158135283363802 0.46175986842105265 0.022851919561243144 0.02055921052631579
0 0.09414990859232175 0.0912828947368421 0.026508226691042046 0.022203947368421052
1 0.36608775137111516 0.06866776315789473 0.019195612431444242 0.018092105263157895
0 0.3569469835466179 0.027960526315789474 0.024680073126142597 0.019736842105263157
0 0.07221206581352833 0.15254934210526316 0.027422303473491772 0.02631578947368421
1 0.08957952468007313 0.6439144736842105 0.021937842778793418 0.02138157894736842
0 0.8843692870201096 0.17845394736842105 0.022851919561243144 0.018092105263157895
0 0.5141681901279708 0.22697368421052633 0.021937842778793418 0.017269736842105265
1 0.8409506398537477 0.5493421052631579 0.02376599634369287 0.023026315789473683
0 0.24817184643510054 0.2611019736842105 0.0283363802559415 0.023026315789473683
1 0.9072212065813529 0.5094572368421053 0.022851919561243144 0.018092105263157895
0 0.03290676416819013 0.5571546052631579 0.019195612431444242 0.019736842105263157
1 0.6457952468007313 0.6907894736842105 0.03016453382084095 0.027138157894736843
1 0.9319012797074955 0.7833059210526315 0.025594149908592323 0.032072368421052634
0 0.19241316270566727 0.01069078947368421 0.024680073126142597 0.02055921052631579
1 0.8546617915904936 0.576891447368421 0.016453382084095063 0.015625
1 0.4945155393053016 0.23601973684210525 0.02376599634369287 0.018092105263157895
1 0.8884826325411335 0.4720394736842105 0.016453382084095063 0.01644736842105263
1 0.5603290676416819 0.41817434210526316 0.024680073126142597 0.023848684210526317
1 0.1960694698354662 0.3503289473684211 0.021937842778793418 0.019736842105263157
1 0.35283363802559414 0.005345394736842105 0.024680073126142597 0.01069078947368421
