1 0.08592321755027423 0.9851973684210527 0.03290676416819013 0.023848684210526317
1 0.43144424131627057 0.7380756578947368 0.031078610603290677 0.02549342105263158
1 0.30118829981718465 0.15953947368421054 0.03473491773308958 0.028782894736842105
1 0.9794332723948812 0.04235197368421053 0.04113345521023766 0.03536184210526316
1 0.03656307129798903 0.8523848684210527 0.0356489945155393 0.029605263157894735
1 0.2449725776965265 0.22327302631578946 0.0356489945155393 0.03042763157894737
1 0.03473491773308958 0.9790296052631579 0.03473491773308958 0.027960526315789474
1 0.5283363802559415 0.39226973684210525 0.038391224862888484 0.03042763157894737
1 0.876599634369287 0.19777960526315788 0.050274223034734916 0.038651315789473686
1 0.226691042047532 0.046052631578947366 0.031078610603290677 0.029605263157894735
1 0.3336380255941499 0.5707236842105263 0.031078610603290677 0.02549342105263158
1 0.8025594149908593 0.8589638157894737 0.03290676416819013 0.02549342105263158
1 0.4876599634369287 0.8474506578947368 0.0356489945155393 0.028782894736842105
1 0.13756855575868374 0.44120065789473684 0.027422303473491772 0.023848684210526317
1 0.2376599634369287 0.8240131578947368 0.031992687385740404 0.02549342105263158
1 0.49954296160877515 0.6097861842105263 0.03473491773308958 0.027138157894736843
1 0.6101462522851919 0.27960526315789475 0.03656307129798903 0.027138157894736843
1 0.9159049360146252 0.6069078947368421 0.02376599634369287 0.02055921052631579
1 0.9428702010968921 0.5004111842105263 0.03290676416819013 0.02549342105263158
1 0.44652650822669104 0.6138980263157895 0.033820840950639856 0.028782894736842105
1 0.12385740402193784 0.8601973684210527 0.03016453382084095 0.028782894736842105
1 0.2979890310786106 0.2964638157894737 0.0283363802559415 0.023848684210526317
1 0.46115173674588666 0.5119243421052632 0.03656307129798903 0.028782894736842105
1 0.6489945155393053 0.6229440789473685 0.031992687385740404 0.02549342105263158
1 0.8240402193784278 0.8560855263157895 0.024680073126142597 0.022203947368421052
1 0.19469835466179158 0.3581414473684211 0.0283363802559415 0.023848684210526317
1 0.7559414990859232 0.6134868421052632 0.029250457038391225 0.02631578947368421
1 0.9003656307129799 0.1796875 0.04021937842778794 0.03453947368421053
1 0.6384826325411335 0.34210526315789475 0.0283363802559415 0.023848684210526317
1 0.37705667276051186 0.9457236842105263 0.027422303473491772 0.02055921052631579
1 0.5991773308957953 0.9942434210526315 0.03016453382084095 0.011513157894736841
1 0.2020109689213894 0.036595394736842105 0.029250457038391225 0.029605263157894735
1 0.5118829981718465 0.41488486842105265 0.038391224862888484 0.027138157894736843
1 0.13254113345521024 0.8963815789473685 0.03290676416819013 0.03042763157894737
1 0.14396709323583182 0.22203947368421054 0.033820840950639856 0.028782894736842105
1 0.3226691042047532 0.32195723684210525 0.027422303473491772 0.024671052631578948
1 0.16681901279707495 0.19449013157894737 0.0283363802559415 0.023848684210526317
1 0.34963436928702013 0.3104440789473684 0.03290676416819013 0.027960526315789474
1 0.6256855575868373 0.9946546052631579 0.027422303473491772 0.01069078947368421
1 0.43007312614259596 0.6414473684210527 0.031992687385740404 0.028782894736842105
1 0.3139853747714808 0.8244243421052632 0.027422303473491772 0.023848684210526317
1 0.8939670932358318 0.6073190789473685 0.02376599634369287 0.022203947368421052
1 0.3642595978062157 0.04564144736842105 0.03016453382084095 0.024671052631578948
1 0.4172760511882998 0.8445723684210527 0.022851919561243144 0.019736842105263157
1 0.2253199268738574 0.37911184210526316 0.029250457038391225 0.02549342105263158
1 0.08318098720292505 0.40337171052631576 0.031078610603290677 0.02631578947368421
1 0.75 0.8392269736842105 0.03016453382084095 0.02549342105263158
1 0.09872029250457039 0.6348684210526315 0.033820840950639856 0.024671052631578948
1 0.056672760511883 0.8741776315789473 0.031078610603290677 0.027138157894736843
1 0.5123400365630713 0.9329769736842105 0.026508226691042046 0.02055921052631579
1 0.7746800731261426 0.6484375 0.031078610603290677 0.027960526315789474
1 0.10603290676416818 0.8326480263157895 0.03290676416819013 0.027138157894736843
1 0.5840950639853748 0.8363486842105263 0.031078610603290677 0.023848684210526317
1 0.670018281535649 0.3503289473684211 0.0283363802559415 0.02138157894736842
1 0.44744058500914075 0.8334703947368421 0.02376599634369287 0.019736842105263157
1 0.14716636197440586 0.9300986842105263 0.033820840950639856 0.023848684210526317
1 0.06444241316270567 0.38199013157894735 0.03290676416819013 0.027138157894736843
1 0.10786106032906764 0.9083059210526315 0.031078610603290677 0.024671052631578948
1 0.5822669104204753 0.46381578947368424 0.026508226691042046 0.022203947368421052
1 0.966636197440585 0.48930921052631576 0.029250457038391225 0.02549342105263158
1 0.25274223034734916 0.03782894736842105 0.031078610603290677 0.027960526315789474
1 0.47714808043875684 0.6463815789473685 0.03016453382084095 0.03042763157894737
0 0.556672760511883 0.4642269736842105 0.025594149908592323 0.022203947368421052
1 0.35191956124314444 0.20888157894736842 0.022851919561243144 0.018914473684210526
1 0.5662705667276051 0.3717105263157895 0.033820840950639856 0.02631578947368421
0 0.9826325411334552 0.07236842105263158 0.033820840950639856 0.03042763157894737
0 0.7513711151736746 0.1768092105263158 0.03930530164533821 0.032072368421052634
0 0.5662705667276051 0.6377467105263158 0.021937842778793418 0.019736842105263157
1 0.5850091407678245 0.9202302631578947 0.027422303473491772 0.023026315789473683
1 0.45658135283363804 0.6517269736842105 0.033820840950639856 0.03289473684210526
0 0.5338208409506399 0.649671052631579 0.027422303473491772 0.02138157894736842
1 0.2020109689213894 0.38651315789473684 0.029250457038391225 0.024671052631578948
0 0.06489945155393052 0.8252467105263158 0.026508226691042046 0.02138157894736842
1 0.8354661791590493 0.4753289473684211 0.029250457038391225 0.023848684210526317
0 0.9149908592321755 0.12458881578947369 0.03656307129798903 0.028782894736842105
0 0.9506398537477148 0.07236842105263158 0.03656307129798903 0.03042763157894737
1 0.4803473491773309 0.25616776315789475 0.033820840950639856 0.028782894736842105
1 0.54981718464351 0.8297697368421053 0.024680073126142597 0.02138157894736842
1 0.5580438756855576 0.4342105263157895 0.029250457038391225 0.02549342105263158
1 0.7084095063985375 0.27754934210526316 0.025594149908592323 0.02138157894736842
1 0.6887568555758684 0.34539473684210525 0.025594149908592323 0.019736842105263157
0 0.9282449725776966 0.09375 0.038391224862888484 0.03042763157894737
1 0.7856489945155393 0.8203125 0.031992687385740404 0.024671052631578948
1 0.5310786106032906 0.4350328947368421 0.03016453382084095 0.02631578947368421
0 0.7810786106032906 0.16241776315789475 0.04113345521023766 0.029605263157894735
1 0.5246800731261426 0.5653782894736842 0.021937842778793418 0.02055921052631579
1 0.8606032906764168 0.22203947368421054 0.03930530164533821 0.029605263157894735
0 0.9858318098720292 0.15296052631578946 0.0283363802559415 0.03289473684210526
1 0.01736745886654479 0.6739309210526315 0.019195612431444242 0.018092105263157895
0 0.8729433272394881 0.45148026315789475 0.026508226691042046 0.02138157894736842
0 0.4273308957952468 0.828125 0.02102376599634369 0.018092105263157895
1 0.2609689213893967 0.01644736842105263 0.03016453382084095 0.023848684210526317
1 0.13939670932358317 0.20353618421052633 0.027422303473491772 0.019736842105263157
0 0.010054844606946984 0.0703125 0.02010968921389397 0.019736842105263157
1 0.9255027422303473 0.5945723684210527 0.02102376599634369 0.017269736842105265
0 0.8775137111517367 0.12705592105263158 0.04113345521023766 0.03453947368421053
1 0.41042047531992687 0.35238486842105265 0.029250457038391225 0.02631578947368421
1 0.840036563071298 0.4379111842105263 0.031078610603290677 0.02055921052631579
1 0.6745886654478976 0.8359375 0.022851919561243144 0.017269736842105265
0 0.7198354661791591 0.865953947368421 0.026508226691042046 0.02138157894736842
1 0.21937842778793418 0.36348684210526316 0.024680073126142597 0.018914473684210526
1 0.8423217550274223 0.6673519736842105 0.03290676416819013 0.023848684210526317
1 0.44012797074954296 0.3203125 0.031078610603290677 0.023848684210526317
0 0.8043875685557587 0.17557565789473684 0.031078610603290677 0.02549342105263158
1 0.8606032906764168 0.6447368421052632 0.0283363802559415 0.023026315789473683
1 0.5351919561243145 0.46792763157894735 0.027422303473491772 0.024671052631578948
1 0.9122486288848263 0.921875 0.027422303473491772 0.018914473684210526
1 0.673217550274223 0.8523848684210527 0.021937842778793418 0.018092105263157895
1 0.6211151736745887 0.7726151315789473 0.025594149908592323 0.018914473684210526
0 0.5287934186471663 0.6714638157894737 0.0283363802559415 0.022203947368421052
0 0.9410420475319927 0.13980263157894737 0.03473491773308958 0.029605263157894735
1 0.3720292504570384 0.8482730263157895 0.021937842778793418 0.018092105263157895
0 0.9789762340036563 0.09827302631578948 0.0356489945155393 0.029605263157894735
1 0.49177330895795246 0.38980263157894735 0.03016453382084095 0.02631578947368421
0 0.8921389396709324 0.09046052631578948 0.033820840950639856 0.023848684210526317
1 0.7225776965265083 0.6241776315789473 0.022851919561243144 0.02055921052631579
0 0.2719378427787934 0.09786184210526316 0.025594149908592323 0.022203947368421052
1 0.08318098720292505 0.7870065789473685 0.022851919561243144 0.018092105263157895
1 0.8583180987202925 0.8252467105263158 0.02376599634369287 0.018914473684210526
1 0.453382084095064 0.9276315789473685 0.02102376599634369 0.017269736842105265
1 0.09414990859232175 0.4921875 0.015539305301645339 0.01644736842105263
1 0.803016453382084 0.6299342105263158 0.029250457038391225 0.02549342105263158
1 0.5973491773308958 0.7454769736842105 0.026508226691042046 0.019736842105263157
1 0.3263254113345521 0.3034539473684211 0.021937842778793418 0.018092105263157895
0 0.5155393053016454 0.6365131578947368 0.02376599634369287 0.02138157894736842
0 0.013711151736745886 0.05304276315789474 0.021937842778793418 0.018092105263157895
1 0.7344606946983546 0.9958881578947368 0.0283363802559415 0.008223684210526315
1 0.5050274223034735 0.4457236842105263 0.029250457038391225 0.027138157894736843
1 0.8414076782449725 0.890625 0.02376599634369287 0.018092105263157895
0 0.2426873857404022 0.15748355263157895 0.02102376599634369 0.02055921052631579
1 0.5041133455210237 0.962171052631579 0.021937842778793418 0.019736842105263157
1 0.7650822669104205 0.24876644736842105 0.037477148080438755 0.032072368421052634
0 0.5790676416819013 0.6624177631578947 0.024680073126142597 0.019736842105263157
1 0.37751371115173676 0.25164473684210525 0.029250457038391225 0.023848684210526317
1 0.30118829981718465 0.31866776315789475 0.0283363802559415 0.024671052631578948
1 0.9044789762340036 0.592516447368421 0.022851919561243144 0.018914473684210526
0 0.970292504570384 0.9136513157894737 0.03016453382084095 0.02055921052631579
1 0.08272394881170018 0.6895559210526315 0.02010968921389397 0.01644736842105263
0 0.909963436928702 0.84375 0.022851919561243144 0.015625
1 0.6124314442413162 0.5867598684210527 0.029250457038391225 0.02055921052631579
0 0.47212065813528337 0.6196546052631579 0.026508226691042046 0.02138157894736842
1 0.6124314442413162 0.7553453947368421 0.018281535648994516 0.017269736842105265
1 0.8441499085923218 0.873766447368421 0.02376599634369287 0.018092105263157895
1 0.7838208409506399 0.618421052631579 0.022851919561243144 0.019736842105263157
1 0.803473491773309 0.6389802631578947 0.031992687385740404 0.029605263157894735
1 0.16316270566727606 0.4457236842105263 0.022851919561243144 0.023848684210526317
1 0.8208409506398537 0.8963815789473685 0.026508226691042046 0.017269736842105265
0 0.7970749542961609 0.19860197368421054 0.0356489945155393 0.02549342105263158
1 0.3372943327239488 0.7479440789473685 0.01736745886654479 0.013980263157894737
1 0.45658135283363804 0.28824013157894735 0.03016453382084095 0.024671052631578948
0 0.8377513711151737 0.41776315789473684 0.026508226691042046 0.02055921052631579
1 0.5356489945155393 0.8573190789473685 0.02376599634369287 0.018092105263157895
0 0.5886654478976234 0.35567434210526316 0.026508226691042046 0.02055921052631579
1 0.7815356489945156 0.765625 0.024680073126142597 0.023026315789473683
1 0.31581352833638027 0.5834703947368421 0.025594149908592323 0.022203947368421052
0 0.5237659963436929 0.6089638157894737 0.02010968921389397 0.018092105263157895
1 0.010968921389396709 0.6743421052631579 0.02102376599634369 0.019736842105263157
0 0.9803473491773309 0.5645559210526315 0.021937842778793418 0.018092105263157895
1 0.873400365630713 0.5933388157894737 0.019195612431444242 0.017269736842105265
1 0.021937842778793418 0.7467105263157895 0.018281535648994516 0.017269736842105265
1 0.17870201096892138 0.0069901315789473685 0.03016453382084095 0.013980263157894737
0 0.856489945155393 0.12171052631578948 0.031992687385740404 0.03042763157894737
0 0.9716636197440585 0.9498355263157895 0.021937842778793418 0.019736842105263157
0 0.21709323583180987 0.8087993421052632 0.027422303473491772 0.02138157894736842
1 0.9186471663619744 0.31414473684210525 0.027422303473491772 0.02138157894736842
1 0.5292504570383912 0.7430098684210527 0.024680073126142597 0.022203947368421052
0 0.9931444241316271 0.9523026315789473 0.013711151736745886 0.018914473684210526
1 0.9899451553930531 0.8071546052631579 0.02010968921389397 0.027138157894736843
1 0.08592321755027423 0.8638980263157895 0.026508226691042046 0.02631578947368421
1 0.9931444241316271 0.30879934210526316 0.013711151736745886 0.03125
1 0.9076782449725777 0.8618421052631579 0.026508226691042046 0.019736842105263157
1 0.5959780621572212 0.5653782894736842 0.03290676416819013 0.02549342105263158
1 0.3843692870201097 0.9930098684210527 0.03290676416819013 0.013980263157894737
1 0.48491773308957953 0.774671052631579 0.02102376599634369 0.015625
1 0.0283363802559415 0.7372532894736842 0.01736745886654479 0.013157894736842105
1 0.19012797074954296 0.6747532894736842 0.02376599634369287 0.024671052631578948
1 0.8720292504570384 0.8351151315789473 0.02376599634369287 0.018092105263157895
1 0.42321755027422303 0.18955592105263158 0.022851919561243144 0.017269736842105265
0 0.876599634369287 0.4300986842105263 0.027422303473491772 0.02055921052631579
1 0.720292504570384 0.31085526315789475 0.02376599634369287 0.018914473684210526
1 0.011425959780621572 0.7689144736842105 0.016453382084095063 0.01644736842105263
1 0.37157221206581353 0.9683388157894737 0.02102376599634369 0.013980263157894737
1 0.44972577696526506 0.34210526315789475 0.02102376599634369 0.018914473684210526
0 0.7193784277879341 0.6932565789473685 0.024680073126142597 0.018092105263157895
1 0.7458866544789763 0.7964638157894737 0.02102376599634369 0.017269736842105265
0 0.2687385740402194 0.17516447368421054 0.029250457038391225 0.027138157894736843
