1 0.6833333333333333 0.46811702925731435 0.043333333333333335 0.03600900225056264
1 0.47333333333333333 0.7321830457614403 0.035 0.03150787696924231
1 0.5416666666666666 0.8259564891222806 0.035833333333333335 0.03375843960990248
1 0.2525 0.768192048012003 0.035833333333333335 0.03600900225056264
1 0.9556166666666667 0.9539084771192797 0.03185833333333333 0.027704426106526632
1 0.9833333333333333 0.9362340585146287 0.03333333333333333 0.03825956489122281
1 0.5270833333333333 0.8698424606151538 0.03916666666666667 0.03075768942235559
1 0.58375 0.3353338334583646 0.04583333333333333 0.04051012753188297
1 0.13958333333333334 0.6054013503375844 0.03916666666666667 0.03675918979744936
0 0.5029166666666667 0.8552138034508627 0.03166666666666667 0.028507126781695424
1 0.9466666666666667 0.931357839459865 0.035833333333333335 0.03075768942235559
1 0.27208333333333334 0.7906976744186046 0.04583333333333333 0.035258814703675916
1 0.4504166666666667 0.714178544636159 0.03916666666666667 0.028507126781695424
1 0.50875 0.81807951987997 0.0375 0.030007501875468866
1 0.6983333333333334 0.8413353338334584 0.04416666666666667 0.03375843960990248
1 0.2386 0.4250187546886721 0.043008333333333336 0.029257314328582147
1 0.23875 0.40172543135783945 0.043333333333333335 0.035258814703675916
1 0.7129166666666666 0.8192048012003 0.04083333333333333 0.035258814703675916
1 0.20208333333333334 0.4260690172543136 0.038650000000000004 0.027149287321830456
1 0.20541666666666666 0.4032258064516129 0.03166666666666667 0.0345086271567892
1 0.77875 0.17479369842460615 0.04666666666666667 0.0345086271567892
1 0.955 0.35596399099774945 0.06166666666666667 0.03975993998499625
1 0.9741666666666666 0.6129032258064516 0.041666666666666664 0.0277569392348087
1 0.21875 0.691297824456114 0.035 0.025506376594148537
1 0.8175 0.16691672918229558 0.041666666666666664 0.035258814703675916
1 0.6595833333333333 0.7794448612153039 0.03833333333333333 0.0345086271567892
1 0.5004166666666666 0.6365341335333834 0.041666666666666664 0.0345086271567892
1 0.33125 0.8270817704426107 0.0325 0.030007501875468866
1 0.7320833333333333 0.7408102025506377 0.034166666666666665 0.035258814703675916
1 0.235 0.373218304576144 0.03666666666666667 0.029257314328582147
0 0.9645833333333333 0.16016504126031508 0.034166666666666665 0.02700675168792198
1 0.7208333333333333 0.1609152288072018 0.029166666666666667 0.02700675168792198
1 0.8570833333333333 0.5480120030007501 0.035833333333333335 0.024756189047261814
1 0.3591666666666667 0.04688672168042011 0.049166666666666664 0.035258814703675916
1 0.44583333333333336 0.7351837959489872 0.030833333333333334 0.025506376594148537
1 0.75875 0.5922730682670667 0.03166666666666667 0.02700675168792198
1 0.39 0.01687921980495124 0.035833333333333335 0.033008252063015754
1 0.6666666666666666 0.32895723930982745 0.02666666666666667 0.025506376594148537
1 0.7041666666666667 0.49024756189047264 0.04083333333333333 0.028507126781695424
1 0.96625 0.19617404351087772 0.029166666666666667 0.024006001500375095
1 0.3104166666666667 0.0345086271567892 0.04 0.035258814703675916
0 0.5191666666666667 0.8375843960990248 0.0275 0.02250562640660165
1 0.21916666666666668 0.37696924231057766 0.02666666666666667 0.024756189047261814
1 0.06625 0.05438859714928732 0.0425 0.04126031507876969
1 0.7079166666666666 0.7299324831207802 0.030833333333333334 0.03225806451612903
1 0.32458333333333333 0.037509377344336084 0.06833333333333333 0.04276069017254314
0 0.09900833333333334 0.04396099024756189 0.027583333333333335 0.01738934733683421
0 0.12179166666666667 0.03525131282820705 0.023216666666666667 0.016826706676669165
1 0.11859166666666666 0.025416354088522133 0.0371 0.019639909977494374
1 0.12333333333333334 0.00900225056264066 0.03833333333333333 0.01800450112528132
0 0.5595833333333333 0.3192048012003001 0.03666666666666667 0.03150787696924231
0 0.545 0.37396849212303074 0.028333333333333332 0.02175543885971493
1 0.36625 0.8293323330832708 0.03166666666666667 0.024006001500375095
1 0.3625 0.015753938484621154 0.030833333333333334 0.03150787696924231
1 0.11094166666666666 0.387794448612153 0.03741666666666667 0.04191297824456114
0 0.14098333333333335 0.04417104276069017 0.021025000000000002 0.019212303075768943
1 0.9619333333333333 0.31565641410352585 0.06635833333333332 0.04656414103525881
1 0.8475499999999999 0.45909977494373594 0.04670833333333333 0.03279819954988747
0 0.8292083333333333 0.5450037509377345 0.02720833333333333 0.014936234058514629
0 0.8313166666666667 0.5331357839459865 0.03298333333333333 0.015078769692423107
0 0.6925833333333333 0.881912978244561 0.028625 0.025618904726181543
