1 0.44881170018281535 0.12417763157894737 0.044789762340036565 0.03700657894736842
1 0.8071297989031079 0.022203947368421052 0.04936014625228519 0.03536184210526316
1 0.476691042047532 0.05756578947368421 0.050274223034734916 0.04111842105263158
1 0.7445155393053017 0.06455592105263158 0.054844606946983544 0.039473684210526314
1 0.04204753199268738 0.09539473684210527 0.05393053016453382 0.04194078947368421
1 0.443327239488117 0.14802631578947367 0.04661791590493602 0.02631578947368421
1 0.629798903107861 0.08675986842105263 0.03290676416819013 0.02631578947368421
1 0.7317184643510055 0.19325657894736842 0.031078610603290677 0.02549342105263158
1 0.8098720292504571 0.05057565789473684 0.051188299817184646 0.03536184210526316
1 0.41773308957952465 0.11101973684210527 0.0356489945155393 0.03125
1 0.7308043875685558 0.04358552631578947 0.04296160877513711 0.028782894736842105
1 0.4163619744058501 0.13692434210526316 0.0283363802559415 0.02631578947368421
1 0.7111517367458866 0.20970394736842105 0.03016453382084095 0.022203947368421052
1 0.5187385740402194 0.05838815789473684 0.044789762340036565 0.03453947368421053
0 0.7070383912248629 0.18914473684210525 0.025594149908592323 0.018914473684210526
1 0.7801645338208409 0.046463815789473686 0.031992687385740404 0.03289473684210526
1 0.20338208409506398 0.3980263157894737 0.022851919561243144 0.01644736842105263
