1 0.5991666666666666 0.4898724681170293 0.035 0.024756189047261814
1 0.84125 0.46774193548387094 0.035 0.02625656414103526
1 0.7908333333333334 0.046136534133533386 0.04083333333333333 0.03150787696924231
1 0.84875 0.025506376594148537 0.04416666666666667 0.03375843960990248
0 0.7166666666666667 0.2633158289572393 0.035833333333333335 0.03075768942235559
0 0.74 0.24268567141785446 0.03916666666666667 0.03150787696924231
0 0.7754166666666666 0.08664666166541636 0.03916666666666667 0.03150787696924231
0 0.9195833333333333 0.49474868717179293 0.03333333333333333 0.0277569392348087
1 0.87 0.007126781695423856 0.04833333333333333 0.014253563390847712
0 0.94125 0.2843210802700675 0.03833333333333333 0.02250562640660165
0 0.8933333333333333 0.4782445611402851 0.03666666666666667 0.0277569392348087
0 0.9675 0.32333083270817703 0.03 0.029257314328582147
0 0.63625 0.495873968492123 0.0325 0.02625656414103526
1 0.9216666666666666 0.047636909227306824 0.034166666666666665 0.029257314328582147
0 0.8683333333333333 0.45911477869467365 0.02666666666666667 0.024006001500375095
1 0.9175 0.02175543885971493 0.03666666666666667 0.0277569392348087
1 0.8175 0.4857464366091523 0.020833333333333332 0.016504126031507877
0 0.9425 0.3015753938484621 0.03833333333333333 0.0277569392348087
0 0.5933333333333334 0.463615903975994 0.03833333333333333 0.02625656414103526
1 0.81375 0.07501875468867217 0.0425 0.0345086271567892
0 0.7391666666666666 0.21680420105026257 0.028333333333333332 0.02250562640660165
1 0.7323500000000001 0.05154538634658664 0.046766666666666665 0.044103525881470367
0 0.7389916666666666 0.08589647411852963 0.03544166666666667 0.026909227306826704
0 0.74625 0.0603900975243811 0.03 0.02625656414103526
0 0.76625 0.05888972243060765 0.025 0.024006001500375095
1 0.8666666666666667 0.5348837209302325 0.02666666666666667 0.020255063765941484
1 0.7154 0.4706901725431357 0.04008333333333333 0.033555888972243056
1 0.6826166666666666 0.47231807951988 0.039308333333333334 0.027494373593398347
0 0.8681833333333333 0.07918229557389347 0.03206666666666667 0.03097524381095274
1 0.8922833333333333 0.09236309077269318 0.03361666666666667 0.03167291822955739
