1 0.6354166666666666 0.6774193548387096 0.06916666666666667 0.06301575393848462
1 0.6791666666666667 0.6867966991747937 0.0525 0.05776444111027757
1 0.8833333333333333 0.7014253563390848 0.04416666666666667 0.042010502625656414
1 0.6791666666666667 0.586271567891973 0.04583333333333333 0.05326331582895724
1 0.6095833333333334 0.5705176294073518 0.0675 0.05326331582895724
1 0.7575 0.427231807951988 0.0325 0.02625656414103526
1 0.455 0.5536384096024006 0.06916666666666667 0.05326331582895724
1 0.7579166666666667 0.4426106526631658 0.051666666666666666 0.03675918979744936
1 0.7129166666666666 0.5176294073518379 0.04583333333333333 0.03675918979744936
1 0.77 0.4763690922730683 0.03333333333333333 0.025506376594148537
1 0.9 0.7190547636909227 0.0275 0.029257314328582147
1 0.5566666666666666 0.5795198799699925 0.04833333333333333 0.056264066016504126
0 0.5014083333333333 0.34381095273818457 0.04924166666666667 0.044711177794448616
1 0.816475 0.5015378844711178 0.055933333333333335 0.05056264066016505
1 0.7735083333333334 0.547396849212303 0.06203333333333333 0.03947486871717929
1 0.5242416666666667 0.49900225056264064 0.036975 0.030525131282820705
1 0.5897166666666667 0.5254463615903976 0.03818333333333333 0.03750187546886722
