1 0.9081352833638026 0.5320723684210527 0.03473491773308958 0.032072368421052634
1 0.8857404021937842 0.5542763157894737 0.03473491773308958 0.032072368421052634
1 0.8011882998171846 0.5892269736842105 0.03016453382084095 0.02631578947368421
1 0.8807129798903108 0.59375 0.03016453382084095 0.02631578947368421
1 0.8660877513711152 0.6167763157894737 0.03290676416819013 0.03042763157894737
1 0.9378427787934186 0.576891447368421 0.03290676416819013 0.03125
1 0.7056672760511883 0.9930098684210527 0.0356489945155393 0.013980263157894737
1 0.04570383912248629 0.8355263157894737 0.031078610603290677 0.027960526315789474
1 0.6553930530164533 0.9917763157894737 0.0356489945155393 0.01644736842105263
1 0.893510054844607 0.6348684210526315 0.033820840950639856 0.027138157894736843
1 0.8884826325411335 0.7302631578947368 0.03016453382084095 0.024671052631578948
1 0.9392138939670932 0.5390625 0.03016453382084095 0.028782894736842105
1 0.48491773308957953 0.9551809210526315 0.0283363802559415 0.023026315789473683
1 0.5 0.969983552631579 0.029250457038391225 0.023026315789473683
1 0.8363802559414991 0.8079769736842105 0.03290676416819013 0.02549342105263158
1 0.0370201096892139 0.8116776315789473 0.03290676416819013 0.023026315789473683
1 0.296617915904936 0.9580592105263158 0.029250457038391225 0.024671052631578948
1 0.7618829981718465 0.6188322368421053 0.02376599634369287 0.02138157894736842
0 0.7778793418647166 0.5740131578947368 0.026508226691042046 0.023026315789473683
0 0.9881170018281535 0.9148848684210527 0.02376599634369287 0.032072368421052634
1 0.9040219378427788 0.6052631578947368 0.025594149908592323 0.02138157894736842
1 0.9008226691042047 0.5760690789473685 0.022851919561243144 0.02631578947368421
1 0.34095063985374774 0.8692434210526315 0.027422303473491772 0.023848684210526317
1 0.2646252285191956 0.9757401315789473 0.033820840950639856 0.02549342105263158
1 0.021937842778793418 0.7541118421052632 0.027422303473491772 0.023848684210526317
1 0.2915904936014625 0.9428453947368421 0.02376599634369287 0.015625
1 0.09689213893967093 0.7191611842105263 0.024680073126142597 0.019736842105263157
