0 0.9730347349177331 0.9872532894736842 0.02010968921389397 0.01644736842105263
1 0.9872029250457038 0.8922697368421053 0.025594149908592323 0.022203947368421052
1 0.3162705667276051 0.39432565789473684 0.03930530164533821 0.03289473684210526
1 0.20475319926873858 0.977796052631579 0.03473491773308958 0.032072368421052634
0 0.26371115173674586 0.984375 0.031078610603290677 0.02631578947368421
1 0.8203839122486288 0.33881578947368424 0.031078610603290677 0.027138157894736843
1 0.9478976234003657 0.6381578947368421 0.025594149908592323 0.024671052631578948
1 0.2842778793418647 0.7952302631578947 0.04570383912248629 0.03700657894736842
1 0.3510054844606947 0.4037828947368421 0.03473491773308958 0.027960526315789474
0 0.9885740402193784 0.9342105263157895 0.022851919561243144 0.018914473684210526
1 0.46526508226691043 0.9864309210526315 0.03473491773308958 0.027138157894736843
1 0.2303473491773309 0.8976151315789473 0.03016453382084095 0.02631578947368421
1 0.20018281535648993 0.9025493421052632 0.0283363802559415 0.023848684210526317
1 0.9250457038391224 0.9481907894736842 0.026508226691042046 0.02055921052631579
1 0.3313528336380256 0.4239309210526316 0.04113345521023766 0.029605263157894735
1 0.21572212065813529 0.9321546052631579 0.037477148080438755 0.02631578947368421
1 0.970292504570384 0.6422697368421053 0.02376599634369287 0.022203947368421052
0 0.9908592321755028 0.9535361842105263 0.018281535648994516 0.017269736842105265
1 0.2829067641681901 0.9839638157894737 0.021937842778793418 0.02631578947368421
1 0.23583180987202926 0.9679276315789473 0.03656307129798903 0.03125
1 0.4913162705667276 0.985608552631579 0.0283363802559415 0.027138157894736843
1 0.8487202925045704 0.9395559210526315 0.02376599634369287 0.02138157894736842
1 0.2952468007312614 0.4165296052631579 0.03473491773308958 0.03289473684210526
0 0.9510968921389397 0.984375 0.02102376599634369 0.018092105263157895
0 0.26828153564899454 0.9642269736842105 0.027422303473491772 0.02055921052631579
1 0.2202925045703839 0.9144736842105263 0.0283363802559415 0.019736842105263157
1 0.3130712979890311 0.9354440789473685 0.03656307129798903 0.028782894736842105
1 0.6188299817184644 0.84375 0.027422303473491772 0.02055921052631579
0 0.9680073126142597 0.9708059210526315 0.022851919561243144 0.018914473684210526
1 0.6736745886654479 0.4584703947368421 0.029250457038391225 0.023848684210526317
1 0.2783363802559415 0.9288651315789473 0.04204753199268738 0.029605263157894735
0 0.21069469835466179 0.8807565789473685 0.025594149908592323 0.02055921052631579
0 0.6316270566727605 0.6912006578947368 0.025594149908592323 0.02055921052631579
0 0.9159049360146252 0.9728618421052632 0.02010968921389397 0.018092105263157895
0 0.4616087751371115 0.9617598684210527 0.033820840950639856 0.02549342105263158
0 0.23720292504570384 0.9905427631578947 0.029250457038391225 0.018914473684210526
0 0.8884826325411335 0.9930098684210527 0.01736745886654479 0.013157894736842105
1 0.12157221206581353 0.3363486842105263 0.027422303473491772 0.02055921052631579
0 0.9881170018281535 0.9272203947368421 0.02376599634369287 0.015625
0 0.22440585009140768 0.9502467105263158 0.03016453382084095 0.018914473684210526
0 0.8994515539305301 0.9695723684210527 0.02102376599634369 0.017269736842105265
