1 0.12797074954296161 0.41694078947368424 0.044789762340036565 0.03618421052631579
1 0.17413162705667276 0.8577302631578947 0.04204753199268738 0.03125
1 0.05758683729433273 0.6319901315789473 0.03656307129798903 0.027138157894736843
1 0.013254113345521023 0.12541118421052633 0.026508226691042046 0.024671052631578948
1 0.47760511882998175 0.740953947368421 0.0283363802559415 0.023026315789473683
1 0.04021937842778794 0.06949013157894737 0.0283363802559415 0.022203947368421052
1 0.1503656307129799 0.84375 0.03930530164533821 0.03125
1 0.7810786106032906 0.25411184210526316 0.031992687385740404 0.024671052631578948
1 0.09872029250457039 0.13486842105263158 0.033820840950639856 0.028782894736842105
1 0.6819012797074955 0.9189967105263158 0.0356489945155393 0.029605263157894735
1 0.24314442413162707 0.6118421052631579 0.026508226691042046 0.02055921052631579
1 0.04661791590493602 0.9054276315789473 0.03290676416819013 0.023848684210526317
1 0.3030164533820841 0.5896381578947368 0.0283363802559415 0.02055921052631579
1 0.6448446069469835 0.6553782894736843 0.029250457038391225 0.023848684210526317
1 0.4186471663619744 0.6521381578947368 0.03656307129798903 0.027138157894736843
1 0.7187385740402193 0.9150411184210526 0.038391224862888484 0.029605263157894735
1 0.40493601462522855 0.6509046052631579 0.022851919561243144 0.022203947368421052
1 0.508528336380256 0.6768832236842105 0.029241316270566725 0.027886513157894734
1 0.5707404021937843 0.6374671052631579 0.03392138939670932 0.02555921052631579
