1 0.5604166666666667 0.7955738934733684 0.0675 0.058514628657164294
1 0.37583333333333335 0.8713428357089272 0.0475 0.04126031507876969
1 0.6195833333333334 0.8098274568642161 0.055 0.047261815453863466
1 0.05541666666666667 0.10690172543135784 0.051666666666666666 0.04126031507876969
1 0.08291666666666667 0.2243060765191298 0.043333333333333335 0.03600900225056264
1 0.3475 0.8402100525131283 0.04583333333333333 0.03975993998499625
1 0.7425 0.9156039009752438 0.06 0.05026256564141035
1 0.21041666666666667 0.16729182295573894 0.0475 0.04051012753188297
1 0.5066666666666667 0.09152288072018004 0.043333333333333335 0.037509377344336084
1 0.62125 0.10315078769692423 0.03833333333333333 0.04051012753188297
1 0.3516666666666667 0.2010502625656414 0.03833333333333333 0.03825956489122281
1 0.5416666666666666 0.7498124531132783 0.0675 0.04426106526631658
1 0.5925 0.1110277569392348 0.04416666666666667 0.035258814703675916
1 0.8433333333333334 0.9617404351087772 0.0625 0.05701425356339085
1 0.79 0.9411102775693924 0.05416666666666667 0.04576144036009002
1 0.39 0.459489872468117 0.056666666666666664 0.0450112528132033
1 0.5525 0.07539384846211553 0.043333333333333335 0.03375843960990248
1 0.11 0.2558139534883721 0.049166666666666664 0.04351087771942986
1 0.2783333333333333 0.5292573143285821 0.059166666666666666 0.051762940735183796
1 0.40625 0.49624906226556637 0.056666666666666664 0.04276069017254314
1 0.5333333333333333 0.05476369092273068 0.041666666666666664 0.03150787696924231
1 0.5341666666666667 0.8357089272318079 0.056666666666666664 0.04576144036009002
0 0.6591666666666667 0.9193548387096774 0.050833333333333335 0.03825956489122281
0 0.8025 0.8619654913728432 0.04666666666666667 0.035258814703675916
1 0.7875 0.986496624156039 0.04666666666666667 0.02700675168792198
1 0.39875 0.2220555138784696 0.0425 0.035258814703675916
1 0.60875 0.7633158289572393 0.056666666666666664 0.04801200300075019
0 0.8416666666666667 0.9141035258814704 0.04666666666666667 0.03975993998499625
0 0.6595833333333333 0.9534883720930233 0.0475 0.03975993998499625
1 0.5929166666666666 0.9921230307576894 0.05333333333333334 0.015753938484621154
1 0.30625 0.21717929482370593 0.04666666666666667 0.04426106526631658
0 0.8125 0.4373593398349587 0.05333333333333334 0.03975993998499625
1 0.5154166666666666 0.7925731432858214 0.0475 0.04876219054763691
1 0.165 0.2243060765191298 0.0425 0.03675918979744936
1 0.7425 0.959489872468117 0.05416666666666667 0.04576144036009002
1 0.46416666666666667 0.09227306826706677 0.041666666666666664 0.03600900225056264
0 0.014166666666666666 0.06789197299324831 0.028333333333333332 0.04276069017254314
0 0.6170833333333333 0.9118529632408102 0.045 0.03900975243810953
1 0.10166666666666667 0.06301575393848462 0.04083333333333333 0.03150787696924231
0 0.14708333333333334 0.5716429107276819 0.03666666666666667 0.03075768942235559
0 0.69 0.9774943735933983 0.043333333333333335 0.03600900225056264
1 0.09416666666666666 0.35671417854463616 0.049166666666666664 0.03375843960990248
0 0.5825 0.9302325581395349 0.04583333333333333 0.03825956489122281
1 0.8779166666666667 0.9208552138034508 0.043333333333333335 0.04351087771942986
1 0.07833333333333334 0.08177044261065267 0.043333333333333335 0.04126031507876969
0 0.3829166666666667 0.39572393098274566 0.04666666666666667 0.035258814703675916
1 0.43583333333333335 0.17891972993248312 0.045 0.0345086271567892
0 0.17 0.5525131282820706 0.03333333333333333 0.03075768942235559
1 0.37583333333333335 0.24606151537884471 0.0425 0.03675918979744936
0 0.65 0.9838709677419355 0.04416666666666667 0.03150787696924231
1 0.14833333333333334 0.245311327831958 0.041666666666666664 0.03600900225056264
0 0.87625 0.9868717179294824 0.050833333333333335 0.02625656414103526
0 0.7708333333333334 0.8818454613653414 0.045 0.03600900225056264
1 0.35833333333333334 0.43698424606151537 0.05333333333333334 0.04426106526631658
1 0.11674999999999999 0.09597149287321831 0.049166666666666664 0.03975993998499625
1 0.56375 0.9827456864216054 0.05583333333333333 0.03375843960990248
1 0.4658333333333333 0.4332333083270818 0.056666666666666664 0.05026256564141035
0 0.59125 0.08177044261065267 0.03166666666666667 0.025506376594148537
0 0.13208333333333333 0.20555138784696175 0.04083333333333333 0.033008252063015754
0 0.585 0.7063015753938484 0.045 0.04126031507876969
1 0.17833333333333334 0.19392348087021755 0.04833333333333333 0.035258814703675916
0 0.545 0.653788447111778 0.04666666666666667 0.037509377344336084
1 0.5854166666666667 0.1369092273068267 0.04666666666666667 0.0277569392348087
0 0.8445833333333334 0.48612153038259565 0.035833333333333335 0.030007501875468866
0 0.5479166666666667 0.6894223555888972 0.04583333333333333 0.03825956489122281
1 0.22708333333333333 0.22618154538634658 0.034166666666666665 0.03825956489122281
0 0.35875 0.9234808702175544 0.03833333333333333 0.028507126781695424
0 0.7325 0.8717179294823706 0.03916666666666667 0.033008252063015754
0 0.6004166666666667 0.6594148537134283 0.04833333333333333 0.03825956489122281
0 0.5458333333333333 0.9403600900225056 0.03916666666666667 0.0345086271567892
1 0.3045833333333333 0.2479369842460615 0.03916666666666667 0.033008252063015754
0 0.32708333333333334 0.872093023255814 0.03916666666666667 0.03375843960990248
1 0.38458333333333333 0.1905476369092273 0.03333333333333333 0.02625656414103526
0 0.3408333333333333 0.2355588897224306 0.03666666666666667 0.033008252063015754
0 0.41833333333333333 0.41410352588147037 0.0475 0.035258814703675916
0 0.24458333333333335 0.4722430607651913 0.0425 0.03675918979744936
0 0.8120833333333334 0.5007501875468867 0.04583333333333333 0.03150787696924231
1 0.6133333333333333 0.8469617404351087 0.05 0.03600900225056264
0 0.18208333333333335 0.586271567891973 0.03833333333333333 0.03075768942235559
0 0.204625 0.560787696924231 0.033683333333333336 0.031192798199549888
0 0.23059166666666664 0.5512003000750187 0.0381 0.03856714178544636
0 0.22916666666666666 0.5195048762190547 0.0375 0.03375843960990248
0 0.7920833333333334 0.4662415603900975 0.04 0.030007501875468866
0 0.5795833333333333 0.6372843210802701 0.0475 0.03075768942235559
0 0.75125 0.8083270817704427 0.035 0.025506376594148537
0 0.29375 0.1811702925731433 0.03666666666666667 0.02625656414103526
0 0.7020833333333333 0.859714928732183 0.04 0.03375843960990248
1 0.11833333333333333 0.336834208552138 0.03833333333333333 0.030007501875468866
1 0.64625 0.10502625656414104 0.025 0.02700675168792198
1 0.8941666666666667 0.9632408102025506 0.049166666666666664 0.04351087771942986
0 0.44708333333333333 0.47074268567141786 0.043333333333333335 0.0345086271567892
1 0.25416666666666665 0.20667666916729183 0.04 0.033008252063015754
0 0.4008333333333333 0.16541635408852212 0.03833333333333333 0.028507126781695424
0 0.20916666666666667 0.48499624906226557 0.034166666666666665 0.02700675168792198
0 0.6229166666666667 0.6901725431357839 0.0425 0.0345086271567892
0 0.5445833333333333 0.1072768192048012 0.0425 0.033008252063015754
0 0.825 0.9898724681170292 0.0525 0.020255063765941484
0 0.14291666666666666 0.6039009752438109 0.0325 0.025506376594148537
0 0.44083333333333335 0.440735183795949 0.03833333333333333 0.030007501875468866
0 0.34505 0.8029932483120781 0.0327 0.027336834208552135
0 0.36666666666666664 0.785821455363841 0.034166666666666665 0.0277569392348087
0 0.275 0.4951237809452363 0.03833333333333333 0.025506376594148537
0 0.75875 0.8267066766691673 0.04833333333333333 0.03150787696924231
0 0.395 0.7959489872468117 0.0325 0.030007501875468866
0 0.058333333333333334 0.2479369842460615 0.03833333333333333 0.03600900225056264
0 0.2654166666666667 0.5645161290322581 0.035833333333333335 0.02625656414103526
0 0.41583333333333333 0.38559639909977494 0.0375 0.02700675168792198
1 0.015 0.22693173293323332 0.02666666666666667 0.035258814703675916
0 0.6958333333333333 0.9433608402100525 0.041666666666666664 0.03825956489122281
1 0.30125 0.5453863465866466 0.03666666666666667 0.03900975243810953
0 0.5004166666666666 0.061890472618154536 0.028333333333333332 0.025506376594148537
1 0.14708333333333334 0.5453863465866466 0.0275 0.023255813953488372
0 0.7929166666666667 0.8312078019504876 0.03333333333333333 0.029257314328582147
0 0.35791666666666666 0.9009752438109527 0.034166666666666665 0.024006001500375095
1 0.4741666666666667 0.05476369092273068 0.03333333333333333 0.021005251312828207
0 0.9595833333333333 0.43548387096774194 0.043333333333333335 0.03225806451612903
0 0.26839166666666664 0.4702625656414104 0.02666666666666667 0.02625656414103526
0 0.22321666666666667 0.5006901725431357 0.03974166666666667 0.02162040510127532
0 0.5320916666666666 0.885596399099775 0.034825 0.04062265566391598
0 0.5675666666666667 0.9009377344336085 0.03859166666666667 0.02999249812453113
0 0.641375 0.8757164291072768 0.033825 0.03560390097524381
0 0.9010833333333333 0.40900975243810955 0.037083333333333336 0.03003000750187547
