1 0.5379341864716636 0.3157894736842105 0.038391224862888484 0.032072368421052634
1 0.1156307129798903 0.08922697368421052 0.026508226691042046 0.02138157894736842
1 0.7061243144424132 0.01850328947368421 0.04021937842778794 0.03453947368421053
1 0.43555758683729434 0.09662828947368421 0.031078610603290677 0.02549342105263158
1 0.10831809872029251 0.9736842105263158 0.033820840950639856 0.027960526315789474
1 0.5155393053016454 0.9872532894736842 0.04021937842778794 0.02549342105263158
1 0.1425959780621572 0.11554276315789473 0.031992687385740404 0.02549342105263158
1 0.583180987202925 0.30838815789473684 0.037477148080438755 0.03125
1 0.903107861060329 0.18708881578947367 0.0283363802559415 0.022203947368421052
1 0.09049360146252285 0.3129111842105263 0.029250457038391225 0.02631578947368421
1 0.1773308957952468 0.9091282894736842 0.03016453382084095 0.028782894736842105
1 0.9282449725776966 0.3573190789473684 0.038391224862888484 0.03042763157894737
1 0.12020109689213894 0.953125 0.03290676416819013 0.024671052631578948
1 0.47303473491773307 0.9399671052631579 0.03656307129798903 0.028782894736842105
1 0.5648994515539305 0.3326480263157895 0.03656307129798903 0.029605263157894735
1 0.8276965265082267 0.32976973684210525 0.03016453382084095 0.024671052631578948
1 0.726691042047532 0.15625 0.021937842778793418 0.02138157894736842
1 0.5251371115173674 0.7767269736842105 0.044789762340036565 0.03536184210526316
1 0.1489945155393053 0.735608552631579 0.0283363802559415 0.024671052631578948
1 0.7358318098720292 0.2611019736842105 0.03016453382084095 0.027138157894736843
1 0.3139853747714808 0.9946546052631579 0.033820840950639856 0.01069078947368421
1 0.22257769652650822 0.2520559210526316 0.026508226691042046 0.022203947368421052
1 0.04204753199268738 0.2800164473684211 0.044789762340036565 0.03618421052631579
1 0.09506398537477148 0.7676809210526315 0.027422303473491772 0.029605263157894735
1 0.47074954296160876 0.9642269736842105 0.033820840950639856 0.02631578947368421
1 0.7486288848263254 0.32976973684210525 0.024680073126142597 0.022203947368421052
1 0.24451553930530165 0.009046052631578948 0.029250457038391225 0.018092105263157895
1 0.8569469835466179 0.14967105263157895 0.025594149908592323 0.024671052631578948
1 0.8834552102376599 0.30633223684210525 0.038391224862888484 0.029605263157894735
1 0.16224862888482633 0.7545230263157895 0.029250457038391225 0.02549342105263158
1 0.30895795246800734 0.8610197368421053 0.027422303473491772 0.022203947368421052
1 0.026051188299817184 0.24835526315789475 0.04204753199268738 0.027960526315789474
1 0.9538391224862889 0.506578947368421 0.026508226691042046 0.018914473684210526
1 0.7591407678244972 0.2553453947368421 0.021937842778793418 0.02138157894736842
1 0.7641681901279708 0.14925986842105263 0.021937842778793418 0.018092105263157895
1 0.0712979890310786 0.9629934210526315 0.03016453382084095 0.029605263157894735
1 0.1489945155393053 0.13199013157894737 0.0283363802559415 0.02138157894736842
1 0.8487202925045704 0.17639802631578946 0.031992687385740404 0.02549342105263158
1 0.06581352833638025 0.21916118421052633 0.022851919561243144 0.02055921052631579
0 0.08409506398537477 0.967516447368421 0.02102376599634369 0.022203947368421052
1 0.9241316270566727 0.15625 0.03016453382084095 0.023026315789473683
1 0.19195612431444242 0.30386513157894735 0.029250457038391225 0.024671052631578948
1 0.08455210237659963 0.22245065789473684 0.027422303473491772 0.024671052631578948
1 0.047074954296160876 0.3227796052631579 0.024680073126142597 0.02631578947368421
1 0.06946983546617916 0.2421875 0.029250457038391225 0.02549342105263158
1 0.7413162705667276 0.020148026315789474 0.03656307129798903 0.03453947368421053
1 0.649908592321755 0.8297697368421053 0.03290676416819013 0.02631578947368421
1 0.06946983546617916 0.32524671052631576 0.0283363802559415 0.02549342105263158
1 0.062157221206581355 0.3034539473684211 0.027422303473491772 0.02138157894736842
1 0.6448811700182815 0.6225328947368421 0.025594149908592323 0.02055921052631579
0 0.6735831809872029 0.03155427631578947 0.03697440585009141 0.024358552631578947
0 0.673217550274223 0.009868421052631578 0.03290676416819013 0.019736842105263157
1 0.4913162705667276 0.13322368421052633 0.025594149908592323 0.027138157894736843
1 0.7454296160877514 0.3503289473684211 0.026508226691042046 0.023026315789473683
1 0.7728519195612431 0.16611842105263158 0.01736745886654479 0.018914473684210526
1 0.49817184643510054 0.7635690789473685 0.03290676416819013 0.029605263157894735
1 0.7207495429616088 0.9420230263157895 0.0283363802559415 0.019736842105263157
1 0.6540219378427788 0.14185855263157895 0.025594149908592323 0.02138157894736842
0 0.1636197440585009 0.9646381578947368 0.033820840950639856 0.027960526315789474
1 0.5393053016453382 0.7989309210526315 0.05210237659963437 0.03700657894736842
1 0.7335466179159049 0.17598684210526316 0.025594149908592323 0.022203947368421052
1 0.7957038391224863 0.3326480263157895 0.029250457038391225 0.027960526315789474
1 0.6701553930530164 0.3540953947368421 0.021535648994515537 0.023355263157894737
1 0.6892138939670932 0.3511513157894737 0.026508226691042046 0.023026315789473683
0 0.014625228519195612 0.4198190789473684 0.029250457038391225 0.027960526315789474
0 0.2042961608775137 0.9070723684210527 0.024680073126142597 0.02055921052631579
1 0.1896709323583181 0.8914473684210527 0.025594149908592323 0.02055921052631579
1 0.012340036563071298 0.32401315789473684 0.022851919561243144 0.027960526315789474
1 0.9236745886654479 0.5822368421052632 0.024680073126142597 0.018914473684210526
1 0.7714808043875686 0.3236019736842105 0.027422303473491772 0.024671052631578948
0 0.21755027422303475 0.8910361842105263 0.025594149908592323 0.022203947368421052
1 0.5338208409506399 0.6052631578947368 0.027422303473491772 0.023026315789473683
1 0.9195612431444241 0.5526315789473685 0.0283363802559415 0.018914473684210526
1 0.1010054844606947 0.9913651315789473 0.029250457038391225 0.017269736842105265
1 0.24177330895795246 0.25287828947368424 0.021937842778793418 0.022203947368421052
1 0.15447897623400367 0.9083059210526315 0.021937842778793418 0.019736842105263157
0 0.23537477148080438 0.8889802631578947 0.021937842778793418 0.019736842105263157
1 0.07586837294332724 0.9880756578947368 0.031078610603290677 0.023026315789473683
1 0.696526508226691 0.9305098684210527 0.027422303473491772 0.023848684210526317
1 0.9492687385740403 0.49136513157894735 0.021937842778793418 0.01644736842105263
1 0.15950639853747714 0.8877467105263158 0.025594149908592323 0.023026315789473683
0 0.2253199268738574 0.9037828947368421 0.024680073126142597 0.019736842105263157
1 0.7627970749542962 0.3449835526315789 0.02376599634369287 0.022203947368421052
0 0.18418647166361973 0.11924342105263158 0.02102376599634369 0.018092105263157895
1 0.806672760511883 0.7775493421052632 0.025594149908592323 0.015625
1 0.7856489945155393 0.3100328947368421 0.026508226691042046 0.019736842105263157
1 0.9922303473491774 0.7413651315789473 0.014625228519195612 0.027960526315789474
0 0.11974405850091407 0.9317434210526315 0.019195612431444242 0.017269736842105265
1 0.10740402193784278 0.23273026315789475 0.03016453382084095 0.02549342105263158
1 0.08318098720292505 0.29523026315789475 0.02010968921389397 0.01644736842105263
1 0.20155393053016454 0.2915296052631579 0.02376599634369287 0.018914473684210526
1 0.636654478976234 0.84375 0.03016453382084095 0.023848684210526317
1 0.8185557586837294 0.3490953947368421 0.03473491773308958 0.023026315789473683
1 0.6412248628884827 0.8359375 0.029250457038391225 0.02055921052631579
1 0.9844606946983546 0.5361842105263158 0.027422303473491772 0.023026315789473683
1 0.1183729433272395 0.11348684210526316 0.019195612431444242 0.017269736842105265
0 0.678382084095064 0.23199013157894738 0.01969835466179159 0.02174342105263158
0 0.6809872029250457 0.2138157894736842 0.022851919561243144 0.018914473684210526
0 0.5283363802559415 0.11677631578947369 0.02102376599634369 0.015625
0 0.6343692870201096 0.35649671052631576 0.022851919561243144 0.02138157894736842
1 0.17047531992687387 0.29851973684210525 0.02010968921389397 0.02138157894736842
0 0.1910420475319927 0.06537828947368421 0.01736745886654479 0.012335526315789474
1 0.7157221206581352 0.9247532894736842 0.025594149908592323 0.02055921052631579
1 0.7340036563071298 0.5004111842105263 0.026508226691042046 0.024671052631578948
1 0.3706581352833638 0.2080592105263158 0.02376599634369287 0.018092105263157895
1 0.5557586837294333 0.7680921052631579 0.04204753199268738 0.03289473684210526
1 0.2230347349177331 0.9177631578947368 0.027422303473491772 0.018914473684210526
0 0.6894698354661791 0.2270559210526316 0.016727605118829984 0.020098684210526317
0 0.8792961608775137 0.18285361842105263 0.018180987202925047 0.01805921052631579
0 0.8758043875685557 0.1719654605263158 0.02149908592321755 0.012713815789473684
0 0.6523948811700183 0.36262335526315786 0.021416819012797076 0.017804276315789472
0 0.6474771480804388 0.250485197368421 0.023016453382084096 0.021735197368421052
1 0.09364716636197441 0.26344572368421054 0.025548446069469835 0.022401315789473682
1 0.6317733089579525 0.2227302631578947 0.029049360146252288 0.027425986842105263
