1 0.5904936014625228 0.2668585526315789 0.02376599634369287 0.02055921052631579
1 0.9885740402193784 0.16241776315789475 0.022851919561243144 0.023848684210526317
1 0.8203839122486288 0.28824013157894735 0.03290676416819013 0.03125
1 0.17641681901279707 0.060032894736842105 0.029250457038391225 0.02631578947368421
1 0.40356489945155394 0.7323190789473685 0.033820840950639856 0.029605263157894735
1 0.9849177330895795 0.4309210526315789 0.026508226691042046 0.02631578947368421
1 0.5744972577696527 0.28207236842105265 0.0283363802559415 0.027138157894736843
1 0.4625228519195612 0.8486842105263158 0.038391224862888484 0.03042763157894737
1 0.19241316270566727 0.14967105263157895 0.03016453382084095 0.02549342105263158
1 0.8295246800731262 0.1846217105263158 0.024680073126142597 0.02055921052631579
1 0.4127056672760512 0.875 0.03930530164533821 0.033717105263157895
1 0.81672760511883 0.8125 0.02376599634369287 0.023026315789473683
1 0.7321755027422303 0.30879934210526316 0.031078610603290677 0.027960526315789474
1 0.007769652650822669 0.29194078947368424 0.015539305301645339 0.029605263157894735
1 0.23720292504570384 0.22697368421052633 0.0283363802559415 0.02549342105263158
1 0.17321755027422303 0.36101973684210525 0.025594149908592323 0.022203947368421052
1 0.21343692870201098 0.22203947368421054 0.025594149908592323 0.02138157894736842
1 0.8715722120658135 0.2557565789473684 0.026508226691042046 0.023848684210526317
1 0.6421389396709324 0.7351973684210527 0.031992687385740404 0.03125
1 0.8583180987202925 0.20065789473684212 0.0283363802559415 0.024671052631578948
1 0.7257769652650823 0.45148026315789475 0.025594149908592323 0.023848684210526317
1 0.6183729433272395 0.7282072368421053 0.026508226691042046 0.024671052631578948
1 0.9542961608775137 0.45476973684210525 0.0283363802559415 0.023848684210526317
1 0.26782449725776963 0.0912828947368421 0.03290676416819013 0.028782894736842105
1 0.9890310786106032 0.26480263157894735 0.021937842778793418 0.02631578947368421
1 0.95018281535649 0.011513157894736841 0.03016453382084095 0.023026315789473683
1 0.15310786106032906 0.057154605263157895 0.025594149908592323 0.02055921052631579
1 0.6695612431444241 0.27837171052631576 0.03016453382084095 0.027138157894736843
1 0.24680073126142596 0.6332236842105263 0.022851919561243144 0.018092105263157895
1 0.9675502742230347 0.15830592105263158 0.022851919561243144 0.022203947368421052
1 0.48720292504570384 0.34087171052631576 0.025594149908592323 0.02549342105263158
1 0.6348263254113345 0.16241776315789475 0.024680073126142597 0.019736842105263157
1 0.8601462522851919 0.5505756578947368 0.021937842778793418 0.02055921052631579
1 0.8957952468007313 0.11348684210526316 0.021937842778793418 0.019736842105263157
1 0.2362888482632541 0.17434210526315788 0.0283363802559415 0.024671052631578948
1 0.7509140767824497 0.17639802631578946 0.019195612431444242 0.018092105263157895
1 0.9597806215722121 0.4362664473684211 0.024680073126142597 0.022203947368421052
1 0.8354661791590493 0.1669407894736842 0.022851919561243144 0.019736842105263157
1 0.23994515539305303 0.756578947368421 0.02376599634369287 0.02055921052631579
1 0.9122486288848263 0.3729440789473684 0.021937842778793418 0.02055921052631579
1 0.7093235831809872 0.22203947368421054 0.026508226691042046 0.024671052631578948
1 0.5251371115173674 0.3301809210526316 0.03016453382084095 0.027960526315789474
1 0.8898537477148081 0.20271381578947367 0.02102376599634369 0.019736842105263157
1 0.6928702010968921 0.7438322368421053 0.033820840950639856 0.032072368421052634
1 0.5882084095063985 0.5801809210526315 0.026508226691042046 0.022203947368421052
1 0.48080438756855576 0.21875 0.02376599634369287 0.023026315789473683
1 0.2719378427787934 0.055509868421052634 0.029250457038391225 0.02055921052631579
1 0.8743144424131627 0.6019736842105263 0.0356489945155393 0.027960526315789474
1 0.35146252285191953 0.9235197368421053 0.03016453382084095 0.02549342105263158
1 0.1526508226691042 0.07853618421052631 0.029250457038391225 0.024671052631578948
1 0.8345521023765996 0.2701480263157895 0.025594149908592323 0.019736842105263157
1 0.6384826325411335 0.5760690789473685 0.021937842778793418 0.017269736842105265
1 0.5315356489945156 0.6089638157894737 0.02102376599634369 0.02055921052631579
1 0.008683729433272395 0.2294407894736842 0.01736745886654479 0.023848684210526317
1 0.3226691042047532 0.9654605263157895 0.03290676416819013 0.02549342105263158
1 0.9346435100548446 0.11595394736842106 0.029250457038391225 0.029605263157894735
1 0.6160877513711152 0.28741776315789475 0.02376599634369287 0.023848684210526317
1 0.5210237659963437 0.8947368421052632 0.031078610603290677 0.02549342105263158
1 0.9803473491773309 0.4087171052631579 0.022851919561243144 0.017269736842105265
1 0.2289762340036563 0.7783717105263158 0.021937842778793418 0.017269736842105265
1 0.8843692870201096 0.09868421052631579 0.02376599634369287 0.02055921052631579
1 0.9803473491773309 0.007401315789473684 0.03016453382084095 0.014802631578947368
1 0.873400365630713 0.5423519736842105 0.02102376599634369 0.018914473684210526
1 0.4926873857404022 0.9103618421052632 0.024680073126142597 0.02138157894736842
1 0.6005484460694699 0.2833059210526316 0.021937842778793418 0.018092105263157895
1 0.6924131627056673 0.2372532894736842 0.026508226691042046 0.023848684210526317
0 0.20795246800731262 0.774671052631579 0.018281535648994516 0.015625
1 0.5059414990859232 0.3412828947368421 0.024680073126142597 0.02549342105263158
1 0.6910420475319927 0.2746710526315789 0.02102376599634369 0.022203947368421052
1 0.9629798903107861 0.2582236842105263 0.025594149908592323 0.024671052631578948
1 0.7084095063985375 0.3203125 0.031078610603290677 0.02631578947368421
1 0.25594149908592323 0.6858552631578947 0.022851919561243144 0.018914473684210526
1 0.30255941499085925 0.15830592105263158 0.031078610603290677 0.027138157894736843
1 0.4140767824497258 0.7528782894736842 0.03473491773308958 0.02549342105263158
1 0.9657221206581352 0.6212993421052632 0.025594149908592323 0.022203947368421052
1 0.9876599634369287 0.9502467105263158 0.022851919561243144 0.022203947368421052
1 0.170018281535649 0.29851973684210525 0.021937842778793418 0.018914473684210526
1 0.9945155393053017 0.4564144736842105 0.010968921389396709 0.024671052631578948
0 0.6270566727605119 0.4691611842105263 0.027422303473491772 0.024671052631578948
1 0.5941499085923218 0.29523026315789475 0.02376599634369287 0.018092105263157895
0 0.653107861060329 0.9099506578947368 0.025594149908592323 0.02055921052631579
1 0.7760511882998172 0.20476973684210525 0.029250457038391225 0.022203947368421052
0 0.3610603290676417 0.7347861842105263 0.033820840950639856 0.02631578947368421
1 0.062157221206581355 0.1328125 0.024680073126142597 0.018914473684210526
1 0.2563985374771481 0.12129934210526316 0.025594149908592323 0.019736842105263157
1 0.8414076782449725 0.5476973684210527 0.02102376599634369 0.018914473684210526
1 0.6229433272394881 0.14761513157894737 0.02010968921389397 0.018092105263157895
0 0.6476234003656307 0.4745065789473684 0.019195612431444242 0.01644736842105263
1 0.6311700182815356 0.19490131578947367 0.018281535648994516 0.018092105263157895
1 0.5091407678244972 0.608141447368421 0.02376599634369287 0.022203947368421052
0 0.8628884826325411 0.579358552631579 0.0283363802559415 0.02138157894736842
1 0.9616087751371115 0.4708059210526316 0.02376599634369287 0.018092105263157895
1 0.926873857404022 0.27713815789473684 0.022851919561243144 0.02138157894736842
1 0.873400365630713 0.21710526315789475 0.027422303473491772 0.018914473684210526
1 0.38254113345521024 0.7528782894736842 0.033820840950639856 0.02138157894736842
1 0.7792504570383912 0.18832236842105263 0.02376599634369287 0.022203947368421052
1 0.9894881170018281 0.10978618421052631 0.02010968921389397 0.019736842105263157
1 0.5639853747714808 0.3301809210526316 0.026508226691042046 0.023848684210526317
1 0.5045703839122486 0.47162828947368424 0.02102376599634369 0.023026315789473683
1 0.9625228519195612 0.30304276315789475 0.024680073126142597 0.022203947368421052
1 0.7902193784277879 0.18873355263157895 0.026508226691042046 0.024671052631578948
1 0.726691042047532 0.15625 0.019195612431444242 0.017269736842105265
1 0.5169104204753199 0.4847861842105263 0.022851919561243144 0.02138157894736842
1 0.10831809872029251 0.6743421052631579 0.022851919561243144 0.02138157894736842
1 0.3793418647166362 0.6907894736842105 0.031992687385740404 0.024671052631578948
1 0.07175502742230347 0.5764802631578947 0.024680073126142597 0.022203947368421052
0 0.8519195612431444 0.623766447368421 0.021937842778793418 0.018092105263157895
1 0.011425959780621572 0.5448190789473685 0.021937842778793418 0.027138157894736843
1 0.2362888482632541 0.7306743421052632 0.025594149908592323 0.018914473684210526
1 0.28473491773308957 0.07689144736842106 0.029250457038391225 0.02549342105263158
1 0.7312614259597806 0.7775493421052632 0.02376599634369287 0.02055921052631579
0 0.45646252285191957 0.4500740131578947 0.017623400365630714 0.016570723684210524
1 0.47760511882998175 0.453125 0.025594149908592323 0.022203947368421052
1 0.04981718464351006 0.5859375 0.03016453382084095 0.024671052631578948
1 0.32952468007312613 0.6850328947368421 0.026508226691042046 0.024671052631578948
1 0.8606032906764168 0.23355263157894737 0.026508226691042046 0.023848684210526317
1 0.6329981718464351 0.5904605263157895 0.022851919561243144 0.01644736842105263
1 0.870201096892139 0.7150493421052632 0.03290676416819013 0.023848684210526317
0 0.8939670932358318 0.2590460526315789 0.02376599634369287 0.018092105263157895
1 0.6741316270566727 0.7713815789473685 0.021937842778793418 0.019736842105263157
1 0.7719378427787934 0.17064144736842105 0.024680073126142597 0.019736842105263157
1 0.3272394881170018 0.7545230263157895 0.022851919561243144 0.018092105263157895
1 0.9076782449725777 0.3519736842105263 0.02376599634369287 0.018092105263157895
0 0.8916819012797075 0.3803453947368421 0.02102376599634369 0.01644736842105263
1 0.8226691042047533 0.5411184210526315 0.021937842778793418 0.01644736842105263
1 0.007769652650822669 0.5785361842105263 0.012797074954296161 0.022203947368421052
1 0.4584095063985375 0.9950657894736842 0.03473491773308958 0.009868421052631578
1 0.896709323583181 0.27179276315789475 0.031992687385740404 0.02055921052631579
0 0.25411334552102377 0.14473684210526316 0.03290676416819013 0.02549342105263158
1 0.8382084095063985 0.6336348684210527 0.021937842778793418 0.014802631578947368
1 0.16270566727605118 0.3416940789473684 0.018281535648994516 0.017269736842105265
1 0.7148080438756855 0.46504934210526316 0.02010968921389397 0.017269736842105265
1 0.6636197440585009 0.7615131578947368 0.019195612431444242 0.01644736842105263
0 0.8418647166361974 0.011101973684210526 0.02102376599634369 0.02055921052631579
1 0.6106032906764168 0.5777138157894737 0.025594149908592323 0.023026315789473683
1 0.620201096892139 0.9103618421052632 0.022851919561243144 0.018914473684210526
0 0.36837294332723947 0.90625 0.024680073126142597 0.02055921052631579
1 0.18418647166361973 0.2902960526315789 0.02102376599634369 0.018092105263157895
1 0.1796160877513711 0.2450657894736842 0.026508226691042046 0.019736842105263157
1 0.226691042047532 0.803453947368421 0.016453382084095063 0.013980263157894737
0 0.8752285191956124 0.39226973684210525 0.02010968921389397 0.02138157894736842
1 0.8893967093235832 0.23643092105263158 0.03016453382084095 0.02549342105263158
1 0.3610603290676417 0.7051809210526315 0.024680073126142597 0.018914473684210526
0 0.8546617915904936 0.3120888157894737 0.02376599634369287 0.02055921052631579
0 0.9707495429616088 0.936266447368421 0.021937842778793418 0.022203947368421052
0 0.5210237659963437 0.46792763157894735 0.021937842778793418 0.018914473684210526
0 0.9840036563071298 0.46381578947368424 0.022851919561243144 0.019736842105263157
1 0.4053930530164534 0.20723684210526316 0.022851919561243144 0.019736842105263157
0 0.33409506398537475 0.8865131578947368 0.027422303473491772 0.02055921052631579
0 0.7509140767824497 0.4819078947368421 0.022851919561243144 0.018914473684210526
1 0.9474405850091407 0.26151315789473684 0.022851919561243144 0.027138157894736843
1 0.9776051188299817 0.14391447368421054 0.01736745886654479 0.01644736842105263
1 0.2760511882998172 0.07072368421052631 0.031078610603290677 0.02055921052631579
1 0.9035648994515539 0.2890625 0.02376599634369287 0.02138157894736842
1 0.45018281535648996 0.701891447368421 0.02010968921389397 0.019736842105263157
0 0.22349177330895795 0.20435855263157895 0.022851919561243144 0.018914473684210526
0 0.9369287020109689 0.2948190789473684 0.024680073126142597 0.022203947368421052
1 0.12614259597806216 0.6714638157894737 0.018281535648994516 0.017269736842105265
0 0.41453382084095064 0.21710526315789475 0.02376599634369287 0.02138157894736842
0 0.840036563071298 0.13610197368421054 0.03016453382084095 0.023026315789473683
1 0.7746800731261426 0.8174342105263158 0.019195612431444242 0.01644736842105263
0 0.38162705667276053 0.7166940789473685 0.0283363802559415 0.02138157894736842
1 0.6659049360146252 0.4839638157894737 0.02102376599634369 0.018914473684210526
1 0.48491773308957953 0.9268092105263158 0.02010968921389397 0.018092105263157895
1 0.4702925045703839 0.9169407894736842 0.021937842778793418 0.017269736842105265
1 0.7673674588665448 0.17516447368421054 0.021937842778793418 0.02055921052631579
1 0.673217550274223 0.2582236842105263 0.02102376599634369 0.017269736842105265
1 0.3180987202925046 0.1640625 0.022851919561243144 0.027960526315789474
1 0.8482632541133455 0.8067434210526315 0.019195612431444242 0.018092105263157895
0 0.1480804387568556 0.34004934210526316 0.02010968921389397 0.018092105263157895
1 0.4954296160877514 0.21669407894736842 0.01736745886654479 0.019736842105263157
1 0.5845521023765996 0.27837171052631576 0.029250457038391225 0.03042763157894737
1 0.466636197440585 0.22491776315789475 0.02102376599634369 0.023848684210526317
0 0.1960694698354662 0.13116776315789475 0.022851919561243144 0.017269736842105265
0 0.826782449725777 0.006167763157894737 0.021937842778793418 0.012335526315789474
0 0.6755027422303473 0.19407894736842105 0.024680073126142597 0.02055921052631579
0 0.7460237659963437 0.6148273026315789 0.025191956124314442 0.02356907894736842
0 0.7209963436928701 0.6154934210526316 0.02925959780621572 0.019810855263157894
0 0.7135009140767825 0.5984046052631579 0.01989945155393053 0.019111842105263156
0 0.7374588665447898 0.5921628289473685 0.026096892138939672 0.021850328947368422
0 0.7367824497257769 0.5761430921052632 0.024744058500914077 0.018199013157894735
0 0.7669926873857404 0.6148273026315789 0.026544789762340038 0.027623355263157897
0 0.5025319926873857 0.17806743421052632 0.016188299817184643 0.018199013157894735
0 0.47333638025594155 0.20164473684210527 0.01416819012797075 0.015657894736842103
0 0.4873126142595978 0.20382401315789472 0.015063985374771481 0.016973684210526318
0 0.641800731261426 0.19895559210526317 0.016279707495429615 0.019407894736842107
0 0.6693601462522851 0.23353618421052633 0.01616087751371115 0.01757401315789474
0 0.6728519195612431 0.21984374999999998 0.02089579524680073 0.0165625
0 0.743418647166362 0.15950657894736842 0.017723948811700183 0.01962171052631579
1 0.18767824497257768 0.3322203947368421 0.02680073126142596 0.018190789473684212
0 0.5106307129798903 0.44779605263157896 0.025621572212065815 0.02519736842105263
0 0.4809780621572213 0.42386513157894734 0.022696526508226688 0.01790296052631579
0 0.49434186471663616 0.4280180921052632 0.021224862888482632 0.02013157894736842
1 0.514908592321755 0.3721957236842105 0.029670932358318098 0.019029605263157896
0 0.5117550274223035 0.3612911184210526 0.01885740402193784 0.02055098684210526
0 0.5262431444241317 0.35267269736842105 0.015127970749542962 0.021570723684210525
0 0.371581352833638 0.5355838815789473 0.02709323583180987 0.01821546052631579
0 0.034314442413162706 0.11070723684210526 0.019936014625228517 0.019794407894736844
0 0.9372120658135283 0.22361019736842108 0.024296160877513708 0.024087171052631577
