1 0.8908333333333334 0.24343585896474118 0.041666666666666664 0.03150787696924231
1 0.7741666666666667 0.23293323330832708 0.0425 0.030007501875468866
1 0.7158333333333333 0.5221305326331583 0.04583333333333333 0.03900975243810953
1 0.8879166666666667 0.109152288072018 0.03833333333333333 0.03225806451612903
1 0.9075 0.20967741935483872 0.04083333333333333 0.03375843960990248
1 0.8879166666666667 0.08252063015753938 0.04416666666666667 0.03225806451612903
1 0.9920833333333333 0.40247561890472616 0.015 0.035258814703675916
1 0.9533333333333334 0.4291072768192048 0.03166666666666667 0.0277569392348087
1 0.9783333333333334 0.41710427606901723 0.029166666666666667 0.02250562640660165
1 0.7458333333333333 0.25543885971492875 0.0275 0.029257314328582147
1 0.9666666666666667 0.4032258064516129 0.024166666666666666 0.018754688672168042
1 0.5683333333333334 0.21530382595648911 0.04083333333333333 0.03150787696924231
1 0.7658333333333334 0.26106526631657917 0.035 0.0277569392348087
1 0.7641666666666667 0.5045011252813203 0.03916666666666667 0.029257314328582147
1 0.718925 0.24876219054763693 0.029166666666666667 0.024756189047261814
1 0.5864916666666666 0.10861215303825957 0.03 0.03075768942235559
