1 0.97125 0.8473368342085521 0.055 0.04876219054763691
1 0.22791666666666666 0.7636909227306826 0.043333333333333335 0.03900975243810953
1 0.2125 0.6830457614403601 0.03916666666666667 0.035258814703675916
1 0.9720833333333333 0.9358589647411854 0.051666666666666666 0.056264066016504126
1 0.9595833333333333 0.7419354838709677 0.05583333333333333 0.04876219054763691
1 0.15625 0.6804201050262566 0.03 0.030007501875468866
1 0.98375 0.8075768942235559 0.0325 0.042010502625656414
0 0.17333333333333334 0.7831957989497375 0.0275 0.024756189047261814
0 0.15208333333333332 0.799324831207802 0.03333333333333333 0.028507126781695424
0 0.20541666666666666 0.8330832708177044 0.030833333333333334 0.025506376594148537
0 0.20125 0.7213053263315828 0.028333333333333332 0.02700675168792198
0 0.19125 0.7629407351837959 0.028333333333333332 0.0277569392348087
0 0.18458333333333332 0.8214553638409603 0.024166666666666666 0.019504876219054765
0 0.15333333333333332 0.7696924231057765 0.03166666666666667 0.025506376594148537
1 0.15125 0.7430607651912978 0.02666666666666667 0.03375843960990248
0 0.17541666666666667 0.8432108027006752 0.03166666666666667 0.02625656414103526
0 0.17041666666666666 0.7333083270817704 0.029166666666666667 0.02625656414103526
0 0.17666666666666667 0.7036759189797449 0.03666666666666667 0.033008252063015754
1 0.9883333333333333 0.7198049512378094 0.0225 0.0450112528132033
0 0.21083333333333334 0.8559639909977494 0.025833333333333333 0.023255813953488372
1 0.9341666666666667 0.7231807951987997 0.029166666666666667 0.0345086271567892
0 0.23625 0.6822955738934734 0.021666666666666667 0.024756189047261814
0 0.9896583333333333 0.9024681170292573 0.020683333333333335 0.03971492873218305
0 0.20875833333333332 0.8048087021755439 0.031141666666666665 0.02663165791447862
0 0.22495 0.7863240810202551 0.037983333333333334 0.020930232558139535
0 0.21411666666666668 0.7096324081020255 0.0204 0.022055513878469615
0 0.23745833333333333 0.7064591147786947 0.0252 0.02399099774943736
1 0.18393333333333334 0.6796549137284321 0.024391666666666666 0.017284321080270067
0 0.15558333333333332 0.7110502625656414 0.015708333333333335 0.0331807951987997
