1 0.4370833333333333 0.707801950487622 0.06916666666666667 0.06376594148537135
1 0.44375 0.6151537884471118 0.06833333333333333 0.060765191297824456
1 0.38166666666666665 0.6481620405101275 0.07083333333333333 0.0622655663915979
1 0.38166666666666665 0.7010502625656414 0.06333333333333334 0.06376594148537135
1 0.805 0.9831207801950488 0.043333333333333335 0.033008252063015754
1 0.5295833333333333 0.42610652663165793 0.06666666666666667 0.05776444111027757
1 0.69 0.9733683420855214 0.07 0.05326331582895724
1 0.9666666666666667 0.47861965491372843 0.04833333333333333 0.04951237809452363
1 0.42291666666666666 0.5705176294073518 0.060833333333333336 0.03900975243810953
1 0.745 0.9902475618904726 0.06166666666666667 0.019504876219054765
1 0.7491666666666666 0.9208552138034508 0.0575 0.05401350337584396
1 0.7925 0.9414853713428357 0.055 0.056264066016504126
1 0.905 0.5491372843210802 0.05 0.03825956489122281
1 0.4675 0.7299324831207802 0.06333333333333334 0.05476369092273068
1 0.3883333333333333 0.5960240060015004 0.058333333333333334 0.05476369092273068
1 0.6908333333333333 0.6500375093773444 0.06916666666666667 0.0622655663915979
1 0.48375 0.6781695423855963 0.04416666666666667 0.04876219054763691
1 0.6991666666666667 0.9264816204051013 0.0575 0.05476369092273068
1 0.8108333333333333 0.764066016504126 0.035 0.03075768942235559
1 0.9266666666666666 0.47749437359339836 0.043333333333333335 0.04276069017254314
1 0.9025 0.436609152288072 0.05333333333333334 0.05026256564141035
1 0.7537833333333332 0.6345536384096024 0.06165833333333333 0.057629407351837955
1 0.7529166666666667 0.594523630907727 0.035 0.030007501875468866
1 0.6825 0.49474868717179293 0.035833333333333335 0.03150787696924231
1 0.395 0.8754688672168042 0.041666666666666664 0.04126031507876969
0 0.7908333333333334 0.894973743435859 0.03 0.0277569392348087
0 0.8308333333333333 0.890847711927982 0.0475 0.03600900225056264
0 0.46208333333333335 0.7700675168792198 0.05 0.03675918979744936
0 0.93625 0.5896474118529632 0.04666666666666667 0.0450112528132033
1 0.44875 0.6564141035258815 0.06666666666666667 0.05101275318829707
1 0.9520833333333333 0.5348837209302325 0.05333333333333334 0.05326331582895724
1 0.5129166666666667 0.6594148537134283 0.0575 0.0555138784696174
0 0.7620833333333333 0.977119279819955 0.05333333333333334 0.04351087771942986
1 0.7079166666666666 0.5086271567891973 0.04416666666666667 0.03075768942235559
0 0.5058333333333334 0.6961740435108777 0.034166666666666665 0.03600900225056264
1 0.47458333333333336 0.6027756939234808 0.051666666666666666 0.05701425356339085
1 0.4320833333333333 0.8709677419354839 0.0425 0.03825956489122281
1 0.52125 0.34058514628657166 0.056666666666666664 0.04051012753188297
1 0.8691666666666666 0.4441110277569392 0.030833333333333334 0.03225806451612903
1 0.8616666666666667 0.8030757689422355 0.04083333333333333 0.04951237809452363
1 0.45875 0.4111027756939235 0.04083333333333333 0.04351087771942986
1 0.8129166666666666 0.7985746436609152 0.05 0.04951237809452363
0 0.9683333333333334 0.5787696924231058 0.04 0.04051012753188297
1 0.7816666666666666 0.8120780195048762 0.03916666666666667 0.0555138784696174
1 0.41541666666666666 0.9013503375843961 0.04416666666666667 0.030007501875468866
0 0.915 0.5127531882970743 0.04083333333333333 0.03900975243810953
0 0.59875 0.46811702925731435 0.04083333333333333 0.03825956489122281
0 0.9383333333333334 0.44223555888972244 0.029166666666666667 0.03675918979744936
1 0.8270833333333333 0.645536384096024 0.04833333333333333 0.04351087771942986
1 0.7775 0.5105026256564141 0.03166666666666667 0.03150787696924231
1 0.9858333333333333 0.614403600900225 0.02666666666666667 0.04051012753188297
1 0.395 0.846211552888222 0.035 0.025506376594148537
0 0.5833333333333334 0.4358589647411853 0.041666666666666664 0.042010502625656414
0 0.8370833333333333 0.9902475618904726 0.025833333333333333 0.019504876219054765
0 0.5566666666666666 0.463615903975994 0.03666666666666667 0.033008252063015754
0 0.9629166666666666 0.614403600900225 0.03166666666666667 0.03075768942235559
0 0.6458083333333333 0.7046061515378845 0.035399999999999994 0.031207801950487623
0 0.6179416666666666 0.7350937734433608 0.0327 0.0423330832708177
0 0.7147249999999999 0.6833983495873969 0.04364166666666666 0.035453863465866466
0 0.76085 0.6762340585146286 0.05223333333333333 0.045528882220555136
0 0.6634749999999999 0.6143585896474119 0.03775833333333334 0.035258814703675916
0 0.7779333333333334 0.5845011252813204 0.027491666666666668 0.02116279069767442
0 0.804975 0.8716729182295574 0.03445 0.028049512378094523
1 0.8546916666666667 0.860112528132033 0.04434166666666667 0.04523630907726932
0 0.5329333333333334 0.384688672168042 0.03705833333333333 0.030945236309077268
0 0.5628583333333332 0.4053638409602401 0.030925 0.03624156039009752
