1 0.1975 0.7029257314328582 0.07833333333333334 0.06751687921980495
1 0.6954166666666667 0.6399099774943736 0.060833333333333336 0.04876219054763691
1 0.25625 0.6931732933233309 0.06666666666666667 0.072768192048012
1 0.14458333333333334 0.7708177044261065 0.065 0.05701425356339085
1 0.7470833333333333 0.7936984246061516 0.060833333333333336 0.058514628657164294
0 0.40375 0.18567141785446362 0.045 0.04426106526631658
1 0.9104166666666667 0.07014253563390847 0.0325 0.0277569392348087
0 0.0225 0.3342085521380345 0.035833333333333335 0.03225806451612903
0 0.43833333333333335 0.19317329332333083 0.0475 0.04876219054763691
1 0.67625 0.6864216054013503 0.055 0.056264066016504126
1 0.09666666666666666 0.7149287321830458 0.06333333333333334 0.06301575393848462
1 0.017916666666666668 0.36946736684171044 0.035833333333333335 0.03825956489122281
1 0.14125 0.7164291072768192 0.05416666666666667 0.047261815453863466
0 0.7729166666666667 0.7205551387846961 0.049166666666666664 0.03600900225056264
1 0.255 0.17666916729182294 0.041666666666666664 0.04051012753188297
0 0.805 0.7393098274568642 0.03666666666666667 0.03225806451612903
0 0.6808333333333333 0.5993998499624906 0.05 0.03900975243810953
1 0.7454166666666666 0.6654163540885222 0.041666666666666664 0.03900975243810953
1 0.12125 0.668417104276069 0.06333333333333334 0.046511627906976744
0 0.7195833333333334 0.6785446361590397 0.04833333333333333 0.042010502625656414
1 0.6558333333333334 0.6339084771192798 0.04083333333333333 0.047261815453863466
1 0.7570833333333333 0.6174043510877719 0.04583333333333333 0.03675918979744936
0 0.7032083333333333 0.8129932483120781 0.05540833333333333 0.049864966241560386
0 0.7075 0.7741935483870968 0.030833333333333334 0.02700675168792198
0 0.152225 0.6768792198049512 0.04095833333333333 0.03310577644411103
1 0.17041666666666666 0.6466616654163541 0.050833333333333335 0.042010502625656414
1 0.25375 0.7441860465116279 0.043333333333333335 0.03825956489122281
1 0.16708333333333333 0.8038259564891223 0.059166666666666666 0.0345086271567892
0 0.7766666666666666 0.677794448612153 0.0375 0.028507126781695424
0 0.39 0.2231807951987997 0.05 0.042010502625656414
0 0.78375 0.6530382595648913 0.035833333333333335 0.0277569392348087
0 0.77375 0.586271567891973 0.035833333333333335 0.03375843960990248
0 0.7741666666666667 0.6931732933233309 0.049166666666666664 0.029257314328582147
1 0.21916666666666668 0.6507876969242311 0.041666666666666664 0.04126031507876969
0 0.79875 0.5787696924231058 0.03 0.03600900225056264
1 0.00875 0.28994748687171795 0.0175 0.04426106526631658
0 0.22833333333333333 0.7850712678169542 0.0425 0.04876219054763691
0 0.7272416666666667 0.7393473368342085 0.04545833333333333 0.040555138784696174
0 0.1974 0.7647036759189798 0.06294166666666667 0.05397599399849963
0 0.12001666666666667 0.16164291072768192 0.032466666666666665 0.02641410352588147
0 0.15325833333333333 0.18942235558889722 0.0306 0.026031507876969246
