1 0.9661791590493601 0.10814144736842106 0.031992687385740404 0.027138157894736843
1 0.1663619744058501 0.4712171052631579 0.026508226691042046 0.023026315789473683
1 0.5557586837294333 0.6439144736842105 0.029250457038391225 0.02631578947368421
1 0.8807129798903108 0.3120888157894737 0.031992687385740404 0.029605263157894735
1 0.8436928702010968 0.6282894736842105 0.031992687385740404 0.027960526315789474
1 0.7047531992687386 0.7537006578947368 0.03290676416819013 0.028782894736842105
1 0.5758683729433273 0.3059210526315789 0.0356489945155393 0.03042763157894737
1 0.5397623400365631 0.9782072368421053 0.0283363802559415 0.02055921052631579
1 0.9602376599634369 0.9140625 0.031992687385740404 0.03042763157894737
0 0.8212979890310786 0.30386513157894735 0.02376599634369287 0.02138157894736842
1 0.9707495429616088 0.8556743421052632 0.03656307129798903 0.03125
1 0.09049360146252285 0.6866776315789473 0.03473491773308958 0.033717105263157895
1 0.011425959780621572 0.7763157894736842 0.022851919561243144 0.02631578947368421
1 0.973491773308958 0.7861842105263158 0.03290676416819013 0.02631578947368421
1 0.3382084095063985 0.4379111842105263 0.03016453382084095 0.027960526315789474
1 0.846892138939671 0.2816611842105263 0.03016453382084095 0.02549342105263158
1 0.8756855575868373 0.7064144736842105 0.03473491773308958 0.028782894736842105
0 0.8423217550274223 0.3067434210526316 0.02376599634369287 0.02055921052631579
1 0.8861974405850092 0.9897203947368421 0.0356489945155393 0.02055921052631579
1 0.03016453382084095 0.7882401315789473 0.031078610603290677 0.028782894736842105
1 0.5150822669104205 0.9921875 0.027422303473491772 0.015625
1 0.12614259597806216 0.9819078947368421 0.029250457038391225 0.028782894736842105
1 0.48308957952468007 0.33305921052631576 0.03473491773308958 0.03453947368421053
1 0.5964351005484461 0.9880756578947368 0.025594149908592323 0.02055921052631579
1 0.6087751371115173 0.7080592105263158 0.029250457038391225 0.023848684210526317
1 0.06946983546617916 0.9790296052631579 0.03290676416819013 0.027138157894736843
1 0.9113345521023766 0.36019736842105265 0.0283363802559415 0.024671052631578948
1 0.02102376599634369 0.7586348684210527 0.031992687385740404 0.02549342105263158
1 0.9757769652650823 0.3873355263157895 0.021937842778793418 0.022203947368421052
1 0.8606032906764168 0.32319078947368424 0.031078610603290677 0.027960526315789474
1 0.40904936014625226 0.6352796052631579 0.03290676416819013 0.028782894736842105
1 0.3976234003656307 0.3190789473684211 0.031992687385740404 0.029605263157894735
1 0.14396709323583182 0.47491776315789475 0.021937842778793418 0.02055921052631579
1 0.3249542961608775 0.977796052631579 0.025594149908592323 0.02055921052631579
1 0.626599634369287 0.7208059210526315 0.02376599634369287 0.022203947368421052
1 0.8496343692870201 0.9654605263157895 0.031078610603290677 0.02631578947368421
0 0.7394881170018281 0.15625 0.026508226691042046 0.022203947368421052
1 0.670018281535649 0.4017269736842105 0.03290676416819013 0.027960526315789474
1 0.6361974405850092 0.3326480263157895 0.02376599634369287 0.023026315789473683
1 0.24177330895795246 0.3828125 0.026508226691042046 0.024671052631578948
1 0.3491773308957952 0.4720394736842105 0.031078610603290677 0.027138157894736843
1 0.753199268738574 0.011101973684210526 0.0356489945155393 0.022203947368421052
0 0.7618829981718465 0.09004934210526316 0.029250457038391225 0.023848684210526317
1 0.16910420475319926 0.49917763157894735 0.031078610603290677 0.023848684210526317
0 0.453382084095064 0.3305921052631579 0.031078610603290677 0.027960526315789474
1 0.25914076782449724 0.3918585526315789 0.029250457038391225 0.027138157894736843
1 0.7591407678244972 0.6986019736842105 0.025594149908592323 0.02549342105263158
1 0.3290676416819013 0.9148848684210527 0.027422303473491772 0.024671052631578948
1 0.6074040219378428 0.7286184210526315 0.026508226691042046 0.022203947368421052
1 0.6448811700182815 0.7158717105263158 0.022851919561243144 0.022203947368421052
0 0.9364716636197441 0.9037828947368421 0.027422303473491772 0.024671052631578948
1 0.36151736745886653 0.7759046052631579 0.03016453382084095 0.027138157894736843
1 0.3953382084095064 0.6188322368421053 0.0283363802559415 0.02549342105263158
0 0.8916819012797075 0.37129934210526316 0.024680073126142597 0.023026315789473683
0 0.2312614259597806 0.3470394736842105 0.027422303473491772 0.022203947368421052
1 0.4739488117001828 0.5814144736842105 0.03016453382084095 0.027138157894736843
0 0.23583180987202926 0.43585526315789475 0.03016453382084095 0.023848684210526317
1 0.33226691042047535 0.8955592105263158 0.026508226691042046 0.02055921052631579
0 0.31444241316270566 0.4839638157894737 0.024680073126142597 0.023848684210526317
1 0.5886654478976234 0.3910361842105263 0.0283363802559415 0.027138157894736843
1 0.38162705667276053 0.7611019736842105 0.026508226691042046 0.023848684210526317
1 0.4287020109689214 0.34457236842105265 0.031078610603290677 0.032072368421052634
1 0.3702010968921389 0.6451480263157895 0.026508226691042046 0.024671052631578948
1 0.35146252285191953 0.9185855263157895 0.026508226691042046 0.02549342105263158
1 0.7431444241316271 0.6570723684210527 0.027422303473491772 0.023848684210526317
1 0.30347349177330896 0.44366776315789475 0.025594149908592323 0.02055921052631579
1 0.3624314442413163 0.4362664473684211 0.025594149908592323 0.024671052631578948
0 0.2129798903107861 0.4198190789473684 0.03016453382084095 0.027138157894736843
1 0.3670018281535649 0.8778782894736842 0.031992687385740404 0.024671052631578948
1 0.38939670932358317 0.7828947368421053 0.029250457038391225 0.027960526315789474
0 0.2961608775137112 0.4691611842105263 0.031078610603290677 0.023026315789473683
1 0.43647166361974404 0.6365131578947368 0.029250457038391225 0.02631578947368421
1 0.3423217550274223 0.7931743421052632 0.02376599634369287 0.023026315789473683
1 0.41316270566727603 0.4284539473684211 0.031078610603290677 0.028782894736842105
1 0.4680073126142596 0.6414473684210527 0.027422303473491772 0.024671052631578948
1 0.7312614259597806 0.7652138157894737 0.0356489945155393 0.03125
1 0.5191956124314442 0.6118421052631579 0.0283363802559415 0.029605263157894735
0 0.7276051188299817 0.17722039473684212 0.0283363802559415 0.024671052631578948
1 0.1823583180987203 0.3416940789473684 0.029250457038391225 0.027138157894736843
1 0.3903107861060329 0.7183388157894737 0.026508226691042046 0.022203947368421052
1 0.46115173674588666 0.6595394736842105 0.027422303473491772 0.023026315789473683
1 0.38482632541133455 0.7368421052631579 0.03016453382084095 0.023848684210526317
1 0.466636197440585 0.35567434210526316 0.03290676416819013 0.03042763157894737
1 0.3944241316270567 0.4387335526315789 0.025594149908592323 0.022203947368421052
0 0.26782449725776963 0.4370888157894737 0.02376599634369287 0.023026315789473683
1 0.0850091407678245 0.9383223684210527 0.026508226691042046 0.023026315789473683
0 0.193327239488117 0.3268914473684211 0.026508226691042046 0.022203947368421052
1 0.40447897623400364 0.5801809210526315 0.03016453382084095 0.027960526315789474
0 0.9346435100548446 0.3384046052631579 0.026508226691042046 0.022203947368421052
1 0.061243144424131625 0.8540296052631579 0.03016453382084095 0.028782894736842105
1 0.6101462522851919 0.9942434210526315 0.031992687385740404 0.011513157894736841
1 0.6165447897623401 0.3359375 0.02376599634369287 0.022203947368421052
1 0.4076782449725777 0.37582236842105265 0.026508226691042046 0.022203947368421052
1 0.9108775137111518 0.3433388157894737 0.0283363802559415 0.018914473684210526
1 0.7659963436928702 0.7759046052631579 0.024680073126142597 0.023848684210526317
1 0.1563071297989031 0.34745065789473684 0.022851919561243144 0.02055921052631579
1 0.9881170018281535 0.8791118421052632 0.02376599634369287 0.03042763157894737
1 0.5726691042047533 0.3770559210526316 0.025594149908592323 0.022203947368421052
0 0.54981718464351 0.3092105263157895 0.02376599634369287 0.02055921052631579
0 0.23537477148080438 0.3260690789473684 0.025594149908592323 0.022203947368421052
1 0.33683729433272397 0.4909539473684211 0.025594149908592323 0.022203947368421052
1 0.9913162705667276 0.6118421052631579 0.01736745886654479 0.03125
0 0.21663619744058502 0.3112664473684211 0.033820840950639856 0.02549342105263158
1 0.5786106032906764 0.40008223684210525 0.033820840950639856 0.02549342105263158
0 0.4309872029250457 0.5830592105263158 0.026508226691042046 0.023848684210526317
0 0.2509140767824497 0.3449835526315789 0.0283363802559415 0.028782894736842105
0 0.18647166361974407 0.3100328947368421 0.029250457038391225 0.02055921052631579
1 0.6389396709323584 0.3050986842105263 0.03016453382084095 0.02549342105263158
1 0.05530164533820841 0.8824013157894737 0.0283363802559415 0.023848684210526317
1 0.41819012797074956 0.4004934210526316 0.03016453382084095 0.024671052631578948
0 0.2952468007312614 0.49136513157894735 0.021937842778793418 0.02055921052631579
1 0.823583180987203 0.6603618421052632 0.025594149908592323 0.027960526315789474
1 0.30575868372943327 0.6143092105263158 0.031992687385740404 0.02631578947368421
0 0.7312614259597806 0.08634868421052631 0.026508226691042046 0.022203947368421052
1 0.4053930530164534 0.6657072368421053 0.03016453382084095 0.027138157894736843
0 0.5370201096892139 0.29194078947368424 0.029250457038391225 0.02631578947368421
1 0.306672760511883 0.9157072368421053 0.022851919561243144 0.02138157894736842
1 0.11151736745886655 0.6578947368421053 0.033820840950639856 0.03042763157894737
0 0.21023765996343693 0.33758223684210525 0.022851919561243144 0.02055921052631579
1 0.08409506398537477 0.9938322368421053 0.033820840950639856 0.012335526315789474
0 0.35146252285191953 0.40337171052631576 0.024680073126142597 0.02138157894736842
1 0.33455210237659966 0.9350328947368421 0.031078610603290677 0.022203947368421052
1 0.3656307129798903 0.7249177631578947 0.024680073126142597 0.02055921052631579
1 0.4287020109689214 0.6595394736842105 0.03016453382084095 0.027960526315789474
1 0.39716636197440586 0.4087171052631579 0.029250457038391225 0.024671052631578948
1 0.8368372943327239 0.6710526315789473 0.029250457038391225 0.02631578947368421
1 0.9812614259597806 0.9222861842105263 0.021937842778793418 0.024671052631578948
1 0.3829981718464351 0.4214638157894737 0.02376599634369287 0.022203947368421052
1 0.9913162705667276 0.38898026315789475 0.015539305301645339 0.024671052631578948
1 0.02102376599634369 0.686266447368421 0.03016453382084095 0.02549342105263158
1 0.3610603290676417 0.8959703947368421 0.031078610603290677 0.023026315789473683
1 0.399908592321755 0.3470394736842105 0.03656307129798903 0.03289473684210526
1 0.26142595978062155 0.008223684210526315 0.038391224862888484 0.01644736842105263
1 0.7906764168190128 0.858141447368421 0.024680073126142597 0.02138157894736842
1 0.23491773308957953 0.014391447368421052 0.03930530164533821 0.028782894736842105
0 0.5319926873857403 0.49712171052631576 0.0283363802559415 0.024671052631578948
0 0.5585009140767825 0.6969572368421053 0.027422303473491772 0.02138157894736842
1 0.3802559414990859 0.3379934210526316 0.022851919561243144 0.027960526315789474
0 0.44104204753199266 0.42598684210526316 0.03016453382084095 0.02631578947368421
1 0.5617001828153565 0.5662006578947368 0.026508226691042046 0.02631578947368421
1 0.906764168190128 0.6175986842105263 0.03016453382084095 0.028782894736842105
1 0.4506398537477148 0.5896381578947368 0.022851919561243144 0.024671052631578948
0 0.8194698354661791 0.2833059210526316 0.026508226691042046 0.022203947368421052
1 0.009140767824497258 0.7964638157894737 0.018281535648994516 0.02055921052631579
1 0.41042047531992687 0.3939144736842105 0.029250457038391225 0.02138157894736842
0 0.09826325411334552 0.9728618421052632 0.0283363802559415 0.02138157894736842
1 0.11608775137111517 0.6673519736842105 0.04296160877513711 0.03700657894736842
0 0.8843692870201096 0.2911184210526316 0.026508226691042046 0.018914473684210526
0 0.27513711151736747 0.48273026315789475 0.02376599634369287 0.02055921052631579
1 0.5813528336380256 0.563733552631579 0.027422303473491772 0.029605263157894735
1 0.7673674588665448 0.2730263157894737 0.021937842778793418 0.023026315789473683
1 0.7920475319926874 0.993421052631579 0.022851919561243144 0.013157894736842105
0 0.3820840950639854 0.8634868421052632 0.022851919561243144 0.019736842105263157
0 0.643510054844607 0.6163651315789473 0.026508226691042046 0.024671052631578948
1 0.7239488117001828 0.11883223684210527 0.027422303473491772 0.027138157894736843
1 0.36745886654478976 0.798108552631579 0.037477148080438755 0.028782894736842105
0 0.136654478976234 0.3490953947368421 0.02010968921389397 0.02138157894736842
1 0.8729433272394881 0.36636513157894735 0.022851919561243144 0.024671052631578948
1 0.7957038391224863 0.8416940789473685 0.02102376599634369 0.017269736842105265
0 0.25685557586837293 0.421875 0.02010968921389397 0.017269736842105265
1 0.7408592321755028 0.7615131578947368 0.02376599634369287 0.027960526315789474
1 0.2180073126142596 0.38980263157894735 0.029250457038391225 0.027138157894736843
1 0.3546617915904936 0.9054276315789473 0.024680073126142597 0.02138157894736842
0 0.4835466179159049 0.6011513157894737 0.024680073126142597 0.02138157894736842
1 0.08043875685557587 0.9189967105263158 0.03290676416819013 0.023026315789473683
1 0.5658135283363802 0.9555921052631579 0.026508226691042046 0.023026315789473683
1 0.5635283363802559 0.32524671052631576 0.03016453382084095 0.023848684210526317
0 0.23994515539305303 0.4144736842105263 0.021937842778793418 0.02138157894736842
1 0.39259597806215724 0.6533717105263158 0.027422303473491772 0.023848684210526317
0 0.5105118829981719 0.5863486842105263 0.02102376599634369 0.018092105263157895
1 0.05712979890310786 0.6953125 0.03656307129798903 0.027960526315789474
1 0.4584095063985375 0.7302631578947368 0.037477148080438755 0.029605263157894735
1 0.3148994515539305 0.9358552631578947 0.022851919561243144 0.02138157894736842
1 0.3359232175502742 0.7767269736842105 0.02376599634369287 0.023026315789473683
1 0.49405850091407677 0.6233552631578947 0.027422303473491772 0.024671052631578948
1 0.863345521023766 0.6245888157894737 0.02010968921389397 0.024671052631578948
1 0.79981718464351 0.6640625 0.02376599634369287 0.03042763157894737
1 0.9090493601462523 0.8067434210526315 0.02376599634369287 0.022203947368421052
1 0.006855575868372943 0.22450657894736842 0.013711151736745886 0.02055921052631579
