0 0.98125 0.386721680420105 0.0375 0.03600900225056264
0 0.7725 0.3953488372093023 0.05 0.04276069017254314
1 0.8833333333333333 0.30607651912978245 0.0525 0.04276069017254314
1 0.6741666666666667 0.3327081770442611 0.05583333333333333 0.04801200300075019
0 0.7754166666666666 0.354463615903976 0.0425 0.03600900225056264
1 0.76125 0.3252063015753939 0.0475 0.037509377344336084
0 0.7054416666666666 0.32137284321080267 0.022591666666666666 0.019152288072018006
0 0.7185166666666667 0.311695423855964 0.027033333333333333 0.01840960240060015
0 0.73125 0.29932483120780196 0.03333333333333333 0.0277569392348087
1 0.97 0.2501875468867217 0.0325 0.03900975243810953
0 0.9291666666666667 0.32408102025506375 0.04083333333333333 0.035258814703675916
0 0.6966666666666667 0.3027006751687922 0.034166666666666665 0.029257314328582147
0 0.7291666666666666 0.340960240060015 0.04833333333333333 0.046511627906976744
0 0.9116666666666666 0.3507126781695424 0.035 0.03225806451612903
0 0.8525 0.3312078019504876 0.03833333333333333 0.03375843960990248
1 0.9870833333333333 0.26969242310577646 0.024166666666666666 0.042010502625656414
1 0.9470833333333334 0.37471867966991745 0.059166666666666666 0.05776444111027757
0 0.7358333333333333 0.39909977494373594 0.035 0.03375843960990248
1 0.9920833333333333 0.22768192048012004 0.015 0.024756189047261814
0 0.9058333333333334 0.3724681170292573 0.029166666666666667 0.025506376594148537
1 0.9808333333333333 0.29069767441860467 0.03333333333333333 0.03825956489122281
0 0.7911666666666667 0.3782595648912228 0.033841666666666666 0.029647411852963244
0 0.9550916666666666 0.403563390847712 0.026808333333333333 0.020712678169542385
0 0.9814 0.4102175543885972 0.037033333333333335 0.023780945236309078
1 0.8540166666666666 0.36663165791447866 0.05204166666666667 0.03802700675168792
0 0.9094166666666667 0.31884471117779445 0.038808333333333334 0.04201800450112528
1 0.993325 0.19570892723180794 0.013349999999999999 0.041387846961740436
