1 0.6308333333333334 0.6616654163540885 0.059166666666666666 0.06526631657914479
0 0.5008333333333334 0.8248312078019505 0.07 0.05476369092273068
1 0.6020833333333333 0.7160540135033758 0.075 0.05926481620405101
1 0.4970833333333333 0.6470367591897974 0.06666666666666667 0.06826706676669167
0 0.5708333333333333 0.6939234808702176 0.058333333333333334 0.042010502625656414
0 0.49541666666666667 0.8788447111777945 0.07833333333333334 0.06151537884471118
0 0.5920833333333333 0.6500375093773444 0.051666666666666666 0.03975993998499625
0 0.5444083333333333 0.8853863465866467 0.06320833333333332 0.0518304576144036
0 0.5481916666666667 0.8429257314328581 0.05883333333333333 0.04216804201050263
0 0.5403249999999999 0.7994748687171793 0.05704166666666667 0.0359039759939985
