0 0.0125 0.4144786196549137 0.025 0.0345086271567892
1 0.91125 0.8477119279819955 0.0575 0.04426106526631658
1 0.5833333333333334 0.9197299324831207 0.05416666666666667 0.04276069017254314
1 0.42083333333333334 0.016129032258064516 0.049166666666666664 0.03225806451612903
1 0.5508166666666667 0.8878469617404351 0.0525 0.051762940735183796
1 0.9033333333333333 0.015003750937734433 0.04 0.030007501875468866
1 0.36583333333333334 0.23293323330832708 0.04416666666666667 0.04351087771942986
1 0.4270833333333333 0.18304576144036008 0.04666666666666667 0.03600900225056264
0 0.016666666666666666 0.6106526631657915 0.03333333333333333 0.03075768942235559
1 0.5583333333333333 0.1447861965491373 0.0475 0.04351087771942986
0 0.014166666666666666 0.3878469617404351 0.028333333333333332 0.0277569392348087
0 0.2683333333333333 0.13353338334583645 0.04 0.03675918979744936
0 0.18333333333333332 0.09902475618904726 0.0475 0.03675918979744936
1 0.6445833333333333 0.7996999249812453 0.050833333333333335 0.04126031507876969
0 0.4325 0.21230307576894222 0.035833333333333335 0.03075768942235559
0 0.5058333333333334 0.3840960240060015 0.045 0.03600900225056264
0 0.5995833333333334 0.40585146286571644 0.03833333333333333 0.029257314328582147
0 0.2608333333333333 0.08552138034508627 0.03833333333333333 0.029257314328582147
1 0.40875 0.23593398349587397 0.050833333333333335 0.04351087771942986
1 0.54125 0.41072768192048015 0.035833333333333335 0.03375843960990248
0 0.9004166666666666 0.9163540885221305 0.0475 0.033008252063015754
0 0.18125 0.1350337584396099 0.0425 0.03825956489122281
1 0.31875 0.24006001500375093 0.04083333333333333 0.0345086271567892
1 0.17 0.14816204051012752 0.056666666666666664 0.04426106526631658
0 0.1375 0.2479369842460615 0.03916666666666667 0.0345086271567892
0 0.022083333333333333 0.5858964741185296 0.04 0.033008252063015754
1 0.7283333333333334 0.011627906976744186 0.04083333333333333 0.02250562640660165
1 0.5758333333333333 0.4212303075768942 0.034166666666666665 0.03375843960990248
1 0.06041666666666667 0.01800450112528132 0.041666666666666664 0.03150787696924231
0 0.10458333333333333 0.2415603900975244 0.04083333333333333 0.03225806451612903
0 0.4995833333333333 0.3327081770442611 0.034166666666666665 0.03075768942235559
0 0.5391666666666667 0.1072768192048012 0.03916666666666667 0.02700675168792198
0 0.10958333333333334 0.2711927981995499 0.04416666666666667 0.035258814703675916
0 0.01375 0.30307576894223553 0.0275 0.03075768942235559
0 0.15708333333333332 0.06339084771192798 0.04 0.030007501875468866
0 0.89 0.8852213053263316 0.04583333333333333 0.04126031507876969
1 0.31583333333333335 0.08439609902475619 0.043333333333333335 0.03900975243810953
1 0.98625 0.09114778694673668 0.025833333333333333 0.03600900225056264
0 0.19875 0.06001500375093773 0.0475 0.03825956489122281
1 0.33666666666666667 0.07426856714178545 0.03916666666666667 0.037509377344336084
0 0.6141666666666666 0.8897224306076519 0.0425 0.03825956489122281
0 0.30791666666666667 0.20367591897974494 0.03166666666666667 0.025506376594148537
0 0.15375 0.03788447111777944 0.03666666666666667 0.02700675168792198
1 0.8595833333333334 0.007126781695423856 0.041666666666666664 0.014253563390847712
1 0.20166666666666666 0.02625656414103526 0.0475 0.03600900225056264
1 0.9345833333333333 0.8874718679669917 0.0475 0.04576144036009002
0 0.52875 0.32970742685671417 0.0275 0.023255813953488372
0 0.6116666666666667 0.8492123030757689 0.034166666666666665 0.03375843960990248
0 0.3475 0.19654913728432108 0.0325 0.025506376594148537
0 0.024166666666666666 0.032633158289572396 0.04083333333333333 0.03225806451612903
0 0.8691666666666666 0.8559639909977494 0.03916666666666667 0.03375843960990248
1 0.11458333333333333 0.0450112528132033 0.03833333333333333 0.03975993998499625
0 0.20666666666666667 0.12228057014253563 0.03 0.0277569392348087
0 0.01125 0.06151537884471118 0.0225 0.02250562640660165
0 0.24041666666666667 0.13165791447861966 0.03 0.0345086271567892
1 0.7913416666666667 0.47787696924231055 0.02895 0.03374343585896474
1 0.8158333333333333 0.47861965491372843 0.03166666666666667 0.03598649662415604
0 0.6254166666666666 0.8158289572393098 0.04083333333333333 0.028507126781695424
1 0.595 0.3833458364591148 0.03916666666666667 0.025506376594148537
0 0.16291666666666665 0.01350337584396099 0.04083333333333333 0.02700675168792198
1 0.3025 0.10952738184546136 0.03916666666666667 0.03225806451612903
1 0.9875 0.06001500375093773 0.023333333333333334 0.03675918979744936
1 0.011666666666666667 0.4384846211552888 0.0225 0.02700675168792198
0 0.29875 0.1342835708927232 0.03333333333333333 0.03225806451612903
0 0.3375 0.22168042010502625 0.035833333333333335 0.02625656414103526
1 0.022083333333333333 0.01350337584396099 0.04 0.020255063765941484
0 0.8670833333333333 0.8930982745686422 0.03333333333333333 0.03600900225056264
