1 0.819926873857404 0.7504111842105263 0.02376599634369287 0.019736842105263157
1 0.5365630712979891 0.9025493421052632 0.02102376599634369 0.019736842105263157
1 0.06581352833638025 0.4597039473684211 0.0283363802559415 0.02631578947368421
1 0.14396709323583182 0.8873355263157895 0.025594149908592323 0.022203947368421052
0 0.1380255941499086 0.90625 0.019195612431444242 0.017269736842105265
1 0.6563071297989032 0.9847861842105263 0.03290676416819013 0.028782894736842105
1 0.2070383912248629 0.8787006578947368 0.022851919561243144 0.018914473684210526
1 0.5283363802559415 0.9202302631578947 0.02376599634369287 0.02055921052631579
1 0.646709323583181 0.8655427631578947 0.024680073126142597 0.023026315789473683
1 0.2883912248628885 0.9366776315789473 0.029250457038391225 0.02631578947368421
1 0.33089579524680074 0.9634046052631579 0.029250457038391225 0.03125
1 0.680073126142596 0.8252467105263158 0.021937842778793418 0.022203947368421052
1 0.2655393053016453 0.9412006578947368 0.022851919561243144 0.02138157894736842
1 0.43007312614259596 0.9732730263157895 0.02010968921389397 0.015625
1 0.3094149908592322 0.9498355263157895 0.03016453382084095 0.02631578947368421
1 0.30210237659963435 0.9728618421052632 0.029250457038391225 0.024671052631578948
1 0.529707495429616 0.9740953947368421 0.0283363802559415 0.024671052631578948
1 0.5255941499085923 0.6525493421052632 0.02376599634369287 0.022203947368421052
1 0.8212979890310786 0.9580592105263158 0.02376599634369287 0.022203947368421052
1 0.7691956124314442 0.905016447368421 0.019195612431444242 0.015625
0 0.8368372943327239 0.96875 0.02102376599634369 0.017269736842105265
0 0.6937842778793418 0.9588815789473685 0.02376599634369287 0.023026315789473683
1 0.0370201096892139 0.6398026315789473 0.025594149908592323 0.02631578947368421
0 0.6691042047531993 0.9625822368421053 0.029250457038391225 0.02631578947368421
1 0.636654478976234 0.8852796052631579 0.029250457038391225 0.024671052631578948
1 0.79981718464351 0.9662828947368421 0.02376599634369287 0.023848684210526317
1 0.0370201096892139 0.9773848684210527 0.02102376599634369 0.018092105263157895
1 0.8583180987202925 0.8289473684210527 0.024680073126142597 0.022203947368421052
1 0.9277879341864717 0.9938322368421053 0.027422303473491772 0.012335526315789474
1 0.8889396709323584 0.9625822368421053 0.02102376599634369 0.018914473684210526
1 0.9428702010968921 0.8186677631578947 0.024680073126142597 0.02138157894736842
1 0.16224862888482633 0.9037828947368421 0.022851919561243144 0.02055921052631579
0 0.16590493601462522 0.8856907894736842 0.02102376599634369 0.018092105263157895
1 0.7687385740402194 0.923108552631579 0.018281535648994516 0.017269736842105265
1 0.7600548446069469 0.9461348684210527 0.02376599634369287 0.022203947368421052
1 0.5415904936014625 0.9366776315789473 0.02102376599634369 0.02138157894736842
0 0.6782449725776966 0.9399671052631579 0.029250457038391225 0.023026315789473683
0 0.6860146252285192 0.9802631578947368 0.027422303473491772 0.02138157894736842
1 0.9515539305301646 0.9893092105263158 0.025594149908592323 0.018914473684210526
1 0.27879341864716634 0.9617598684210527 0.026508226691042046 0.023848684210526317
0 0.6220292504570384 0.9851973684210527 0.025594149908592323 0.022203947368421052
1 0.5118829981718465 0.7245065789473685 0.026508226691042046 0.023848684210526317
0 0.19195612431444242 0.868421052631579 0.019195612431444242 0.01644736842105263
1 0.8404936014625228 0.748766447368421 0.02102376599634369 0.022203947368421052
0 0.930073126142596 0.7598684210526315 0.018281535648994516 0.01644736842105263
0 0.8180987202925045 0.9810855263157895 0.02102376599634369 0.018092105263157895
1 0.030621572212065813 0.9917763157894737 0.02376599634369287 0.01644736842105263
1 0.9081352833638026 0.8939144736842105 0.025594149908592323 0.023026315789473683
1 0.5712979890310786 0.967516447368421 0.021937842778793418 0.023848684210526317
1 0.819926873857404 0.7676809210526315 0.025594149908592323 0.018914473684210526
0 0.22943327239488118 0.6048519736842105 0.019195612431444242 0.018914473684210526
0 0.4469835466179159 0.9790296052631579 0.015539305301645339 0.014802631578947368
0 0.946983546617916 0.7446546052631579 0.021937842778793418 0.015625
0 0.553473491773309 0.6648848684210527 0.025594149908592323 0.02055921052631579
1 0.5854661791590493 0.9601151315789473 0.021937842778793418 0.02055921052631579
1 0.593235831809872 0.45230263157894735 0.026508226691042046 0.023026315789473683
0 0.5246800731261426 0.6907894736842105 0.022851919561243144 0.018092105263157895
1 0.5671846435100548 0.44901315789473684 0.025594149908592323 0.024671052631578948
0 0.8619744058500914 0.8087993421052632 0.02102376599634369 0.019736842105263157
1 0.27239488117001825 0.9173519736842105 0.031078610603290677 0.02549342105263158
0 0.23446069469835465 0.6632401315789473 0.016453382084095063 0.017269736842105265
1 0.8272394881170019 0.944078947368421 0.02102376599634369 0.014802631578947368
1 0.5470749542961609 0.6476151315789473 0.02376599634369287 0.018092105263157895
1 0.8021023765996343 0.7545230263157895 0.016453382084095063 0.015625
1 0.9040219378427788 0.8063322368421053 0.021937842778793418 0.024671052631578948
0 0.876599634369287 0.790296052631579 0.02010968921389397 0.018092105263157895
0 0.9017367458866545 0.8470394736842105 0.02102376599634369 0.018914473684210526
0 0.4140767824497258 0.9683388157894737 0.016453382084095063 0.014802631578947368
0 0.2202925045703839 0.5641447368421053 0.01736745886654479 0.01644736842105263
1 0.5379341864716636 0.7240953947368421 0.021937842778793418 0.02055921052631579
0 0.03244972577696526 0.4995888157894737 0.0283363802559415 0.02631578947368421
1 0.6046617915904936 0.4276315789473684 0.025594149908592323 0.019736842105263157
0 0.9597806215722121 0.8026315789473685 0.022851919561243144 0.019736842105263157
0 0.8816270566727605 0.774671052631579 0.01736745886654479 0.013980263157894737
0 0.5658135283363802 0.9214638157894737 0.019195612431444242 0.01644736842105263
1 0.9488117001828154 0.9950657894736842 0.021937842778793418 0.009868421052631578
1 0.9492687385740403 0.7623355263157895 0.02376599634369287 0.02055921052631579
0 0.23583180987202926 0.5649671052631579 0.01736745886654479 0.013980263157894737
1 0.42550274223034734 0.9880756578947368 0.018281535648994516 0.018914473684210526
0 0.8679159049360147 0.844983552631579 0.02376599634369287 0.019736842105263157
0 0.8053016453382084 0.946546052631579 0.02010968921389397 0.017269736842105265
0 0.20749542961608775 0.8638980263157895 0.019195612431444242 0.013980263157894737
0 0.4963436928702011 0.673108552631579 0.021937842778793418 0.02138157894736842
1 0.5 0.6492598684210527 0.026508226691042046 0.022203947368421052
0 0.8647166361974405 0.7833059210526315 0.02010968921389397 0.01644736842105263
0 0.6037477148080439 0.9794407894736842 0.019195612431444242 0.018092105263157895
1 0.5461608775137111 0.8861019736842105 0.02010968921389397 0.017269736842105265
0 0.5169104204753199 0.7064144736842105 0.022851919561243144 0.018914473684210526
1 0.8788848263254113 0.8211348684210527 0.021937842778793418 0.018092105263157895
0 0.8706581352833638 0.7537006578947368 0.02102376599634369 0.018092105263157895
0 0.5022851919561243 0.6476151315789473 0.026508226691042046 0.023848684210526317
0 0.019195612431444242 0.4790296052631579 0.025594149908592323 0.02055921052631579
0 0.20749542961608775 0.5662006578947368 0.018281535648994516 0.015625
0 0.8957952468007313 0.7841282894736842 0.02102376599634369 0.02055921052631579
0 0.8980804387568556 0.9181743421052632 0.01736745886654479 0.017269736842105265
0 0.9410420475319927 0.9683388157894737 0.019195612431444242 0.015625
0 0.5370201096892139 0.6763980263157895 0.02010968921389397 0.017269736842105265
0 0.6197440585009141 0.9666940789473685 0.022851919561243144 0.017269736842105265
0 0.02330895795246801 0.45929276315789475 0.025594149908592323 0.024671052631578948
0 0.5411334552102377 0.6986019736842105 0.019195612431444242 0.014802631578947368
0 0.054387568555758686 0.4691611842105263 0.021937842778793418 0.018092105263157895
0 0.44104204753199266 0.9938322368421053 0.01736745886654479 0.012335526315789474
1 0.2710237659963437 0.9901315789473685 0.024680073126142597 0.018914473684210526
0 0.21480804387568556 0.6636513157894737 0.01736745886654479 0.01644736842105263
1 0.5292504570383912 0.9930098684210527 0.031078610603290677 0.013980263157894737
1 0.7554844606946983 0.9161184210526315 0.015539305301645339 0.015625
0 0.3743144424131627 0.9794407894736842 0.01736745886654479 0.013980263157894737
0 0.03290676416819013 0.4597039473684211 0.0283363802559415 0.024671052631578948
1 0.5712979890310786 0.9905427631578947 0.018281535648994516 0.017269736842105265
