1 0.6220292504570384 0.8671875 0.027422303473491772 0.023026315789473683
1 0.8761425959780622 0.09991776315789473 0.031078610603290677 0.02631578947368421
1 0.1723034734917733 0.2598684210526316 0.022851919561243144 0.018914473684210526
1 0.24451553930530165 0.6722861842105263 0.026508226691042046 0.022203947368421052
1 0.7554844606946983 0.7701480263157895 0.03016453382084095 0.02631578947368421
1 0.8989945155393053 0.06291118421052631 0.031078610603290677 0.02549342105263158
1 0.2152650822669104 0.3293585526315789 0.024680073126142597 0.024671052631578948
1 0.03016453382084095 0.42598684210526316 0.027422303473491772 0.023848684210526317
1 0.39351005484460694 0.4510690789473684 0.03016453382084095 0.02549342105263158
1 0.3359232175502742 0.33675986842105265 0.03290676416819013 0.027138157894736843
1 0.9853747714808044 0.03042763157894737 0.029250457038391225 0.028782894736842105
1 0.09506398537477148 0.9876644736842105 0.025594149908592323 0.018914473684210526
1 0.9090493601462523 0.6171875 0.03016453382084095 0.024671052631578948
1 0.37522851919561245 0.6311677631578947 0.0283363802559415 0.02631578947368421
1 0.37294332723948814 0.5908717105263158 0.031078610603290677 0.028782894736842105
1 0.8638025594149908 0.6521381578947368 0.033820840950639856 0.027138157894736843
1 0.7308043875685558 0.6365131578947368 0.03473491773308958 0.024671052631578948
1 0.44149908592321757 0.3203125 0.031078610603290677 0.02549342105263158
1 0.5278793418647166 0.7927631578947368 0.027422303473491772 0.024671052631578948
1 0.2696526508226691 0.7035361842105263 0.02376599634369287 0.022203947368421052
1 0.4236745886654479 0.6447368421052632 0.025594149908592323 0.023026315789473683
1 0.3194698354661792 0.9819078947368421 0.027422303473491772 0.024671052631578948
1 0.6873857404021938 0.027549342105263157 0.031992687385740404 0.03042763157894737
0 0.15310786106032906 0.2652138157894737 0.02102376599634369 0.017269736842105265
1 0.041590493601462525 0.49588815789473684 0.031992687385740404 0.028782894736842105
1 0.11471663619744059 0.03536184210526316 0.024680073126142597 0.02138157894736842
1 0.7760511882998172 0.5851151315789473 0.025594149908592323 0.022203947368421052
1 0.729890310786106 0.759046052631579 0.0356489945155393 0.029605263157894735
1 0.93327239488117 0.8087993421052632 0.0283363802559415 0.02055921052631579
1 0.4648080438756856 0.34457236842105265 0.027422303473491772 0.022203947368421052
1 0.5109689213893968 0.3951480263157895 0.027422303473491772 0.024671052631578948
1 0.15996343692870202 0.38199013157894735 0.027422303473491772 0.024671052631578948
1 0.36745886654478976 0.4498355263157895 0.027422303473491772 0.023026315789473683
1 0.04616087751371115 0.3930921052631579 0.025594149908592323 0.02138157894736842
1 0.49725776965265084 0.35238486842105265 0.031992687385740404 0.027960526315789474
1 0.11791590493601463 0.65625 0.029250457038391225 0.023848684210526317
1 0.33638025594149906 0.9140625 0.022851919561243144 0.02055921052631579
1 0.7253199268738574 0.31085526315789475 0.022851919561243144 0.023026315789473683
0 0.946983546617916 0.11101973684210527 0.027422303473491772 0.023848684210526317
1 0.3976234003656307 0.6443256578947368 0.033820840950639856 0.028782894736842105
1 0.31078610603290674 0.9091282894736842 0.025594149908592323 0.023848684210526317
1 0.9291590493601463 0.4765625 0.019195612431444242 0.013980263157894737
1 0.466636197440585 0.6842105263157895 0.0356489945155393 0.03536184210526316
1 0.14442413162705667 0.3190789473684211 0.027422303473491772 0.023026315789473683
1 0.19469835466179158 0.33675986842105265 0.027422303473491772 0.024671052631578948
1 0.79981718464351 0.2709703947368421 0.026508226691042046 0.023848684210526317
1 0.04524680073126142 0.44366776315789475 0.026508226691042046 0.02631578947368421
1 0.1846435100548446 0.6702302631578947 0.026508226691042046 0.02055921052631579
1 0.19378427787934185 0.6537828947368421 0.024680073126142597 0.02055921052631579
1 0.6581352833638026 0.033717105263157895 0.033820840950639856 0.028782894736842105
0 0.5205667276051188 0.33963815789473684 0.027422303473491772 0.023026315789473683
1 0.10603290676416818 0.7171052631578947 0.019195612431444242 0.015625
1 0.843235831809872 0.6188322368421053 0.031078610603290677 0.024671052631578948
1 0.9547531992687386 0.009457236842105263 0.04113345521023766 0.018914473684210526
1 0.42550274223034734 0.4050164473684211 0.0283363802559415 0.02631578947368421
1 0.42230347349177333 0.7919407894736842 0.026508226691042046 0.024671052631578948
1 0.7627970749542962 0.7101151315789473 0.029250457038391225 0.02549342105263158
1 0.06444241316270567 0.3371710526315789 0.025594149908592323 0.023026315789473683
1 0.3930530164533821 0.7948190789473685 0.033820840950639856 0.028782894736842105
1 0.643510054844607 0.3412828947368421 0.029250457038391225 0.027138157894736843
1 0.48811700182815354 0.6603618421052632 0.037477148080438755 0.02631578947368421
1 0.6329981718464351 0.8836348684210527 0.031992687385740404 0.02549342105263158
0 0.3468921389396709 0.9761513157894737 0.026508226691042046 0.022203947368421052
1 0.018738574040219377 0.4839638157894737 0.025594149908592323 0.02631578947368421
0 0.03244972577696526 0.017269736842105265 0.025594149908592323 0.02055921052631579
1 0.4753199268738574 0.5357730263157895 0.021937842778793418 0.02055921052631579
1 0.8011882998171846 0.5546875 0.022851919561243144 0.019736842105263157
0 0.2042961608775137 0.7627467105263158 0.027422303473491772 0.018914473684210526
1 0.007312614259597806 0.4555921052631579 0.014625228519195612 0.02549342105263158
1 0.1969835466179159 0.31743421052631576 0.024680073126142597 0.01644736842105263
1 0.34049360146252283 0.36554276315789475 0.033820840950639856 0.03289473684210526
0 0.1563071297989031 0.24958881578947367 0.02010968921389397 0.014802631578947368
1 0.8075868372943327 0.2894736842105263 0.026508226691042046 0.022203947368421052
0 0.17778793418647165 0.3651315789473684 0.0283363802559415 0.02138157894736842
1 0.3139853747714808 0.3536184210526316 0.029250457038391225 0.032072368421052634
1 0.3487202925045704 0.6541940789473685 0.026508226691042046 0.024671052631578948
1 0.7120658135283364 0.12828947368421054 0.025594149908592323 0.02631578947368421
1 0.4922303473491773 0.40625 0.026508226691042046 0.023848684210526317
0 0.49725776965265084 0.48067434210526316 0.02010968921389397 0.01644736842105263
1 0.40585009140767825 0.3930921052631579 0.025594149908592323 0.023848684210526317
1 0.4913162705667276 0.4954769736842105 0.02376599634369287 0.017269736842105265
0 0.41819012797074956 0.5069901315789473 0.022851919561243144 0.02055921052631579
0 0.5987202925045704 0.3215460526315789 0.024680073126142597 0.019736842105263157
0 0.3857404021937843 0.3458059210526316 0.02376599634369287 0.023026315789473683
1 0.30895795246800734 0.9403782894736842 0.025594149908592323 0.023026315789473683
1 0.2623400365630713 0.6681743421052632 0.02102376599634369 0.02055921052631579
1 0.07038391224862889 0.6040296052631579 0.019195612431444242 0.018914473684210526
1 0.20840950639853748 0.3519736842105263 0.0283363802559415 0.02138157894736842
1 0.4063071297989031 0.3458059210526316 0.024680073126142597 0.024671052631578948
0 0.9241316270566727 0.10731907894736842 0.025594149908592323 0.022203947368421052
1 0.363345521023766 0.7845394736842105 0.031078610603290677 0.02631578947368421
1 0.4990859232175503 0.6842105263157895 0.03656307129798903 0.029605263157894735
0 0.6211151736745887 0.32524671052631576 0.02376599634369287 0.018914473684210526
1 0.6170018281535649 0.2989309210526316 0.026508226691042046 0.023848684210526317
1 0.1256855575868373 0.6266447368421053 0.025594149908592323 0.02055921052631579
1 0.21115173674588666 0.7257401315789473 0.021937842778793418 0.019736842105263157
1 0.3030164533820841 0.7458881578947368 0.0283363802559415 0.01644736842105263
1 0.8980804387568556 0.4925986842105263 0.021937842778793418 0.018914473684210526
0 0.1860146252285192 0.7561677631578947 0.022851919561243144 0.02138157894736842
1 0.9382998171846435 0.8260690789473685 0.0283363802559415 0.02138157894736842
1 0.013711151736745886 0.4379111842105263 0.022851919561243144 0.02055921052631579
1 0.3702010968921389 0.983141447368421 0.027422303473491772 0.027138157894736843
1 0.10603290676416818 0.01850328947368421 0.025594149908592323 0.019736842105263157
1 0.6691042047531993 0.36430921052631576 0.024680073126142597 0.024671052631578948
0 0.5383912248628885 0.3256578947368421 0.027422303473491772 0.022203947368421052
1 0.3007312614259598 0.985608552631579 0.022851919561243144 0.024671052631578948
1 0.11380255941499086 0.7273848684210527 0.02102376599634369 0.015625
1 0.6695612431444241 0.3268914473684211 0.0283363802559415 0.023848684210526317
1 0.8542047531992687 0.5271381578947368 0.02102376599634369 0.017269736842105265
1 0.853290676416819 0.2652138157894737 0.025594149908592323 0.022203947368421052
1 0.6631627056672761 0.012335526315789474 0.038391224862888484 0.024671052631578948
1 0.40447897623400364 0.7611019736842105 0.031992687385740404 0.022203947368421052
1 0.946983546617916 0.48067434210526316 0.02010968921389397 0.019736842105263157
1 0.44104204753199266 0.45148026315789475 0.027422303473491772 0.024671052631578948
1 0.25 0.701891447368421 0.021937842778793418 0.02138157894736842
1 0.7198354661791591 0.4194078947368421 0.029250457038391225 0.024671052631578948
1 0.09186471663619744 0.7138157894736842 0.01736745886654479 0.01644736842105263
1 0.3802559414990859 0.5041118421052632 0.031992687385740404 0.029605263157894735
1 0.6188299817184644 0.3824013157894737 0.024680073126142597 0.023848684210526317
0 0.46755027422303475 0.4473684210526316 0.02376599634369287 0.019736842105263157
1 0.8441499085923218 0.4987664473684211 0.019195612431444242 0.019736842105263157
1 0.38482632541133455 0.3704769736842105 0.0283363802559415 0.023848684210526317
1 0.7819926873857403 0.719983552631579 0.024680073126142597 0.02138157894736842
1 0.4085923217550274 0.7804276315789473 0.03016453382084095 0.024671052631578948
1 0.038391224862888484 0.40912828947368424 0.03016453382084095 0.02055921052631579
0 0.5228519195612431 0.3704769736842105 0.031078610603290677 0.024671052631578948
1 0.3569469835466179 0.920641447368421 0.025594149908592323 0.022203947368421052
1 0.3679159049360146 0.6665296052631579 0.026508226691042046 0.02549342105263158
1 0.6928702010968921 0.37212171052631576 0.027422303473491772 0.02138157894736842
1 0.015539305301645339 0.3503289473684211 0.019195612431444242 0.02055921052631579
1 0.1723034734917733 0.31085526315789475 0.026508226691042046 0.023026315789473683
0 0.54981718464351 0.36019736842105265 0.026508226691042046 0.024671052631578948
0 0.45018281535648996 0.4317434210526316 0.029250457038391225 0.022203947368421052
1 0.0872943327239488 0.16159539473684212 0.021937842778793418 0.02055921052631579
0 0.40260511882998173 0.6213075657894737 0.027376599634369288 0.019786184210526313
1 0.43144424131627057 0.592516447368421 0.02376599634369287 0.02549342105263158
0 0.6631627056672761 0.30962171052631576 0.024680073126142597 0.018914473684210526
1 0.37294332723948814 0.4666940789473684 0.03016453382084095 0.02549342105263158
0 0.893510054844607 0.17557565789473684 0.027422303473491772 0.022203947368421052
0 0.2915904936014625 0.7064144736842105 0.021937842778793418 0.02138157894736842
1 0.40676416819012795 0.41488486842105265 0.027422303473491772 0.022203947368421052
1 0.4012797074954296 0.5707236842105263 0.027422303473491772 0.022203947368421052
1 0.5054844606946983 0.7857730263157895 0.025594149908592323 0.02631578947368421
0 0.39945155393053017 0.592516447368421 0.027422303473491772 0.023848684210526317
1 0.24405850091407677 0.7537006578947368 0.026508226691042046 0.022203947368421052
1 0.16042047531992687 0.9555921052631579 0.019195612431444242 0.018092105263157895
0 0.6087751371115173 0.8556743421052632 0.022851919561243144 0.015625
1 0.8327239488117002 0.48601973684210525 0.015539305301645339 0.013157894736842105
0 0.3857404021937843 0.772203947368421 0.021937842778793418 0.022203947368421052
1 0.2472577696526508 0.9263980263157895 0.025594149908592323 0.023026315789473683
1 0.3921389396709324 0.6768092105263158 0.03290676416819013 0.03453947368421053
1 0.8843692870201096 0.4856085526315789 0.01736745886654479 0.013980263157894737
0 0.013711151736745886 0.16447368421052633 0.02376599634369287 0.02631578947368421
1 0.3688299817184644 0.3589638157894737 0.025594149908592323 0.027960526315789474
1 0.7650822669104205 0.46710526315789475 0.02376599634369287 0.019736842105263157
1 0.8258683729433273 0.5180921052631579 0.018281535648994516 0.018092105263157895
0 0.46846435100548445 0.4041940789473684 0.026508226691042046 0.02631578947368421
1 0.9035648994515539 0.509046052631579 0.018281535648994516 0.017269736842105265
0 0.40036563071297987 0.5061677631578947 0.01736745886654479 0.018092105263157895
0 0.9853747714808044 0.05345394736842105 0.024680073126142597 0.019736842105263157
0 0.15813528336380256 0.33675986842105265 0.025594149908592323 0.022203947368421052
0 0.5141681901279708 0.32319078947368424 0.026508226691042046 0.018914473684210526
0 0.4085923217550274 0.4909539473684211 0.021937842778793418 0.018092105263157895
0 0.22760511882998172 0.7154605263157895 0.024680073126142597 0.018914473684210526
0 0.36608775137111516 0.7615131578947368 0.0283363802559415 0.024671052631578948
1 0.3569469835466179 0.938733552631579 0.0283363802559415 0.02055921052631579
1 0.19789762340036562 0.2890625 0.02010968921389397 0.018914473684210526
1 0.2915904936014625 0.9580592105263158 0.027422303473491772 0.02138157894736842
1 0.44515539305301643 0.921875 0.022851919561243144 0.019736842105263157
0 0.1480804387568556 0.6463815789473685 0.018281535648994516 0.014802631578947368
1 0.9872029250457038 0.7652138157894737 0.01736745886654479 0.018914473684210526
1 0.9949725776965265 0.7421875 0.010054844606946984 0.02138157894736842
1 0.33546617915904936 0.899671052631579 0.02376599634369287 0.017269736842105265
0 0.42047531992687387 0.44901315789473684 0.021937842778793418 0.024671052631578948
0 0.5936928702010968 0.3026315789473684 0.026508226691042046 0.023026315789473683
0 0.546617915904936 0.3412828947368421 0.02376599634369287 0.018092105263157895
1 0.10237659963436929 0.9288651315789473 0.02102376599634369 0.018914473684210526
1 0.031078610603290677 0.6685855263157895 0.021937842778793418 0.02138157894736842
0 0.6540219378427788 0.13733552631578946 0.03016453382084095 0.023848684210526317
1 0.17595978062157222 0.860608552631579 0.024680073126142597 0.023848684210526317
1 0.025137111517367458 0.4527138157894737 0.025594149908592323 0.019736842105263157
1 0.1316270566727605 0.9333881578947368 0.02010968921389397 0.018092105263157895
1 0.946526508226691 0.6007401315789473 0.025594149908592323 0.02138157894736842
1 0.7184643510054844 0.4942434210526316 0.021937842778793418 0.02055921052631579
0 0.03244972577696526 0.6467927631578947 0.01736745886654479 0.01644736842105263
1 0.16727605118829983 0.2808388157894737 0.02102376599634369 0.018092105263157895
1 0.4593235831809872 0.5427631578947368 0.019195612431444242 0.018914473684210526
1 0.7367458866544789 0.7150493421052632 0.025594149908592323 0.028782894736842105
1 0.49314442413162707 0.7027138157894737 0.0356489945155393 0.019736842105263157
1 0.3688299817184644 0.920641447368421 0.019195612431444242 0.02138157894736842
1 0.9204753199268738 0.17886513157894737 0.01736745886654479 0.017269736842105265
1 0.07221206581352833 0.18544407894736842 0.024680073126142597 0.019736842105263157
0 0.18053016453382084 0.40337171052631576 0.026508226691042046 0.02138157894736842
1 0.32541133455210236 0.9272203947368421 0.019195612431444242 0.017269736842105265
1 0.18784277879341865 0.8597861842105263 0.021937842778793418 0.02138157894736842
1 0.007769652650822669 0.3540296052631579 0.014625228519195612 0.022203947368421052
1 0.6430530164533821 0.3828125 0.024680073126142597 0.022203947368421052
1 0.33683729433272397 0.9350328947368421 0.019195612431444242 0.02138157894736842
1 0.7915904936014625 0.6735197368421053 0.025594149908592323 0.018914473684210526
1 0.946983546617916 0.18914473684210525 0.01736745886654479 0.017269736842105265
0 0.44881170018281535 0.4017269736842105 0.022851919561243144 0.024671052631578948
1 0.5493601462522852 0.7249177631578947 0.021937842778793418 0.017269736842105265
1 0.015996343692870202 0.6957236842105263 0.016453382084095063 0.01644736842105263
0 0.47760511882998175 0.42886513157894735 0.0283363802559415 0.023026315789473683
1 0.8811700182815356 0.5226151315789473 0.015539305301645339 0.01644736842105263
1 0.05347349177330896 0.6800986842105263 0.022851919561243144 0.019736842105263157
1 0.7600548446069469 0.5978618421052632 0.018281535648994516 0.017269736842105265
1 0.12842778793418647 0.15542763157894737 0.02010968921389397 0.018092105263157895
1 0.32678244972577697 0.6681743421052632 0.019195612431444242 0.02055921052631579
0 0.22257769652650822 0.8988486842105263 0.018281535648994516 0.014802631578947368
0 0.23263254113345522 0.3815789473684211 0.016453382084095063 0.015625
0 0.6672760511882998 0.3852796052631579 0.02102376599634369 0.02055921052631579
0 0.6055758683729433 0.8729440789473685 0.02010968921389397 0.02138157894736842
0 0.20475319926873858 0.7771381578947368 0.029250457038391225 0.019736842105263157
0 0.9725776965265083 0.07072368421052631 0.021937842778793418 0.019736842105263157
0 0.21115173674588666 0.8865131578947368 0.027422303473491772 0.023848684210526317
0 0.34643510054844606 0.748766447368421 0.029250457038391225 0.018914473684210526
1 0.09689213893967093 0.3190789473684211 0.02376599634369287 0.018092105263157895
0 0.7134369287020109 0.18133223684210525 0.02010968921389397 0.015625
1 0.8683729433272395 0.522203947368421 0.014625228519195612 0.014802631578947368
0 0.8816270566727605 0.19490131578947367 0.029250457038391225 0.023026315789473683
1 0.09323583180987204 0.1747532894736842 0.01736745886654479 0.013980263157894737
1 0.9675502742230347 0.6151315789473685 0.02376599634369287 0.022203947368421052
1 0.9369287020109689 0.4975328947368421 0.019195612431444242 0.017269736842105265
1 0.26051188299817185 0.9954769736842105 0.021937842778793418 0.009046052631578948
1 0.1860146252285192 0.26973684210526316 0.019195612431444242 0.02055921052631579
1 0.02010968921389397 0.6817434210526315 0.01736745886654479 0.01644736842105263
0 0.06307129798903108 0.6217105263157895 0.019195612431444242 0.017269736842105265
1 0.08226691042047532 0.6287006578947368 0.02010968921389397 0.019736842105263157
0 0.061243144424131625 0.005345394736842105 0.021937842778793418 0.01069078947368421
1 0.6339122486288848 0.025904605263157895 0.02376599634369287 0.024671052631578948
1 0.21937842778793418 0.7430098684210527 0.03016453382084095 0.02549342105263158
1 0.353290676416819 0.9946546052631579 0.025594149908592323 0.01069078947368421
1 0.373400365630713 0.1356907894736842 0.022851919561243144 0.023848684210526317
1 0.09963436928702012 0.9958881578947368 0.0283363802559415 0.008223684210526315
0 0.1773308957952468 0.3268914473684211 0.02010968921389397 0.017269736842105265
1 0.5274223034734917 0.5349506578947368 0.021937842778793418 0.018092105263157895
1 0.7527422303473492 0.6698190789473685 0.031078610603290677 0.022203947368421052
1 0.040676416819012795 0.594983552631579 0.02010968921389397 0.014802631578947368
1 0.9361151736745885 0.9617105263157896 0.030585009140767824 0.03078125
