1 0.03244972577696526 0.04893092105263158 0.0283363802559415 0.02631578947368421
1 0.9744058500914077 0.33963815789473684 0.038391224862888484 0.027138157894736843
1 0.1430530164533821 0.030016447368421052 0.031992687385740404 0.024671052631578948
1 0.24360146252285192 0.09580592105263158 0.033820840950639856 0.027138157894736843
1 0.3117001828153565 0.07689144736842106 0.03473491773308958 0.03042763157894737
1 0.07906764168190128 0.571546052631579 0.03290676416819013 0.027138157894736843
1 0.09597806215722121 0.15419407894736842 0.021937842778793418 0.018914473684210526
1 0.5585009140767825 0.15049342105263158 0.03016453382084095 0.024671052631578948
1 0.5164533820840951 0.24958881578947367 0.027422303473491772 0.024671052631578948
1 0.6398537477148081 0.05592105263157895 0.031992687385740404 0.022203947368421052
1 0.30438756855575866 0.20764802631578946 0.03016453382084095 0.024671052631578948
1 0.8372943327239488 0.1278782894736842 0.033820840950639856 0.023848684210526317
1 0.08226691042047532 0.6192434210526315 0.031992687385740404 0.028782894736842105
1 0.2829067641681901 0.04851973684210526 0.0356489945155393 0.02549342105263158
1 0.4186471663619744 0.10361842105263158 0.0283363802559415 0.024671052631578948
1 0.4977148080438757 0.028782894736842105 0.037477148080438755 0.028782894736842105
1 0.4227605118829982 0.8708881578947368 0.0283363802559415 0.024671052631578948
1 0.0690127970749543 0.6451480263157895 0.031078610603290677 0.027138157894736843
1 0.5393053016453382 0.13404605263157895 0.031992687385740404 0.02631578947368421
1 0.3907678244972578 0.08100328947368421 0.029250457038391225 0.023026315789473683
0 0.9867458866544789 0.4350328947368421 0.026508226691042046 0.02549342105263158
1 0.20795246800731262 0.19736842105263158 0.026508226691042046 0.019736842105263157
1 0.6590493601462523 0.15625 0.0283363802559415 0.023026315789473683
1 0.22851919561243145 0.11513157894736842 0.043875685557586835 0.03125
1 0.18372943327239488 0.04564144736842105 0.029250457038391225 0.02138157894736842
1 0.05941499085923217 0.02631578947368421 0.025594149908592323 0.02138157894736842
1 0.6101462522851919 0.28618421052631576 0.031992687385740404 0.027138157894736843
1 0.19195612431444242 0.07401315789473684 0.031992687385740404 0.027960526315789474
1 0.9127056672760512 0.015625 0.027422303473491772 0.02138157894736842
1 0.02010968921389397 0.5032894736842105 0.0283363802559415 0.023848684210526317
1 0.40676416819012795 0.8852796052631579 0.026508226691042046 0.023848684210526317
1 0.10603290676416818 0.6254111842105263 0.026508226691042046 0.027138157894736843
1 0.11974405850091407 0.05838815789473684 0.03016453382084095 0.024671052631578948
0 0.43875685557586835 0.5448190789473685 0.037477148080438755 0.029605263157894735
1 0.16681901279707495 0.06949013157894737 0.029250457038391225 0.027960526315789474
1 0.7422303473491774 0.21669407894736842 0.026508226691042046 0.023848684210526317
1 0.021937842778793418 0.6077302631578947 0.0283363802559415 0.027960526315789474
1 0.7682815356489945 0.0859375 0.027422303473491772 0.022203947368421052
1 0.18875685557586838 0.10279605263157894 0.03930530164533821 0.03042763157894737
1 0.23080438756855576 0.19736842105263158 0.024680073126142597 0.022203947368421052
0 0.4053930530164534 0.5563322368421053 0.038391224862888484 0.03289473684210526
1 0.08363802559414991 0.02549342105263158 0.024680073126142597 0.018914473684210526
1 0.2819926873857404 0.07606907894736842 0.031078610603290677 0.02631578947368421
1 0.6115173674588665 0.2109375 0.027422303473491772 0.023848684210526317
1 0.6115173674588665 0.22902960526315788 0.0283363802559415 0.02055921052631579
1 0.5438756855575868 0.10320723684210527 0.03290676416819013 0.023848684210526317
0 0.6384826325411335 0.1435032894736842 0.02376599634369287 0.022203947368421052
1 0.5287934186471663 0.15172697368421054 0.031078610603290677 0.024671052631578948
0 0.37614259597806216 0.53125 0.037477148080438755 0.03536184210526316
1 0.906764168190128 0.039473684210526314 0.031992687385740404 0.023848684210526317
1 0.5283363802559415 0.03577302631578947 0.0283363802559415 0.02631578947368421
1 0.5671846435100548 0.1924342105263158 0.0283363802559415 0.022203947368421052
1 0.9328153564899452 0.42680921052631576 0.03016453382084095 0.02549342105263158
1 0.1540219378427788 0.09539473684210527 0.026508226691042046 0.02055921052631579
1 0.7746800731261426 0.12746710526315788 0.027422303473491772 0.02138157894736842
1 0.04981718464351006 0.6114309210526315 0.03016453382084095 0.02631578947368421
0 0.7655393053016454 0.22286184210526316 0.026508226691042046 0.02055921052631579
1 0.03930530164533821 0.5185032894736842 0.026508226691042046 0.02631578947368421
0 0.6649908592321755 0.13733552631578946 0.024680073126142597 0.019736842105263157
0 0.9931444241316271 0.36636513157894735 0.013711151736745886 0.028782894736842105
1 0.12385740402193784 0.16282894736842105 0.018281535648994516 0.01644736842105263
1 0.6252285191956124 0.25945723684210525 0.027422303473491772 0.022203947368421052
1 0.3916819012797075 0.10074013157894737 0.026508226691042046 0.02055921052631579
1 0.5644424131627057 0.2824835526315789 0.027422303473491772 0.023848684210526317
1 0.9876599634369287 0.5941611842105263 0.024680073126142597 0.03125
1 0.5740402193784278 0.14103618421052633 0.03473491773308958 0.03453947368421053
1 0.5411334552102377 0.2759046052631579 0.025594149908592323 0.02549342105263158
1 0.3802559414990859 0.8721217105263158 0.029250457038391225 0.027138157894736843
1 0.05347349177330896 0.5764802631578947 0.029250457038391225 0.022203947368421052
1 0.054387568555758686 0.6615953947368421 0.038391224862888484 0.03289473684210526
1 0.6320840950639853 0.20394736842105263 0.026508226691042046 0.024671052631578948
1 0.5749542961608776 0.2158717105263158 0.022851919561243144 0.024671052631578948
1 0.8989945155393053 0.6829769736842105 0.03290676416819013 0.027138157894736843
1 0.062157221206581355 0.5945723684210527 0.026508226691042046 0.02055921052631579
1 0.3491773308957952 0.05633223684210526 0.02376599634369287 0.023848684210526317
0 0.9446983546617916 0.3939144736842105 0.029250457038391225 0.023026315789473683
1 0.1206581352833638 0.03042763157894737 0.022851919561243144 0.018914473684210526
0 0.9739488117001828 0.3795230263157895 0.027422303473491772 0.02138157894736842
1 0.7454296160877514 0.0884046052631579 0.024680073126142597 0.023848684210526317
1 0.034277879341864714 0.5896381578947368 0.025594149908592323 0.023848684210526317
1 0.5594149908592322 0.010279605263157895 0.0283363802559415 0.02055921052631579
0 0.9885740402193784 0.4629934210526316 0.022851919561243144 0.024671052631578948
1 0.543418647166362 0.020148026315789474 0.03016453382084095 0.02549342105263158
1 0.2312614259597806 0.17639802631578946 0.027422303473491772 0.019736842105263157
1 0.6983546617915904 0.23108552631578946 0.027422303473491772 0.024671052631578948
0 0.5475319926873857 0.07483552631578948 0.026508226691042046 0.022203947368421052
1 0.44972577696526506 0.109375 0.027422303473491772 0.022203947368421052
1 0.5589579524680073 0.21628289473684212 0.021937842778793418 0.023026315789473683
1 0.01736745886654479 0.5259046052631579 0.0283363802559415 0.02631578947368421
0 0.613345521023766 0.17886513157894737 0.024680073126142597 0.022203947368421052
1 0.9872029250457038 0.7870065789473685 0.025594149908592323 0.029605263157894735
1 0.8414076782449725 0.3355263157894737 0.031078610603290677 0.023848684210526317
1 0.6901279707495429 0.1953125 0.031992687385740404 0.024671052631578948
1 0.5941499085923218 0.027549342105263157 0.0283363802559415 0.023026315789473683
1 0.29570383912248627 0.8955592105263158 0.03016453382084095 0.024671052631578948
1 0.2477148080438757 0.1953125 0.018281535648994516 0.022203947368421052
1 0.9017367458866545 0.006578947368421052 0.026508226691042046 0.013157894736842105
1 0.03976234003656307 0.6303453947368421 0.031992687385740404 0.023848684210526317
0 0.9597806215722121 0.4296875 0.025594149908592323 0.023848684210526317
1 0.08592321755027423 0.6624177631578947 0.027422303473491772 0.023026315789473683
1 0.49405850091407677 0.008634868421052632 0.033820840950639856 0.017269736842105265
1 0.5795246800731262 0.109375 0.029250457038391225 0.023848684210526317
1 0.051188299817184646 0.16858552631578946 0.02102376599634369 0.018914473684210526
1 0.08409506398537477 0.5884046052631579 0.026508226691042046 0.018914473684210526
1 0.5827239488117002 0.014391447368421052 0.026508226691042046 0.022203947368421052
0 0.5562157221206582 0.2524671052631579 0.029250457038391225 0.023026315789473683
1 0.4259597806215722 0.8930921052631579 0.021937842778793418 0.019736842105263157
0 0.973491773308958 0.3618421052631579 0.03016453382084095 0.022203947368421052
1 0.8939670932358318 0.17351973684210525 0.022851919561243144 0.01644736842105263
1 0.17093235831809872 0.3470394736842105 0.02376599634369287 0.018092105263157895
1 0.8912248628884827 0.006578947368421052 0.033820840950639856 0.013157894736842105
0 0.5319926873857403 0.22738486842105263 0.024680073126142597 0.02055921052631579
0 0.590036563071298 0.2060032894736842 0.02010968921389397 0.02138157894736842
1 0.008226691042047532 0.16611842105263158 0.013711151736745886 0.027138157894736843
1 0.6252285191956124 0.13034539473684212 0.026508226691042046 0.022203947368421052
1 0.09049360146252285 0.6414473684210527 0.022851919561243144 0.02055921052631579
1 0.4008226691042048 0.600328947368421 0.029250457038391225 0.024671052631578948
1 0.11014625228519195 0.1669407894736842 0.016453382084095063 0.015625
1 0.014625228519195612 0.006167763157894737 0.029250457038391225 0.012335526315789474
1 0.7979890310786106 0.31949013157894735 0.025594149908592323 0.02055921052631579
1 0.32449725776965266 0.8976151315789473 0.029250457038391225 0.023848684210526317
1 0.7454296160877514 0.18009868421052633 0.0283363802559415 0.022203947368421052
1 0.4360146252285192 0.18791118421052633 0.022851919561243144 0.017269736842105265
0 0.6174588665447898 0.14391447368421054 0.021937842778793418 0.017269736842105265
1 0.7010968921389397 0.18421052631578946 0.02376599634369287 0.02138157894736842
1 0.09872029250457039 0.3092105263157895 0.021937842778793418 0.017269736842105265
1 0.08318098720292505 0.6780427631578947 0.024680073126142597 0.018092105263157895
0 0.9611517367458866 0.44120065789473684 0.0283363802559415 0.02055921052631579
1 0.7216636197440585 0.2109375 0.027422303473491772 0.022203947368421052
1 0.11654478976234003 0.15501644736842105 0.01736745886654479 0.01644736842105263
0 0.05393053016453382 0.46381578947368424 0.01736745886654479 0.01644736842105263
1 0.22349177330895795 0.0834703947368421 0.021937842778793418 0.01644736842105263
1 0.2915904936014625 0.2981085526315789 0.02376599634369287 0.02138157894736842
1 0.7212065813528337 0.2314967105263158 0.025594149908592323 0.02055921052631579
0 0.7308043875685558 0.02549342105263158 0.027422303473491772 0.022203947368421052
1 0.7874771480804388 0.07894736842105263 0.02102376599634369 0.017269736842105265
1 0.27285191956124316 0.33963815789473684 0.027422303473491772 0.023026315789473683
1 0.16956124314442414 0.37335526315789475 0.019195612431444242 0.014802631578947368
0 0.018738574040219377 0.15625 0.021937842778793418 0.022203947368421052
0 0.2856489945155393 0.19161184210526316 0.02010968921389397 0.018092105263157895
1 0.9931444241316271 0.390625 0.012797074954296161 0.023848684210526317
0 0.9488117001828154 0.4115953947368421 0.026508226691042046 0.017269736842105265
0 0.4039579524680073 0.5258717105263159 0.04512797074954296 0.03314967105263158
