1 0.276508226691042 0.10444078947368421 0.01736745886654479 0.015625
1 0.5662705667276051 0.7208059210526315 0.03290676416819013 0.027960526315789474
1 0.6540219378427788 0.030838815789473683 0.026508226691042046 0.024671052631578948
1 0.5137111517367459 0.6278782894736842 0.026508226691042046 0.023848684210526317
0 0.3697440585009141 0.938733552631579 0.024680073126142597 0.02138157894736842
1 0.4428702010968921 0.36800986842105265 0.03930530164533821 0.03536184210526316
1 0.40585009140767825 0.12952302631578946 0.021937842778793418 0.018914473684210526
0 0.35420475319926875 0.3203125 0.031078610603290677 0.027138157894736843
1 0.9213893967093236 0.571546052631579 0.029250457038391225 0.02549342105263158
1 0.7138939670932358 0.484375 0.026508226691042046 0.02055921052631579
1 0.022851919561243144 0.09004934210526316 0.02102376599634369 0.019736842105263157
1 0.3359232175502742 0.06578947368421052 0.024680073126142597 0.02138157894736842
1 0.19972577696526508 0.8083881578947368 0.0283363802559415 0.023848684210526317
1 0.22394881170018283 0.7224506578947368 0.026508226691042046 0.023026315789473683
1 0.2312614259597806 0.639391447368421 0.031078610603290677 0.029605263157894735
1 0.1956124314442413 0.8421052631578947 0.0283363802559415 0.024671052631578948
1 0.18510054844606946 0.790296052631579 0.027422303473491772 0.023848684210526317
1 0.8944241316270567 0.6476151315789473 0.031078610603290677 0.027138157894736843
1 0.5904936014625228 0.16447368421052633 0.021937842778793418 0.018092105263157895
1 0.9127056672760512 0.03453947368421053 0.031992687385740404 0.028782894736842105
1 0.9012797074954296 0.8470394736842105 0.029250457038391225 0.024671052631578948
1 0.9680073126142597 0.9502467105263158 0.027422303473491772 0.023848684210526317
1 0.3030164533820841 0.9502467105263158 0.0283363802559415 0.02549342105263158
1 0.5936928702010968 0.1825657894736842 0.026508226691042046 0.02138157894736842
1 0.829981718464351 0.7245065789473685 0.029250457038391225 0.028782894736842105
1 0.9570383912248629 0.04194078947368421 0.031078610603290677 0.029605263157894735
1 0.9712065813528337 0.5263157894736842 0.024680073126142597 0.024671052631578948
1 0.06307129798903108 0.8655427631578947 0.026508226691042046 0.023026315789473683
1 0.5769561243144424 0.3126315789473684 0.016846435100548444 0.01754934210526316
1 0.6092321755027422 0.3050986842105263 0.022851919561243144 0.019736842105263157
1 0.7413162705667276 0.35855263157894735 0.021937842778793418 0.019736842105263157
1 0.21023765996343693 0.1377467105263158 0.021937842778793418 0.018914473684210526
1 0.5740402193784278 0.17722039473684212 0.019195612431444242 0.018914473684210526
1 0.409963436928702 0.3092105263157895 0.03016453382084095 0.024671052631578948
1 0.49085923217550276 0.9523026315789473 0.03016453382084095 0.027960526315789474
1 0.8162705667276051 0.08470394736842106 0.02010968921389397 0.02055921052631579
1 0.7728519195612431 0.7890625 0.0283363802559415 0.02631578947368421
1 0.4053930530164534 0.37335526315789475 0.038391224862888484 0.03536184210526316
1 0.21572212065813529 0.8523848684210527 0.026508226691042046 0.023026315789473683
1 0.7897623400365631 0.8647203947368421 0.0283363802559415 0.02631578947368421
1 0.28153564899451555 0.9375 0.026508226691042046 0.024671052631578948
1 0.6375685557586838 0.34210526315789475 0.022851919561243144 0.022203947368421052
1 0.1663619744058501 0.8626644736842105 0.024680073126142597 0.02138157894736842
0 0.25594149908592323 0.10115131578947369 0.015539305301645339 0.014802631578947368
1 0.9309872029250457 0.05180921052631579 0.029250457038391225 0.027138157894736843
1 0.23080438756855576 0.6981907894736842 0.031992687385740404 0.02631578947368421
1 0.4373857404021938 0.14268092105263158 0.02010968921389397 0.017269736842105265
1 0.4319012797074954 0.6763980263157895 0.025594149908592323 0.019736842105263157
1 0.946983546617916 0.5333059210526315 0.03016453382084095 0.028782894736842105
1 0.15996343692870202 0.2981085526315789 0.02010968921389397 0.019736842105263157
1 0.24405850091407677 0.1171875 0.01736745886654479 0.015625
1 0.8601462522851919 0.9773848684210527 0.031992687385740404 0.02549342105263158
1 0.19287020109689215 0.7569901315789473 0.027422303473491772 0.023026315789473683
0 0.8784277879341865 0.7368421052631579 0.03016453382084095 0.023848684210526317
1 0.7760511882998172 0.07648026315789473 0.024680073126142597 0.02138157894736842
1 0.11197440585009141 0.8618421052631579 0.024680073126142597 0.02138157894736842
1 0.22943327239488118 0.4699835526315789 0.024680073126142597 0.02138157894736842
1 0.2362888482632541 0.9136513157894737 0.025594149908592323 0.02138157894736842
1 0.2595978062157221 0.6258223684210527 0.03656307129798903 0.033717105263157895
1 0.7664533820840951 0.8125 0.031992687385740404 0.024671052631578948
0 0.45978062157221206 0.5974506578947368 0.02376599634369287 0.018914473684210526
1 0.9506398537477148 0.06990131578947369 0.03473491773308958 0.028782894736842105
1 0.13848263254113347 0.8688322368421053 0.02376599634369287 0.022203947368421052
1 0.6503656307129799 0.3277138157894737 0.022851919561243144 0.018914473684210526
1 0.13345521023765997 0.3026315789473684 0.02102376599634369 0.019736842105263157
0 0.47486288848263253 0.8256578947368421 0.021937842778793418 0.017269736842105265
1 0.47303473491773307 0.897203947368421 0.03016453382084095 0.029605263157894735
1 0.9021937842778793 0.7705592105263158 0.026508226691042046 0.024671052631578948
1 0.6380255941499086 0.8811677631578947 0.025594149908592323 0.023026315789473683
1 0.9282449725776966 0.8013980263157895 0.0283363802559415 0.024671052631578948
1 0.9305301645338209 0.765625 0.029250457038391225 0.023848684210526317
0 0.8117001828153565 0.9888980263157895 0.026508226691042046 0.02138157894736842
1 0.10786106032906764 0.4140625 0.024680073126142597 0.01644736842105263
1 0.4186471663619744 0.14268092105263158 0.02010968921389397 0.018914473684210526
1 0.9191042047531993 0.5953947368421053 0.033820840950639856 0.027960526315789474
1 0.10420475319926874 0.17845394736842105 0.019195612431444242 0.01644736842105263
1 0.4670932358318099 0.6200657894736842 0.0283363802559415 0.024671052631578948
1 0.8683729433272395 0.8881578947368421 0.027422303473491772 0.023848684210526317
1 0.8244972577696527 0.7931743421052632 0.027422303473491772 0.02549342105263158
1 0.43418647166361973 0.24753289473684212 0.022851919561243144 0.022203947368421052
1 0.21115173674588666 0.7393092105263158 0.026508226691042046 0.022203947368421052
1 0.8542047531992687 0.7203947368421053 0.027422303473491772 0.027138157894736843
1 0.6896709323583181 0.4477796052631579 0.03016453382084095 0.02631578947368421
1 0.7157221206581352 0.38445723684210525 0.02010968921389397 0.019736842105263157
1 0.46115173674588666 0.5785361842105263 0.027422303473491772 0.022203947368421052
1 0.5607861060329068 0.3145559210526316 0.021937842778793418 0.019736842105263157
0 0.3656307129798903 0.9177631578947368 0.0283363802559415 0.022203947368421052
1 0.3697440585009141 0.3795230263157895 0.04021937842778794 0.03453947368421053
0 0.43144424131627057 0.8203125 0.025594149908592323 0.023026315789473683
1 0.5027422303473492 0.21546052631578946 0.022851919561243144 0.019736842105263157
1 0.3544058500914077 0.8917105263157894 0.02806215722120658 0.023643092105263157
0 0.36654478976234006 0.8729440789473685 0.025594149908592323 0.02138157894736842
1 0.4739488117001828 0.15501644736842105 0.018281535648994516 0.015625
1 0.9437842778793418 0.7882401315789473 0.0283363802559415 0.02549342105263158
1 0.44515539305301643 0.15748355263157895 0.021937842778793418 0.017269736842105265
0 0.3487202925045704 0.9366776315789473 0.024680073126142597 0.02549342105263158
1 0.3423217550274223 0.7857730263157895 0.03016453382084095 0.03042763157894737
1 0.7650822669104205 0.8741776315789473 0.029250457038391225 0.02549342105263158
1 0.8656307129798904 0.8708881578947368 0.025594149908592323 0.017269736842105265
1 0.47303473491773307 0.6829769736842105 0.0356489945155393 0.029605263157894735
1 0.9707495429616088 0.9749177631578947 0.02376599634369287 0.02138157894736842
1 0.07998171846435101 0.32524671052631576 0.021937842778793418 0.019736842105263157
1 0.43921389396709326 0.915296052631579 0.022851919561243144 0.02055921052631579
1 0.4648080438756856 0.011924342105263159 0.022851919561243144 0.017269736842105265
1 0.25274223034734916 0.6912006578947368 0.0283363802559415 0.027138157894736843
0 0.7417733089579525 0.7537006578947368 0.022851919561243144 0.02055921052631579
1 0.3571115173674589 0.9803947368421053 0.02159963436928702 0.021842105263157895
1 0.36905850091407677 0.9691447368421052 0.027595978062157224 0.022236842105263156
1 0.12888482632541134 0.4276315789473684 0.02010968921389397 0.018914473684210526
1 0.08912248628884827 0.890625 0.025594149908592323 0.018914473684210526
1 0.23080438756855576 0.9930098684210527 0.027422303473491772 0.013980263157894737
0 0.5392870201096892 0.7178618421052632 0.018007312614259596 0.01645559210526316
1 0.5470749542961609 0.704358552631579 0.031992687385740404 0.027960526315789474
1 0.22851919561243145 0.782483552631579 0.0283363802559415 0.023848684210526317
1 0.3249542961608775 0.9329769736842105 0.0283363802559415 0.02549342105263158
1 0.4262157221206581 0.9537582236842105 0.022641681901279707 0.017220394736842105
1 0.4271206581352833 0.938856907894737 0.023345521023765997 0.022458881578947366
1 0.5594149908592322 0.15666118421052633 0.02102376599634369 0.02055921052631579
0 0.3711151736745887 0.29605263157894735 0.029250457038391225 0.023848684210526317
1 0.3903107861060329 0.3182565789473684 0.0356489945155393 0.03125
1 0.019195612431444242 0.8741776315789473 0.0283363802559415 0.024671052631578948
1 0.8647166361974405 0.850328947368421 0.0283363802559415 0.024671052631578948
1 0.6494515539305301 0.4732730263157895 0.019195612431444242 0.019736842105263157
1 0.9204753199268738 0.8799342105263158 0.024680073126142597 0.023026315789473683
1 0.5648994515539305 0.6759868421052632 0.025594149908592323 0.023026315789473683
0 0.12797074954296161 0.8486842105263158 0.025594149908592323 0.019736842105263157
1 0.6997257769652651 0.39144736842105265 0.026508226691042046 0.024671052631578948
1 0.19744058500914077 0.6278782894736842 0.04296160877513711 0.033717105263157895
0 0.44104204753199266 0.6073190789473685 0.022851919561243144 0.02138157894736842
0 0.040676416819012795 0.0884046052631579 0.019195612431444242 0.015625
1 0.9076782449725777 0.8277138157894737 0.0283363802559415 0.02138157894736842
1 0.8601462522851919 0.9568256578947368 0.024680073126142597 0.02138157894736842
1 0.3820840950639854 0.8153782894736842 0.025594149908592323 0.02549342105263158
1 0.08683729433272395 0.8741776315789473 0.027422303473491772 0.02138157894736842
1 0.7851919561243145 0.5291940789473685 0.021937842778793418 0.019736842105263157
1 0.2841864716636197 0.7664309210526316 0.01627056672760512 0.018125
1 0.2449725776965265 0.727796052631579 0.021937842778793418 0.02055921052631579
1 0.5457038391224863 0.5641447368421053 0.024680073126142597 0.02138157894736842
1 0.9172760511882998 0.6566611842105263 0.025594149908592323 0.022203947368421052
1 0.11791590493601463 0.7553453947368421 0.029250457038391225 0.02631578947368421
1 0.6416819012797075 0.31085526315789475 0.02010968921389397 0.018092105263157895
1 0.38711151736745886 0.7693256578947368 0.02376599634369287 0.024671052631578948
1 0.6393144424131627 0.929202302631579 0.026828153564899454 0.022689144736842106
1 0.6375685557586838 0.9025493421052632 0.0283363802559415 0.024671052631578948
1 0.7961608775137111 0.0834703947368421 0.021937842778793418 0.02055921052631579
1 0.41681901279707495 0.24342105263157895 0.021937842778793418 0.018092105263157895
0 0.6759597806215722 0.6665296052631579 0.0283363802559415 0.023026315789473683
1 0.8871115173674589 0.8577302631578947 0.025594149908592323 0.018914473684210526
1 0.7870201096892139 0.1147203947368421 0.027422303473491772 0.022203947368421052
1 0.4428702010968921 0.009457236842105263 0.025594149908592323 0.018914473684210526
1 0.43144424131627057 0.8569078947368421 0.02376599634369287 0.024671052631578948
1 0.1480804387568556 0.31537828947368424 0.021937842778793418 0.018092105263157895
1 0.16224862888482633 0.6681743421052632 0.02376599634369287 0.02055921052631579
1 0.8496343692870201 0.7680921052631579 0.026508226691042046 0.023848684210526317
1 0.5050274223034735 0.928453947368421 0.029250457038391225 0.024671052631578948
0 0.3330438756855576 0.7564720394736842 0.022257769652650822 0.01893092105263158
0 0.3569469835466179 0.756578947368421 0.024680073126142597 0.02138157894736842
1 0.973491773308958 0.5472861842105263 0.03290676416819013 0.02631578947368421
1 0.9140767824497258 0.7294407894736842 0.027422303473491772 0.023026315789473683
1 0.9506398537477148 0.8231907894736842 0.026508226691042046 0.02549342105263158
1 0.666819012797075 0.9087171052631579 0.027422303473491772 0.02549342105263158
1 0.8427787934186471 0.8096217105263158 0.0283363802559415 0.02055921052631579
1 0.6553930530164533 0.34662828947368424 0.021937842778793418 0.02055921052631579
0 0.5946069469835467 0.02549342105263158 0.024680073126142597 0.022203947368421052
1 0.2449725776965265 0.7446546052631579 0.031078610603290677 0.019736842105263157
0 0.389853747714808 0.8466282894736842 0.026508226691042046 0.02055921052631579
1 0.9712065813528337 0.9917763157894737 0.025594149908592323 0.015625
1 0.08957952468007313 0.17269736842105263 0.018281535648994516 0.018092105263157895
1 0.9058500914076782 0.618421052631579 0.0283363802559415 0.023026315789473683
0 0.1905850091407678 0.8848684210526315 0.024680073126142597 0.02138157894736842
1 0.4853747714808044 0.3597861842105263 0.02376599634369287 0.019736842105263157
1 0.0726691042047532 0.6763980263157895 0.029250457038391225 0.023026315789473683
1 0.823126142595978 0.8248355263157895 0.0283363802559415 0.027960526315789474
1 0.7239488117001828 0.3647203947368421 0.02102376599634369 0.018914473684210526
1 0.653107861060329 0.3614309210526316 0.021937842778793418 0.01644736842105263
0 0.040676416819012795 0.4954769736842105 0.0283363802559415 0.023026315789473683
1 0.7097806215722121 0.4683388157894737 0.024680073126142597 0.018914473684210526
1 0.0923217550274223 0.42598684210526316 0.02102376599634369 0.01644736842105263
0 0.4163619744058501 0.6077302631578947 0.02376599634369287 0.018914473684210526
1 0.4753199268738574 0.8416940789473685 0.021937842778793418 0.02055921052631579
1 0.48491773308957953 0.8807565789473685 0.021937842778793418 0.018914473684210526
0 0.6723034734917733 0.984375 0.03016453382084095 0.024671052631578948
1 0.9355575868372943 0.515625 0.031992687385740404 0.02631578947368421
1 0.19012797074954296 0.6529605263157895 0.024680073126142597 0.018092105263157895
1 0.4017367458866545 0.928453947368421 0.022851919561243144 0.027138157894736843
1 0.06444241316270567 0.8885690789473685 0.0283363802559415 0.022203947368421052
1 0.953382084095064 0.6763980263157895 0.024680073126142597 0.02055921052631579
1 0.34186471663619744 0.8717105263157895 0.021937842778793418 0.018092105263157895
0 0.6942413162705667 0.951891447368421 0.026508226691042046 0.02549342105263158
1 0.20383912248628885 0.15666118421052633 0.021937842778793418 0.018914473684210526
0 0.18053016453382084 0.23355263157894737 0.016453382084095063 0.014802631578947368
0 0.6718464351005484 0.46504934210526316 0.0283363802559415 0.023026315789473683
1 0.4716636197440585 0.7664473684210527 0.02376599634369287 0.02138157894736842
1 0.9670932358318098 0.8976151315789473 0.022851919561243144 0.02055921052631579
1 0.24451553930530165 0.6044407894736842 0.021937842778793418 0.018092105263157895
1 0.21343692870201098 0.4222861842105263 0.024680073126142597 0.023848684210526317
1 0.8011882998171846 0.8314144736842105 0.03016453382084095 0.027960526315789474
0 0.9424131627056673 0.9432565789473685 0.024680073126142597 0.022203947368421052
1 0.9378427787934186 0.9058388157894737 0.024680073126142597 0.023026315789473683
1 0.8473491773308958 0.8881578947368421 0.02376599634369287 0.023026315789473683
0 0.7157221206581352 0.9407894736842105 0.03016453382084095 0.02631578947368421
0 0.3053016453382084 0.921875 0.021937842778793418 0.018914473684210526
1 0.4840036563071298 0.03248355263157895 0.02376599634369287 0.017269736842105265
1 0.11151736745886655 0.4296875 0.022851919561243144 0.02055921052631579
0 0.04021937842778794 0.868421052631579 0.02102376599634369 0.018914473684210526
0 0.48948811700182815 0.6291118421052632 0.025594149908592323 0.019736842105263157
1 0.9858318098720292 0.05756578947368421 0.026508226691042046 0.03125
0 0.7989031078610603 0.7080592105263158 0.03016453382084095 0.023848684210526317
1 0.21206581352833637 0.9950657894736842 0.02102376599634369 0.009868421052631578
0 0.6508226691042047 0.7796052631578947 0.026508226691042046 0.023026315789473683
1 0.7920475319926874 0.5164473684210527 0.019195612431444242 0.013980263157894737
0 0.7915904936014625 0.7269736842105263 0.029250457038391225 0.023026315789473683
0 0.8514625228519196 0.7935855263157895 0.025594149908592323 0.022203947368421052
1 0.7682815356489945 0.10361842105263158 0.022851919561243144 0.022203947368421052
0 0.45521023765996343 0.881578947368421 0.022851919561243144 0.02138157894736842
1 0.386654478976234 0.9263980263157895 0.021937842778793418 0.023026315789473683
1 0.520109689213894 0.6694078947368421 0.02376599634369287 0.02055921052631579
1 0.24040219378427788 0.4379111842105263 0.024680073126142597 0.02138157894736842
0 0.3852833638025594 0.8811677631578947 0.02376599634369287 0.022203947368421052
0 0.6357404021937842 0.03453947368421053 0.016453382084095063 0.014802631578947368
0 0.5009140767824497 0.6410361842105263 0.022851919561243144 0.018092105263157895
1 0.654872029250457 0.9424259868421053 0.02102376599634369 0.021850328947368422
0 0.6823583180987203 0.9214638157894737 0.031992687385740404 0.02549342105263158
1 0.8025594149908593 0.09539473684210527 0.02102376599634369 0.017269736842105265
1 0.680073126142596 0.8898026315789473 0.026508226691042046 0.027138157894736843
0 0.49954296160877515 0.004934210526315789 0.019195612431444242 0.009868421052631578
1 0.46116087751371115 0.2791447368421053 0.025283363802559414 0.01939967105263158
1 0.45509140767824496 0.2726233552631579 0.018418647166361973 0.01346217105263158
1 0.4702925045703839 0.26398026315789475 0.02376599634369287 0.022203947368421052
0 0.09369287020109689 0.9202302631578947 0.03016453382084095 0.02631578947368421
0 0.8779707495429616 0.774671052631579 0.022851919561243144 0.022203947368421052
1 0.3692870201096892 0.39473684210526316 0.043875685557586835 0.032072368421052634
1 0.6608775137111518 0.31743421052631576 0.019195612431444242 0.015625
1 0.5109689213893968 0.9033717105263158 0.021937842778793418 0.02055921052631579
1 0.6275137111517367 0.665296052631579 0.019195612431444242 0.022203947368421052
1 0.19469835466179158 0.21463815789473684 0.016453382084095063 0.014802631578947368
0 0.07312614259597806 0.9132401315789473 0.029250457038391225 0.027138157894736843
0 0.5292504570383912 0.12541118421052633 0.018281535648994516 0.013980263157894737
1 0.7682815356489945 0.8318256578947368 0.026508226691042046 0.02138157894736842
0 0.899908592321755 0.8787006578947368 0.024680073126142597 0.022203947368421052
0 0.31992687385740404 0.9066611842105263 0.031078610603290677 0.02631578947368421
0 0.034277879341864714 0.10361842105263158 0.024680073126142597 0.018092105263157895
0 0.22257769652650822 0.8342927631578947 0.025594149908592323 0.019736842105263157
1 0.7504570383912249 0.7401315789473685 0.02010968921389397 0.018092105263157895
1 0.946983546617916 0.48848684210526316 0.021937842778793418 0.017269736842105265
0 0.13345521023765997 0.8075657894736842 0.025594149908592323 0.02055921052631579
1 0.6316270566727605 0.7664473684210527 0.029250457038391225 0.023848684210526317
0 0.9337294332723949 0.9790296052631579 0.021937842778793418 0.018092105263157895
1 0.8743144424131627 0.959703947368421 0.02376599634369287 0.023026315789473683
1 0.2687385740402194 0.9305098684210527 0.024680073126142597 0.023026315789473683
1 0.11243144424131626 0.15748355263157895 0.015539305301645339 0.014802631578947368
1 0.11425959780621572 0.44819078947368424 0.021937842778793418 0.01644736842105263
1 0.226691042047532 0.9021381578947368 0.02102376599634369 0.019736842105263157
0 0.015996343692870202 0.20394736842105263 0.01736745886654479 0.014802631578947368
1 0.2093235831809872 0.37664473684210525 0.0283363802559415 0.02055921052631579
0 0.6508226691042047 0.6328125 0.026508226691042046 0.02138157894736842
1 0.46755027422303475 0.8577302631578947 0.02376599634369287 0.02055921052631579
0 0.6101462522851919 0.17393092105263158 0.02010968921389397 0.018092105263157895
1 0.5114259597806216 0.4798519736842105 0.025594149908592323 0.023026315789473683
1 0.1476234003656307 0.2956414473684211 0.02102376599634369 0.018914473684210526
1 0.6462522851919561 0.5444078947368421 0.02010968921389397 0.02055921052631579
1 0.9250457038391224 0.7849506578947368 0.026508226691042046 0.019736842105263157
1 0.806672760511883 0.8079769736842105 0.021937842778793418 0.02138157894736842
1 0.1663619744058501 0.8898026315789473 0.025594149908592323 0.023848684210526317
1 0.41316270566727603 0.6837993421052632 0.019195612431444242 0.017269736842105265
1 0.48857404021937845 0.6591282894736842 0.0283363802559415 0.023848684210526317
1 0.2719378427787934 0.03536184210526316 0.016453382084095063 0.013157894736842105
0 0.4108775137111517 0.858141447368421 0.02102376599634369 0.02055921052631579
1 0.7454296160877514 0.725328947368421 0.02376599634369287 0.017269736842105265
1 0.5406764168190128 0.6167763157894737 0.019195612431444242 0.018914473684210526
0 0.7308043875685558 0.9790296052631579 0.02376599634369287 0.018914473684210526
0 0.980475319926874 0.8411759868421053 0.022056672760511882 0.022236842105263156
1 0.9778336380255942 0.8175657894736842 0.022056672760511882 0.02010690789473684
0 0.9940585009140768 0.8141447368421053 0.011882998171846435 0.019736842105263157
1 0.44579524680073124 0.9401151315789474 0.023555758683729434 0.016036184210526317
1 0.466636197440585 0.9272203947368421 0.019195612431444242 0.023848684210526317
1 0.19926873857404023 0.5748355263157895 0.024680073126142597 0.018914473684210526
0 0.6151736745886655 0.6361019736842105 0.021937842778793418 0.02138157894736842
1 0.8542047531992687 0.6282894736842105 0.029250457038391225 0.024671052631578948
0 0.8779707495429616 0.7150493421052632 0.027422303473491772 0.02549342105263158
1 0.49314442413162707 0.6969572368421053 0.026508226691042046 0.024671052631578948
0 0.34277879341864714 0.8211348684210527 0.02102376599634369 0.018092105263157895
0 0.6549360146252285 0.6800986842105263 0.025594149908592323 0.023026315789473683
0 0.8313528336380256 0.9905427631578947 0.021937842778793418 0.018914473684210526
1 0.6608775137111518 0.5476973684210527 0.018281535648994516 0.022203947368421052
1 0.5377787934186472 0.5998519736842105 0.02816270566727605 0.023675986842105264
1 0.5621572212065814 0.584703947368421 0.022851919561243144 0.022203947368421052
1 0.42778793418647165 0.6870888157894737 0.019195612431444242 0.014802631578947368
1 0.6069469835466179 0.8926809210526315 0.022851919561243144 0.02631578947368421
0 0.930073126142596 0.712171052631579 0.025594149908592323 0.023848684210526317
1 0.48857404021937845 0.868421052631579 0.027422303473491772 0.017269736842105265
1 0.5923217550274223 0.3050986842105263 0.016453382084095063 0.015625
0 0.6252285191956124 0.516858552631579 0.021937842778793418 0.018092105263157895
1 0.3272394881170018 0.7261513157894737 0.021937842778793418 0.022203947368421052
0 0.23080438756855576 0.6710526315789473 0.02102376599634369 0.018092105263157895
1 0.8427787934186471 0.7397203947368421 0.02376599634369287 0.018092105263157895
0 0.45612431444241314 0.8297697368421053 0.024680073126142597 0.02055921052631579
1 0.23491773308957953 0.7635690789473685 0.027422303473491772 0.019736842105263157
1 0.5283363802559415 0.9058388157894737 0.02102376599634369 0.02055921052631579
1 0.9830895795246801 0.01274671052631579 0.031078610603290677 0.024671052631578948
0 0.3944241316270567 0.25370065789473684 0.019195612431444242 0.014802631578947368
1 0.523308957952468 0.6936677631578947 0.02376599634369287 0.022203947368421052
1 0.6659049360146252 0.47944078947368424 0.019195612431444242 0.01644736842105263
1 0.363345521023766 0.7845394736842105 0.025594149908592323 0.02631578947368421
0 0.6508226691042047 0.06702302631578948 0.021937842778793418 0.018914473684210526
1 0.17413162705667276 0.42804276315789475 0.02010968921389397 0.02055921052631579
0 0.4296160877513711 0.8959703947368421 0.021937842778793418 0.018092105263157895
0 0.6608775137111518 0.8519736842105263 0.022851919561243144 0.019736842105263157
0 0.48171846435100546 0.9259868421052632 0.025594149908592323 0.024671052631578948
1 0.20886654478976233 0.45723684210526316 0.015539305301645339 0.014802631578947368
0 0.13985374771480805 0.7446546052631579 0.02102376599634369 0.018092105263157895
1 0.20475319926873858 0.1924342105263158 0.021937842778793418 0.014802631578947368
0 0.5132541133455211 0.944078947368421 0.029250457038391225 0.023026315789473683
0 0.010054844606946984 0.48848684210526316 0.01736745886654479 0.018092105263157895
0 0.6032449725776966 0.7416858552631579 0.02723034734917733 0.019013157894736843
0 0.5381718464351005 0.78125 0.022358318098720294 0.01984375
0 0.5290676416819012 0.7709292763157896 0.017349177330895797 0.01462171052631579
0 0.8456215722120658 0.7072203947368422 0.021380255941499088 0.017722039473684212
0 0.7458592321755028 0.7869407894736842 0.023638025594149906 0.020542763157894738
0 0.28636197440585004 0.7900904605263158 0.023848263254113346 0.01736019736842105
1 0.30673674588665445 0.8065871710526316 0.021078610603290675 0.019490131578947367
1 0.29882998171846437 0.7574259868421053 0.021078610603290675 0.020830592105263158
0 0.4414442413162706 0.6949013157894737 0.017495429616087754 0.016817434210526314
0 0.4507404021937843 0.7080756578947368 0.018939670932358318 0.017047697368421055
1 0.4507404021937843 0.794671052631579 0.018939670932358318 0.014654605263157894
1 0.060639853747714814 0.9754851973684211 0.01946983546617916 0.02151315789473684
0 0.19015539305301646 0.7280509868421052 0.017385740402193785 0.01666940789473684
1 0.6488208409506399 0.8250411184210527 0.02606946983546618 0.02319078947368421
0 0.6457861060329068 0.6628700657894736 0.022641681901279707 0.01919407894736842
0 0.7725776965265083 0.930625 0.019058500914076782 0.016044407894736844
0 0.981855575868373 0.9348930921052631 0.023510054844606946 0.019835526315789474
0 0.9622120658135284 0.850189144736842 0.01850091407678245 0.02602796052631579
0 0.9840950639853747 0.7417598684210527 0.016910420475319928 0.01609375
0 0.9138756855575868 0.7029687499999999 0.023382084095063985 0.01870888157894737
0 0.9850822669104206 0.5007812500000001 0.02337294332723949 0.023667763157894737
1 0.9919744058500914 0.4277055921052632 0.016051188299817182 0.024638157894736844
0 0.7131078610603291 0.3486924342105263 0.013528336380255941 0.013741776315789475
1 0.5718098720292504 0.3513651315789474 0.014478976234003656 0.017894736842105265
0 0.5905393053016453 0.35166118421052633 0.015 0.012557565789473684
1 0.6558135283363803 0.40617598684210526 0.018418647166361973 0.019300986842105263
1 0.5091773308957952 0.17943256578947367 0.018446069469835465 0.01691611842105263
1 0.5260511882998172 0.17907072368421054 0.020548446069469834 0.018577302631578946
1 0.5007312614259597 0.16252467105263158 0.0226599634369287 0.01751644736842105
1 0.33562157221206584 0.2638486842105263 0.022138939670932358 0.02558388157894737
1 0.2520201096892139 0.41854440789473685 0.023729433272394882 0.026488486842105263
0 0.4248994515539305 0.6581003289473685 0.023967093235831807 0.01915296052631579
