1 0.7216636197440585 0.9806743421052632 0.03656307129798903 0.03125
1 0.2253199268738574 0.9864309210526315 0.038391224862888484 0.027138157894736843
1 0.7522851919561243 0.756578947368421 0.031992687385740404 0.028782894736842105
1 0.7865630712979891 0.704358552631579 0.03290676416819013 0.027960526315789474
1 0.8592321755027422 0.7039473684210527 0.038391224862888484 0.033717105263157895
1 0.770109689213894 0.946546052631579 0.03656307129798903 0.03289473684210526
1 0.8884826325411335 0.9177631578947368 0.026508226691042046 0.02055921052631579
1 0.48628884826325414 0.7323190789473685 0.029250457038391225 0.024671052631578948
1 0.7911334552102377 0.7294407894736842 0.029250457038391225 0.02549342105263158
1 0.029250457038391225 0.4634046052631579 0.037477148080438755 0.032072368421052634
1 0.4287020109689214 0.7249177631578947 0.024680073126142597 0.023848684210526317
1 0.75 0.787828947368421 0.03656307129798903 0.03125
1 0.7943327239488117 0.9601151315789473 0.031992687385740404 0.032072368421052634
1 0.8194698354661791 0.735608552631579 0.031992687385740404 0.02631578947368421
1 0.7769652650822669 0.7713815789473685 0.03473491773308958 0.029605263157894735
1 0.4529250457038391 0.7232730263157895 0.025594149908592323 0.023026315789473683
1 0.03016453382084095 0.4362664473684211 0.03016453382084095 0.024671052631578948
1 0.9776051188299817 0.7405427631578947 0.0283363802559415 0.027960526315789474
1 0.9689213893967094 0.7212171052631579 0.024680073126142597 0.02138157894736842
1 0.5041133455210237 0.7413651315789473 0.02102376599634369 0.022203947368421052
1 0.012797074954296161 0.890625 0.025594149908592323 0.03618421052631579
1 0.556672760511883 0.6200657894736842 0.024680073126142597 0.018092105263157895
1 0.5511882998171846 0.6073190789473685 0.02010968921389397 0.01644736842105263
1 0.8889396709323584 0.704358552631579 0.027422303473491772 0.024671052631578948
1 0.26416819012797077 0.9958881578947368 0.0283363802559415 0.008223684210526315
1 0.021480804387568556 0.5205592105263158 0.0283363802559415 0.027138157894736843
1 0.01736745886654479 0.930921052631579 0.02376599634369287 0.023848684210526317
1 0.006855575868372943 0.9239309210526315 0.013711151736745886 0.029605263157894735
1 0.7541133455210237 0.9958881578947368 0.027422303473491772 0.008223684210526315
0 0.9314442413162706 0.8926809210526315 0.019195612431444242 0.018092105263157895
1 0.9940585009140768 0.7393092105263158 0.011882998171846435 0.028782894736842105
1 0.5342778793418648 0.610608552631579 0.022851919561243144 0.022203947368421052
1 0.10237659963436929 0.9325657894736842 0.031078610603290677 0.024671052631578948
1 0.7527422303473492 0.38116776315789475 0.025594149908592323 0.023848684210526317
0 0.943327239488117 0.8770559210526315 0.018281535648994516 0.015625
0 0.04021937842778794 0.4173519736842105 0.027422303473491772 0.02055921052631579
1 0.9218464351005484 0.9054276315789473 0.019195612431444242 0.018914473684210526
