1 0.8240402193784278 0.04893092105263158 0.027422303473491772 0.022203947368421052
1 0.8761425959780622 0.2109375 0.026508226691042046 0.02138157894736842
1 0.8971663619744058 0.21998355263157895 0.02376599634369287 0.02138157894736842
1 0.6686471663619744 0.038651315789473686 0.027422303473491772 0.02549342105263158
1 0.7481718464351006 0.03577302631578947 0.033820840950639856 0.029605263157894735
1 0.843235831809872 0.031661184210526314 0.021937842778793418 0.02055921052631579
1 0.8276965265082267 0.35074013157894735 0.03290676416819013 0.028782894736842105
1 0.7212065813528337 0.046875 0.03290676416819013 0.027960526315789474
1 0.9405850091407678 0.12952302631578946 0.02376599634369287 0.02055921052631579
1 0.576782449725777 0.010279605263157895 0.02376599634369287 0.019736842105263157
1 0.4195612431444241 0.05592105263157895 0.03016453382084095 0.023026315789473683
1 0.8085009140767825 0.03741776315789474 0.022851919561243144 0.023848684210526317
1 0.7632541133455211 0.3482730263157895 0.024680073126142597 0.018914473684210526
1 0.9488117001828154 0.1484375 0.0283363802559415 0.023026315789473683
1 0.8487202925045704 0.3441611842105263 0.02376599634369287 0.02549342105263158
1 0.4026508226691042 0.5978618421052632 0.031078610603290677 0.029605263157894735
1 0.8770566727605119 0.22902960526315788 0.024680073126142597 0.02055921052631579
1 0.4259597806215722 0.07113486842105263 0.026508226691042046 0.019736842105263157
1 0.9223034734917733 0.2738486842105263 0.024680073126142597 0.02055921052631579
1 0.7271480804387569 0.0069901315789473685 0.03016453382084095 0.013980263157894737
1 0.9213893967093236 0.2915296052631579 0.022851919561243144 0.017269736842105265
1 0.6896709323583181 0.04317434210526316 0.022851919561243144 0.023848684210526317
1 0.8016453382084096 0.3667763157894737 0.025594149908592323 0.023026315789473683
1 0.6060329067641682 0.012335526315789474 0.02010968921389397 0.02055921052631579
0 0.6329981718464351 0.2981085526315789 0.021937842778793418 0.018092105263157895
1 0.7495429616087751 0.009868421052631578 0.03290676416819013 0.019736842105263157
1 0.7961608775137111 0.2890625 0.025594149908592323 0.02138157894736842
1 0.7129798903107861 0.024671052631578948 0.02376599634369287 0.02138157894736842
1 0.770109689213894 0.044407894736842105 0.022851919561243144 0.023026315789473683
1 0.8697440585009141 0.3129111842105263 0.024680073126142597 0.018914473684210526
1 0.583180987202925 0.03248355263157895 0.031992687385740404 0.027138157894736843
1 0.9282449725776966 0.13856907894736842 0.02010968921389397 0.02138157894736842
1 0.5182815356489945 0.5308388157894737 0.027422303473491772 0.023848684210526317
1 0.7212065813528337 0.32113486842105265 0.025594149908592323 0.023026315789473683
1 0.7143510054844607 0.3199013157894737 0.021937842778793418 0.02055921052631579
1 0.8094149908592322 0.34004934210526316 0.024680073126142597 0.02138157894736842
1 0.6983546617915904 0.32894736842105265 0.022851919561243144 0.019736842105263157
1 0.5324497257769653 0.5427631578947368 0.031078610603290677 0.023026315789473683
1 0.6403107861060329 0.2709703947368421 0.02102376599634369 0.018092105263157895
1 0.6106032906764168 0.34292763157894735 0.02102376599634369 0.018914473684210526
1 0.6389396709323584 0.28495065789473684 0.021937842778793418 0.015625
1 0.7824497257769653 0.08675986842105263 0.022851919561243144 0.018092105263157895
0 0.9908592321755028 0.15583881578947367 0.018281535648994516 0.023026315789473683
1 0.44424131627056673 0.06620065789473684 0.02010968921389397 0.02055921052631579
1 0.6901279707495429 0.3157894736842105 0.02010968921389397 0.019736842105263157
0 0.8788848263254113 0.15871710526315788 0.022851919561243144 0.017269736842105265
0 0.590036563071298 0.013157894736842105 0.018281535648994516 0.018092105263157895
1 0.8720292504570384 0.2944078947368421 0.021937842778793418 0.018092105263157895
1 0.6718464351005484 0.013980263157894737 0.02102376599634369 0.019736842105263157
1 0.4273308957952468 0.6052631578947368 0.026508226691042046 0.023848684210526317
