1 0.3807129798903108 0.12911184210526316 0.033820840950639856 0.032072368421052634
1 0.7682815356489945 0.35238486842105265 0.04021937842778794 0.033717105263157895
1 0.7554844606946983 0.954358552631579 0.029250457038391225 0.023848684210526317
1 0.28473491773308957 0.01644736842105263 0.03473491773308958 0.027960526315789474
1 0.6042047531992687 0.23273026315789475 0.03473491773308958 0.03042763157894737
1 0.7509140767824497 0.06743421052631579 0.024680073126142597 0.018092105263157895
1 0.283363802559415 0.8951480263157895 0.022851919561243144 0.018092105263157895
0 0.24954296160877515 0.9564144736842105 0.018281535648994516 0.014802631578947368
1 0.8313528336380256 0.8733552631578947 0.031992687385740404 0.02631578947368421
1 0.8528336380255942 0.9642269736842105 0.037477148080438755 0.027960526315789474
0 0.4093601462522852 0.5712911184210526 0.02095978062157221 0.02644736842105263
1 0.44652650822669104 0.5575657894736842 0.031078610603290677 0.028782894736842105
1 0.7880164533820841 0.37926809210526313 0.044789762340036565 0.03453947368421053
1 0.2710237659963437 0.9058388157894737 0.021937842778793418 0.018092105263157895
1 0.4259597806215722 0.2902960526315789 0.03473491773308958 0.029605263157894735
1 0.409963436928702 0.22450657894736842 0.03656307129798903 0.03042763157894737
1 0.3235831809872029 0.12746710526315788 0.031992687385740404 0.029605263157894735
1 0.5594149908592322 0.37993421052631576 0.027422303473491772 0.032072368421052634
1 0.9497257769652651 0.5275493421052632 0.033820840950639856 0.029605263157894735
0 0.3492778793418647 0.2384621710526316 0.0243327239488117 0.030575657894736843
0 0.3779707495429616 0.23314144736842105 0.031078610603290677 0.02631578947368421
0 0.8254113345521024 0.9161184210526315 0.031992687385740404 0.02631578947368421
0 0.9780621572212066 0.5226151315789473 0.0283363802559415 0.027138157894736843
0 0.4334095063985375 0.4521957236842105 0.02260511882998172 0.024111842105263157
1 0.45749542961608775 0.45148026315789475 0.021937842778793418 0.023026315789473683
1 0.970292504570384 0.4613486842105263 0.03016453382084095 0.022203947368421052
0 0.8519195612431444 0.9235197368421053 0.029250457038391225 0.023026315789473683
1 0.8665447897623401 0.884046052631579 0.02376599634369287 0.02055921052631579
0 0.5027422303473492 0.5275493421052632 0.024680073126142597 0.02055921052631579
1 0.3720292504570384 0.6763980263157895 0.031992687385740404 0.027138157894736843
0 0.876599634369287 0.9296875 0.027422303473491772 0.02138157894736842
0 0.48628884826325414 0.5415296052631579 0.029250457038391225 0.023026315789473683
0 0.10831809872029251 0.9835526315789473 0.02010968921389397 0.015625
0 0.4195612431444241 0.9901315789473685 0.021937842778793418 0.017269736842105265
0 0.2522851919561243 0.9107730263157895 0.019195612431444242 0.01644736842105263
1 0.729890310786106 0.062088815789473686 0.025594149908592323 0.023848684210526317
0 0.833180987202925 0.8326480263157895 0.0283363802559415 0.023026315789473683
0 0.376599634369287 0.6513157894736842 0.025594149908592323 0.022203947368421052
0 0.4670932358318099 0.5242598684210527 0.033820840950639856 0.022203947368421052
0 0.8578610603290676 0.9432565789473685 0.0283363802559415 0.02138157894736842
1 0.7787934186471663 0.5953947368421053 0.026508226691042046 0.027138157894736843
1 0.40904936014625226 0.30879934210526316 0.031992687385740404 0.023848684210526317
0 0.4638939670932358 0.5041118421052632 0.03473491773308958 0.024671052631578948
0 0.6581352833638026 0.08470394736842106 0.022851919561243144 0.015625
0 0.31581352833638027 0.14761513157894737 0.031078610603290677 0.02631578947368421
1 0.4524680073126143 0.3824013157894737 0.018281535648994516 0.02055921052631579
1 0.2746800731261426 0.9646381578947368 0.01736745886654479 0.01644736842105263
0 0.7792504570383912 0.7709703947368421 0.025594149908592323 0.022203947368421052
1 0.29478976234003657 0.9087171052631579 0.021937842778793418 0.01644736842105263
1 0.4954296160877514 0.12171052631578948 0.031992687385740404 0.02631578947368421
0 0.3446069469835466 0.1015625 0.03016453382084095 0.027960526315789474
0 0.7093235831809872 0.07195723684210527 0.022851919561243144 0.02055921052631579
1 0.7947897623400365 0.5748355263157895 0.026508226691042046 0.023848684210526317
1 0.7111517367458866 0.7886513157894737 0.027422303473491772 0.022203947368421052
0 0.286563071297989 0.06907894736842106 0.044789762340036565 0.029605263157894735
0 0.5087477148080439 0.19369243421052632 0.041636197440585006 0.030542763157894736
0 0.5141681901279708 0.1640625 0.026508226691042046 0.023848684210526317
1 0.29478976234003657 0.9157072368421053 0.021937842778793418 0.01644736842105263
0 0.9780621572212066 0.9473684210526315 0.026508226691042046 0.024671052631578948
1 0.7134369287020109 0.6554276315789473 0.025594149908592323 0.02055921052631579
0 0.4373857404021938 0.993421052631579 0.019195612431444242 0.012335526315789474
1 0.863345521023766 0.9029605263157895 0.0283363802559415 0.023026315789473683
1 0.7399451553930531 0.5625 0.029250457038391225 0.029605263157894735
1 0.920018281535649 0.13199013157894737 0.027422303473491772 0.022203947368421052
1 0.8016453382084096 0.3626644736842105 0.0283363802559415 0.027960526315789474
0 0.49085923217550276 0.15419407894736842 0.0283363802559415 0.027960526315789474
0 0.5914076782449725 0.3959703947368421 0.031992687385740404 0.02549342105263158
0 0.3702010968921389 0.3984375 0.024680073126142597 0.022203947368421052
1 0.286563071297989 0.04317434210526316 0.04753199268738574 0.03125
0 0.7646252285191956 0.756578947368421 0.024680073126142597 0.02055921052631579
1 0.696526508226691 0.640625 0.025594149908592323 0.024671052631578948
0 0.5376325411334552 0.1572450657894737 0.035210237659963436 0.034161184210526316
1 0.5269652650822669 0.13075657894736842 0.027422303473491772 0.023848684210526317
1 0.2870201096892139 0.0703125 0.044789762340036565 0.028782894736842105
0 0.25685557586837293 0.936266447368421 0.01736745886654479 0.013980263157894737
0 0.226691042047532 0.9938322368421053 0.02010968921389397 0.011513157894736841
0 0.3583180987202925 0.26151315789473684 0.02376599634369287 0.02055921052631579
0 0.22741316270566728 0.9747861842105262 0.019058500914076782 0.016603618421052634
0 0.22806215722120657 0.9625822368421053 0.018281535648994516 0.014802631578947368
0 0.9090493601462523 0.16036184210526316 0.0283363802559415 0.024671052631578948
0 0.7404021937842779 0.967516447368421 0.02376599634369287 0.019736842105263157
0 0.113345521023766 0.9716282894736842 0.018281535648994516 0.015625
0 0.5882084095063985 0.36101973684210525 0.02376599634369287 0.019736842105263157
0 0.9661791590493601 0.4798519736842105 0.031992687385740404 0.02549342105263158
0 0.2870201096892139 0.04358552631578947 0.04661791590493602 0.03125
0 0.6512797074954296 0.0756578947368421 0.022851919561243144 0.018914473684210526
1 0.2413162705667276 0.9453125 0.01736745886654479 0.013980263157894737
0 0.6823583180987203 0.12664473684210525 0.024680073126142597 0.02138157894736842
0 0.6226599634369288 0.20292763157894736 0.03840950639853748 0.0374671052631579
0 0.5827148080438757 0.20588815789473686 0.0323217550274223 0.03616776315789474
0 0.5973948811700183 0.1857565789473684 0.031188299817184642 0.0348766447368421
0 0.38473491773308954 0.5414144736842106 0.02786106032906764 0.027327302631578943
0 0.2537294332723949 0.9919819078947368 0.020658135283363802 0.016036184210526317
0 0.2554021937842779 0.9702302631578947 0.017915904936014627 0.016398026315789474
0 0.08059414990859233 0.941529605263158 0.020914076782449723 0.017911184210526315
0 0.07202925045703838 0.9576315789473684 0.019771480804387568 0.013108552631578946
0 0.08623400365630714 0.9809210526315789 0.023043875685557588 0.013100328947368421
0 0.10527422303473492 0.9395394736842105 0.024561243144424132 0.018050986842105262
0 0.09963436928702012 0.9671134868421053 0.019387568555758683 0.020435855263157898
0 0.09685557586837294 0.9511842105263159 0.026773308957952466 0.01667763157894737
0 0.07987202925045704 0.9688322368421052 0.0156581352833638 0.014268092105263159
1 0.9868464351005484 0.4704194078947368 0.023254113345521025 0.031488486842105264
1 0.9879250457038391 0.49742598684210526 0.02415904936014625 0.028462171052631578
1 0.44023765996343694 0.43296875 0.028811700182815356 0.021430921052631578
0 0.5228884826325411 0.5173766447368421 0.027559414990859232 0.02363486842105263
0 0.4660968921389397 0.13518092105263158 0.03079524680073126 0.025246710526315788
0 0.676325411334552 0.08436677631578948 0.024917733089579525 0.023133223684210526
0 0.6746435100548446 0.07223684210526315 0.025292504570383914 0.01787828947368421
0 0.8530621572212066 0.15296052631578946 0.030365630712979888 0.022779605263157893
0 0.8741224862888483 0.12886513157894736 0.024021937842778795 0.022672697368421053
0 0.8631901279707496 0.11304276315789474 0.02203839122486289 0.02122532894736842
0 0.8818281535648995 0.1091858552631579 0.029497257769652653 0.02357730263157895
