1 0.643510054844607 0.6825657894736842 0.03016453382084095 0.027138157894736843
1 0.4616087751371115 0.8141447368421053 0.037477148080438755 0.028782894736842105
1 0.8537477148080439 0.969983552631579 0.026508226691042046 0.024671052631578948
1 0.5918647166361974 0.6850328947368421 0.0283363802559415 0.02549342105263158
1 0.4643510054844607 0.787828947368421 0.031078610603290677 0.02631578947368421
1 0.8048446069469836 0.9547697368421053 0.027422303473491772 0.029605263157894735
1 0.8318098720292505 0.9592927631578947 0.031992687385740404 0.02631578947368421
1 0.6174588665447898 0.7269736842105263 0.0283363802559415 0.023026315789473683
1 0.40676416819012795 0.8285361842105263 0.03016453382084095 0.028782894736842105
1 0.7746800731261426 0.959703947368421 0.031992687385740404 0.027138157894736843
1 0.9437842778793418 0.795641447368421 0.026508226691042046 0.02138157894736842
1 0.4351005484460695 0.8416940789473685 0.037477148080438755 0.03289473684210526
1 0.6138025594149908 0.7689144736842105 0.033820840950639856 0.02549342105263158
1 0.6096892138939671 0.7450657894736842 0.03016453382084095 0.022203947368421052
1 0.7664533820840951 0.9370888157894737 0.027422303473491772 0.024671052631578948
0 0.08683729433272395 0.9880756578947368 0.019195612431444242 0.017269736842105265
1 0.8272394881170019 0.725328947368421 0.026508226691042046 0.023026315789473683
1 0.40676416819012795 0.7870065789473685 0.026508226691042046 0.023848684210526317
1 0.5872943327239488 0.8326480263157895 0.022851919561243144 0.02138157894736842
0 0.07495429616087751 0.9835526315789473 0.016453382084095063 0.015625
1 0.4337294332723949 0.7927631578947368 0.033820840950639856 0.027960526315789474
1 0.6179159049360147 0.6875 0.027422303473491772 0.024671052631578948
1 0.4296160877513711 0.8149671052631579 0.029250457038391225 0.023026315789473683
1 0.4419561243144424 0.7709703947368421 0.0356489945155393 0.02055921052631579
0 0.4538391224862888 0.9259868421052632 0.029250457038391225 0.022203947368421052
0 0.41361974405850094 0.7660361842105263 0.026508226691042046 0.02138157894736842
0 0.6416819012797075 0.7294407894736842 0.02102376599634369 0.018092105263157895
1 0.5941499085923218 0.8170230263157895 0.02102376599634369 0.01644736842105263
0 0.05987202925045704 0.9839638157894737 0.016453382084095063 0.014802631578947368
0 0.10694698354661791 0.9946546052631579 0.022851919561243144 0.01069078947368421
1 0.4657221206581353 0.8351151315789473 0.03290676416819013 0.024671052631578948
1 0.8222120658135283 0.9786184210526315 0.0356489945155393 0.023848684210526317
0 0.7893053016453382 0.9333881578947368 0.026508226691042046 0.02138157894736842
1 0.07906764168190128 0.967516447368421 0.024680073126142597 0.018914473684210526
1 0.5863802559414991 0.7738486842105263 0.029250457038391225 0.02631578947368421
1 0.9442413162705667 0.7837171052631579 0.027422303473491772 0.018092105263157895
0 0.46983546617915906 0.9375 0.02102376599634369 0.018914473684210526
0 0.6357404021937842 0.7442434210526315 0.021937842778793418 0.014802631578947368
0 0.4844606946983547 0.8104440789473685 0.022851919561243144 0.022203947368421052
0 0.8258683729433273 0.9428453947368421 0.022851919561243144 0.01644736842105263
