1 0.8208409506398537 0.9449013157894737 0.03290676416819013 0.027960526315789474
1 0.6512797074954296 0.7664473684210527 0.0356489945155393 0.029605263157894735
1 0.4520109689213894 0.7027138157894737 0.038391224862888484 0.03125
1 0.833180987202925 0.4786184210526316 0.031078610603290677 0.027960526315789474
1 0.8176416819012797 0.9736842105263158 0.037477148080438755 0.03125
1 0.38482632541133455 0.5234375 0.031992687385740404 0.03125
1 0.476691042047532 0.2759046052631579 0.0283363802559415 0.024671052631578948
1 0.1823583180987203 0.22574013157894737 0.03016453382084095 0.022203947368421052
1 0.41819012797074956 0.5296052631578947 0.038391224862888484 0.033717105263157895
1 0.6549360146252285 0.7915296052631579 0.027422303473491772 0.023848684210526317
1 0.3587751371115174 0.561266447368421 0.029250457038391225 0.024671052631578948
1 0.636654478976234 0.7841282894736842 0.025594149908592323 0.023848684210526317
0 0.24314442413162707 0.5127467105263158 0.026508226691042046 0.022203947368421052
1 0.23994515539305303 0.46792763157894735 0.02376599634369287 0.023848684210526317
1 0.4149908592321755 0.5382401315789473 0.038391224862888484 0.023026315789473683
1 0.9789762340036563 0.4432565789473684 0.019195612431444242 0.019736842105263157
