1 0.7815356489945156 0.45805921052631576 0.03473491773308958 0.03042763157894737
1 0.9419561243144424 0.7446546052631579 0.043875685557586835 0.03782894736842105
1 0.32221206581352835 0.7224506578947368 0.037477148080438755 0.03289473684210526
1 0.9154478976234004 0.7319078947368421 0.04021937842778794 0.04111842105263158
0 0.9195612431444241 0.6398026315789473 0.0356489945155393 0.03125
1 0.3976234003656307 0.5320723684210527 0.02102376599634369 0.02055921052631579
1 0.37157221206581353 0.6578947368421053 0.024680073126142597 0.02055921052631579
1 0.28244972577696525 0.921875 0.03290676416819013 0.029605263157894735
1 0.579981718464351 0.5448190789473685 0.029250457038391225 0.024671052631578948
1 0.4218464351005484 0.6032072368421053 0.027422303473491772 0.02138157894736842
0 0.40585009140767825 0.6175986842105263 0.022851919561243144 0.019736842105263157
1 0.008226691042047532 0.8030427631578947 0.016453382084095063 0.023848684210526317
1 0.011425959780621572 0.8675986842105263 0.022851919561243144 0.023848684210526317
1 0.22394881170018283 0.9276315789473685 0.029250457038391225 0.02549342105263158
1 0.20475319926873858 0.5629111842105263 0.033820840950639856 0.03042763157894737
1 0.29113345521023765 0.944078947368421 0.03473491773308958 0.024671052631578948
1 0.35420475319926875 0.7302631578947368 0.03016453382084095 0.028782894736842105
1 0.7975319926873857 0.515625 0.027422303473491772 0.027138157894736843
1 0.011425959780621572 0.36348684210526316 0.022851919561243144 0.04029605263157895
1 0.037477148080438755 0.7964638157894737 0.02376599634369287 0.023026315789473683
0 0.253199268738574 0.569078947368421 0.024680073126142597 0.02055921052631579
1 0.010054844606946984 0.7282072368421053 0.02010968921389397 0.029605263157894735
0 0.0443327239488117 0.9120065789473685 0.027422303473491772 0.022203947368421052
1 0.015996343692870202 0.7545230263157895 0.03016453382084095 0.027960526315789474
1 0.4643510054844607 0.9383223684210527 0.029250457038391225 0.027960526315789474
0 0.7545703839122486 0.5958059210526315 0.0283363802559415 0.024671052631578948
1 0.5776965265082267 0.5645559210526315 0.029250457038391225 0.02138157894736842
0 0.6371115173674589 0.5275493421052632 0.02102376599634369 0.02138157894736842
0 0.3555758683729433 0.6463815789473685 0.021937842778793418 0.018914473684210526
1 0.33318098720292505 0.9851973684210527 0.031992687385740404 0.02631578947368421
1 0.27239488117001825 0.9605263157894737 0.03473491773308958 0.028782894736842105
0 0.07312614259597806 0.8277138157894737 0.018281535648994516 0.01644736842105263
1 0.06352833638025594 0.8125 0.02102376599634369 0.018092105263157895
1 0.08455210237659963 0.8458059210526315 0.022851919561243144 0.023848684210526317
1 0.7294332723948812 0.04893092105263158 0.026508226691042046 0.03125
1 0.010511882998171846 0.6722861842105263 0.02102376599634369 0.02631578947368421
1 0.19241316270566727 0.5448190789473685 0.026508226691042046 0.019736842105263157
1 0.36837294332723947 0.6759868421052632 0.03016453382084095 0.019736842105263157
1 0.9890310786106032 0.5859375 0.02102376599634369 0.023848684210526317
1 0.6128884826325411 0.5476973684210527 0.027422303473491772 0.02549342105263158
1 0.24451553930530165 0.9428453947368421 0.0283363802559415 0.027960526315789474
1 0.6727605118829981 0.6842105263157895 0.03016453382084095 0.022203947368421052
0 0.9163619744058501 0.3704769736842105 0.022851919561243144 0.02055921052631579
1 0.17184643510054845 0.27754934210526316 0.026508226691042046 0.024671052631578948
1 0.75 0.04070723684210526 0.0283363802559415 0.03289473684210526
0 0.38848263254113347 0.6069078947368421 0.021937842778793418 0.018914473684210526
1 0.26371115173674586 0.9333881578947368 0.02376599634369287 0.027138157894736843
1 0.04936014625228519 0.9498355263157895 0.031992687385740404 0.02631578947368421
1 0.3702010968921389 0.6907894736842105 0.029250457038391225 0.02631578947368421
0 0.025137111517367458 0.8519736842105263 0.02102376599634369 0.02138157894736842
1 0.2230347349177331 0.5497532894736842 0.026508226691042046 0.023848684210526317
0 0.04616087751371115 0.7783717105263158 0.02376599634369287 0.02138157894736842
1 0.08272394881170018 0.5929276315789473 0.026508226691042046 0.019736842105263157
1 0.009597806215722121 0.8482730263157895 0.019195612431444242 0.022203947368421052
0 0.7778793418647166 0.6007401315789473 0.025594149908592323 0.02138157894736842
1 0.09369287020109689 0.6085526315789473 0.021937842778793418 0.023026315789473683
0 0.2509140767824497 0.5505756578947368 0.02376599634369287 0.018914473684210526
1 0.7381170018281535 0.0703125 0.033820840950639856 0.02631578947368421
1 0.30438756855575866 0.7047697368421053 0.021937842778793418 0.018092105263157895
0 0.9451553930530164 0.7162828947368421 0.027422303473491772 0.022203947368421052
1 0.3226691042047532 0.7491776315789473 0.03656307129798903 0.027138157894736843
0 0.7404021937842779 0.6155427631578947 0.027422303473491772 0.027138157894736843
0 0.009140767824497258 0.8310032894736842 0.018281535648994516 0.017269736842105265
0 0.02376599634369287 0.8231907894736842 0.02102376599634369 0.019736842105263157
1 0.36517367458866545 0.6344572368421053 0.022851919561243144 0.015625
0 0.06307129798903108 0.905016447368421 0.022851919561243144 0.018914473684210526
1 0.9730347349177331 0.9835526315789473 0.021937842778793418 0.024671052631578948
