1 0.9670932358318098 0.2393092105263158 0.0283363802559415 0.024671052631578948
1 0.17687385740402195 0.9880756578947368 0.027422303473491772 0.023026315789473683
1 0.9401279707495429 0.8935032894736842 0.04113345521023766 0.038651315789473686
1 0.9081352833638026 0.13527960526315788 0.031078610603290677 0.02631578947368421
1 0.25594149908592323 0.9140625 0.03016453382084095 0.02549342105263158
1 0.136654478976234 0.5164473684210527 0.02376599634369287 0.02055921052631579
1 0.3071297989031079 0.962171052631579 0.03473491773308958 0.03042763157894737
1 0.0283363802559415 0.9342105263157895 0.03016453382084095 0.02631578947368421
1 0.9460694698354661 0.26973684210526316 0.031078610603290677 0.027960526315789474
1 0.30118829981718465 0.47245065789473684 0.037477148080438755 0.03289473684210526
1 0.8336380255941499 0.20641447368421054 0.0283363802559415 0.02138157894736842
1 0.11882998171846434 0.5263157894736842 0.02376599634369287 0.019736842105263157
1 0.409963436928702 0.125 0.03930530164533821 0.03289473684210526
1 0.42230347349177333 0.09827302631578948 0.03656307129798903 0.03042763157894737
0 0.1983546617915905 0.9888980263157895 0.021937842778793418 0.02055921052631579
1 0.8130712979890311 0.22697368421052633 0.025594149908592323 0.023848684210526317
1 0.3596892138939671 0.2060032894736842 0.050274223034734916 0.04111842105263158
1 0.29478976234003657 0.8811677631578947 0.03016453382084095 0.024671052631578948
0 0.350091407678245 0.8585526315789473 0.024680073126142597 0.02055921052631579
1 0.013711151736745886 0.9527138157894737 0.027422303473491772 0.023848684210526317
1 0.2810786106032907 0.860608552631579 0.025594149908592323 0.02549342105263158
1 0.24177330895795246 0.6212993421052632 0.022851919561243144 0.019736842105263157
1 0.27376599634369286 0.5032894736842105 0.024680073126142597 0.02138157894736842
0 0.3263254113345521 0.8618421052631579 0.024680073126142597 0.02138157894736842
1 0.3706581352833638 0.11883223684210527 0.04296160877513711 0.038651315789473686
1 0.54981718464351 0.4691611842105263 0.02376599634369287 0.023848684210526317
1 0.07495429616087751 0.3026315789473684 0.031078610603290677 0.028782894736842105
1 0.34963436928702013 0.14103618421052633 0.04113345521023766 0.03700657894736842
1 0.22989031078610603 0.20723684210526316 0.031078610603290677 0.027960526315789474
1 0.8062157221206582 0.11307565789473684 0.029250457038391225 0.028782894736842105
1 0.2870201096892139 0.08675986842105263 0.031992687385740404 0.02631578947368421
1 0.13025594149908593 0.32195723684210525 0.029250457038391225 0.023026315789473683
1 0.6156307129798904 0.5810032894736842 0.0283363802559415 0.024671052631578948
1 0.3912248628884826 0.6640625 0.02376599634369287 0.02055921052631579
1 0.2573126142595978 0.9375 0.03016453382084095 0.02631578947368421
1 0.30255941499085925 0.8585526315789473 0.026508226691042046 0.02631578947368421
1 0.2093235831809872 0.19449013157894737 0.027422303473491772 0.02549342105263158
1 0.30027422303473494 0.5008223684210527 0.031992687385740404 0.027138157894736843
1 0.973491773308958 0.9144736842105263 0.04204753199268738 0.05016447368421053
1 0.9488117001828154 0.15460526315789475 0.024680073126142597 0.02138157894736842
1 0.9127056672760512 0.30550986842105265 0.0283363802559415 0.023848684210526317
1 0.1316270566727605 0.7372532894736842 0.024680073126142597 0.023026315789473683
1 0.13117001828153566 0.704358552631579 0.024680073126142597 0.02138157894736842
1 0.08180987202925045 0.7828947368421053 0.031992687385740404 0.027138157894736843
1 0.6974405850091407 0.09539473684210527 0.02376599634369287 0.022203947368421052
0 0.7943327239488117 0.16817434210526316 0.018281535648994516 0.01644736842105263
1 0.24862888482632542 0.49300986842105265 0.027422303473491772 0.023848684210526317
1 0.25914076782449724 0.6336348684210527 0.019195612431444242 0.018092105263157895
1 0.9922303473491774 0.2590460526315789 0.014625228519195612 0.03042763157894737
1 0.7340036563071298 0.31620065789473684 0.03290676416819013 0.027138157894736843
1 0.5292504570383912 0.4613486842105263 0.021937842778793418 0.018092105263157895
1 0.09049360146252285 0.740953947368421 0.0283363802559415 0.027138157894736843
1 0.14716636197440586 0.7113486842105263 0.022851919561243144 0.02055921052631579
0 0.253199268738574 0.787828947368421 0.026508226691042046 0.019736842105263157
1 0.5502742230347349 0.782483552631579 0.02102376599634369 0.019736842105263157
1 0.7248628884826326 0.18174342105263158 0.025594149908592323 0.02138157894736842
1 0.15722120658135283 0.7306743421052632 0.0283363802559415 0.02549342105263158
1 0.7842778793418648 0.12171052631578948 0.027422303473491772 0.02549342105263158
1 0.12340036563071298 0.34210526315789475 0.025594149908592323 0.02138157894736842
1 0.7929616087751371 0.7870065789473685 0.027422303473491772 0.024671052631578948
1 0.39488117001828155 0.14802631578947367 0.03930530164533821 0.03042763157894737
1 0.33180987202925044 0.9510690789473685 0.02376599634369287 0.02549342105263158
1 0.06398537477148081 0.7594572368421053 0.03473491773308958 0.03125
1 0.019652650822669104 0.7680921052631579 0.02376599634369287 0.02549342105263158
1 0.2513711151736746 0.06044407894736842 0.027422303473491772 0.023026315789473683
1 0.5164533820840951 0.47491776315789475 0.02010968921389397 0.01644736842105263
1 0.350091407678245 0.3762335526315789 0.027422303473491772 0.024671052631578948
1 0.1476234003656307 0.17845394736842105 0.026508226691042046 0.022203947368421052
1 0.893510054844607 0.27179276315789475 0.01736745886654479 0.018092105263157895
1 0.09917733089579525 0.3137335526315789 0.0283363802559415 0.027960526315789474
1 0.11517367458866545 0.751233552631579 0.0283363802559415 0.028782894736842105
1 0.03336380255941499 0.7438322368421053 0.026508226691042046 0.024671052631578948
1 0.23263254113345522 0.8026315789473685 0.027422303473491772 0.029605263157894735
1 0.113345521023766 0.7820723684210527 0.03016453382084095 0.027138157894736843
1 0.2376599634369287 0.125 0.03290676416819013 0.023026315789473683
1 0.7893053016453382 0.45723684210526316 0.027422303473491772 0.027138157894736843
1 0.496800731261426 0.21175986842105263 0.0356489945155393 0.02631578947368421
1 0.43875685557586835 0.29605263157894735 0.025594149908592323 0.023026315789473683
1 0.5676416819012797 0.4810855263157895 0.024680073126142597 0.02138157894736842
1 0.3546617915904936 0.3939144736842105 0.0283363802559415 0.02138157894736842
1 0.009597806215722121 0.2993421052631579 0.01736745886654479 0.03042763157894737
0 0.05712979890310786 0.28412828947368424 0.025594149908592323 0.02138157894736842
1 0.3446069469835466 0.9346217105263158 0.01736745886654479 0.019736842105263157
1 0.9876599634369287 0.18667763157894737 0.02102376599634369 0.022203947368421052
1 0.012797074954296161 0.3199013157894737 0.02102376599634369 0.018914473684210526
1 0.22851919561243145 0.055509868421052634 0.026508226691042046 0.023026315789473683
1 0.7865630712979891 0.23231907894736842 0.022851919561243144 0.022203947368421052
1 0.8925959780621572 0.2886513157894737 0.02010968921389397 0.02055921052631579
0 0.34414990859232175 0.9165296052631579 0.02102376599634369 0.018092105263157895
1 0.9926873857404022 0.7310855263157895 0.014625228519195612 0.024671052631578948
1 0.9387568555758684 0.3717105263157895 0.019195612431444242 0.01644736842105263
0 0.353290676416819 0.17351973684210525 0.03930530164533821 0.027138157894736843
0 0.743601462522852 0.782483552631579 0.02376599634369287 0.022203947368421052
0 0.07038391224862889 0.7245065789473685 0.0283363802559415 0.022203947368421052
1 0.6398537477148081 0.3034539473684211 0.02376599634369287 0.02055921052631579
0 0.340036563071298 0.8754111842105263 0.021937842778793418 0.018914473684210526
1 0.26142595978062155 0.7162828947368421 0.018281535648994516 0.01644736842105263
0 0.15173674588665448 0.1611842105263158 0.02376599634369287 0.017269736842105265
1 0.008226691042047532 0.5259046052631579 0.016453382084095063 0.023848684210526317
0 0.6627056672760512 0.3540296052631579 0.019195612431444242 0.01644736842105263
1 0.28016453382084094 0.6356907894736842 0.014625228519195612 0.014802631578947368
1 0.05530164533820841 0.7421875 0.02376599634369287 0.022203947368421052
1 0.23994515539305303 0.18626644736842105 0.024680073126142597 0.023026315789473683
1 0.13391224862888482 0.08675986842105263 0.02376599634369287 0.019736842105263157
1 0.043875685557586835 0.7771381578947368 0.025594149908592323 0.023848684210526317
1 0.21160877513711152 0.977796052631579 0.018281535648994516 0.02055921052631579
1 0.0712979890310786 0.1196546052631579 0.022851919561243144 0.018092105263157895
1 0.2093235831809872 0.21669407894736842 0.024680073126142597 0.022203947368421052
1 0.2426873857404022 0.14268092105263158 0.0283363802559415 0.018914473684210526
1 0.9894881170018281 0.9148848684210527 0.02102376599634369 0.044407894736842105
1 0.25411334552102377 0.8063322368421053 0.02376599634369287 0.02055921052631579
1 0.3468921389396709 0.046875 0.022851919561243144 0.02138157894736842
1 0.803473491773309 0.4588815789473684 0.021937842778793418 0.02549342105263158
1 0.5351919561243145 0.4231085526315789 0.026508226691042046 0.018914473684210526
1 0.4337294332723949 0.12623355263157895 0.02010968921389397 0.029605263157894735
1 0.08683729433272395 0.33305921052631576 0.027422303473491772 0.018092105263157895
1 0.926416819012797 0.3881578947368421 0.019195612431444242 0.018092105263157895
1 0.19515539305301646 0.2981085526315789 0.022851919561243144 0.02138157894736842
1 0.2929616087751371 0.618421052631579 0.018281535648994516 0.017269736842105265
1 0.2883912248628885 0.9555921052631579 0.018281535648994516 0.022203947368421052
1 0.13985374771480805 0.3416940789473684 0.01736745886654479 0.02138157894736842
0 0.9611517367458866 0.17845394736842105 0.02010968921389397 0.01644736842105263
0 0.6188299817184644 0.2730263157894737 0.019195612431444242 0.018092105263157895
1 0.5886654478976234 0.6525493421052632 0.01736745886654479 0.014802631578947368
1 0.40356489945155394 0.65625 0.01736745886654479 0.015625
1 0.10831809872029251 0.515625 0.02010968921389397 0.01644736842105263
0 0.10968921389396709 0.22450657894736842 0.025594149908592323 0.018914473684210526
1 0.25182815356489946 0.07935855263157894 0.026508226691042046 0.022203947368421052
1 0.276508226691042 0.10361842105263158 0.027422303473491772 0.02138157894736842
0 0.8121572212065814 0.17064144736842105 0.021937842778793418 0.01644736842105263
0 0.8939670932358318 0.16570723684210525 0.022851919561243144 0.02055921052631579
1 0.5763254113345521 0.28289473684210525 0.029250457038391225 0.023848684210526317
1 0.8606032906764168 0.28412828947368424 0.02010968921389397 0.022203947368421052
1 0.26371115173674586 0.09087171052631579 0.02376599634369287 0.02055921052631579
1 0.3075868372943327 0.375 0.019195612431444242 0.02138157894736842
