1 0.6791590493601463 0.9876644736842105 0.04113345521023766 0.024671052631578948
1 0.9812614259597806 0.2722039473684211 0.025594149908592323 0.024671052631578948
1 0.8272394881170019 0.9897203947368421 0.04204753199268738 0.02055921052631579
1 0.7061243144424132 0.8384046052631579 0.037477148080438755 0.02631578947368421
1 0.720292504570384 0.26644736842105265 0.04204753199268738 0.03042763157894737
1 0.3578610603290676 0.5694901315789473 0.038391224862888484 0.027960526315789474
1 0.12888482632541134 0.3207236842105263 0.03656307129798903 0.028782894736842105
1 0.8158135283363802 0.027138157894736843 0.03930530164533821 0.032072368421052634
1 0.503199268738574 0.9786184210526315 0.0356489945155393 0.028782894736842105
1 0.6005484460694699 0.7055921052631579 0.031992687385740404 0.02549342105263158
1 0.0356489945155393 0.25945723684210525 0.03290676416819013 0.028782894736842105
1 0.3171846435100548 0.6138980263157895 0.031992687385740404 0.027138157894736843
1 0.9808043875685558 0.23273026315789475 0.027422303473491772 0.027138157894736843
1 0.9556672760511883 0.23190789473684212 0.029250457038391225 0.028782894736842105
1 0.5630712979890311 0.5834703947368421 0.03656307129798903 0.03042763157894737
1 0.23583180987202926 0.6060855263157895 0.0356489945155393 0.03042763157894737
1 0.17138939670932357 0.6118421052631579 0.025594149908592323 0.022203947368421052
1 0.1293418647166362 0.8902138157894737 0.029250457038391225 0.02631578947368421
1 0.0356489945155393 0.5489309210526315 0.033820840950639856 0.02549342105263158
1 0.07038391224862889 0.5633223684210527 0.0356489945155393 0.028782894736842105
1 0.04981718464351006 0.8675986842105263 0.037477148080438755 0.029605263157894735
1 0.8139853747714808 0.0625 0.031992687385740404 0.029605263157894735
1 0.13985374771480805 0.5657894736842105 0.0283363802559415 0.023026315789473683
1 0.2797074954296161 0.5230263157894737 0.03656307129798903 0.027960526315789474
1 0.6978976234003657 0.5452302631578947 0.03290676416819013 0.024671052631578948
1 0.1156307129798903 0.6015625 0.03656307129798903 0.028782894736842105
1 0.07175502742230347 0.3100328947368421 0.033820840950639856 0.02631578947368421
1 0.10283363802559416 0.8922697368421053 0.027422303473491772 0.02138157894736842
1 0.7879341864716636 0.08100328947368421 0.04113345521023766 0.03289473684210526
1 0.6837294332723949 0.821546052631579 0.037477148080438755 0.029605263157894735
1 0.41681901279707495 0.3527960526315789 0.031992687385740404 0.029605263157894735
1 0.26828153564899454 0.6036184210526315 0.033820840950639856 0.027138157894736843
1 0.1773308957952468 0.6521381578947368 0.026508226691042046 0.023026315789473683
1 0.3939670932358318 0.3379934210526316 0.03656307129798903 0.027960526315789474
1 0.016453382084095063 0.8392269736842105 0.0283363802559415 0.027138157894736843
1 0.6681901279707495 0.7849506578947368 0.031078610603290677 0.023026315789473683
1 0.10329067641681901 0.860608552631579 0.031078610603290677 0.023026315789473683
1 0.8848263254113345 0.8018092105263158 0.03473491773308958 0.027960526315789474
1 0.6681901279707495 0.2582236842105263 0.03930530164533821 0.03453947368421053
1 0.8304387568555759 0.7791940789473685 0.03473491773308958 0.028782894736842105
0 0.06992687385740402 0.2553453947368421 0.029250457038391225 0.02549342105263158
1 0.7093235831809872 0.5727796052631579 0.027422303473491772 0.02549342105263158
1 0.5132541133455211 0.5921052631578947 0.033820840950639856 0.024671052631578948
1 0.8491773308957953 0.022203947368421052 0.031078610603290677 0.027960526315789474
1 0.3624314442413163 0.7479440789473685 0.027422303473491772 0.02138157894736842
1 0.6585923217550275 0.5579769736842105 0.024680073126142597 0.02055921052631579
1 0.14990859232175502 0.6167763157894737 0.021937842778793418 0.022203947368421052
0 0.26051188299817185 0.5777138157894737 0.03290676416819013 0.022203947368421052
1 0.7550274223034735 0.07771381578947369 0.029250457038391225 0.027138157894736843
1 0.9931444241316271 0.2886513157894737 0.013711151736745886 0.03125
1 0.956581352833638 0.26644736842105265 0.0283363802559415 0.023848684210526317
1 0.02330895795246801 0.5657894736842105 0.031992687385740404 0.028782894736842105
1 0.6115173674588665 0.5464638157894737 0.0283363802559415 0.022203947368421052
1 0.770109689213894 0.18667763157894737 0.031992687385740404 0.024671052631578948
1 0.3007312614259598 0.5337171052631579 0.033820840950639856 0.028782894736842105
1 0.9277879341864717 0.046875 0.038391224862888484 0.02055921052631579
1 0.6796160877513712 0.576891447368421 0.025594149908592323 0.024671052631578948
1 0.5310786106032906 0.6373355263157895 0.03656307129798903 0.02549342105263158
1 0.9794332723948812 0.05674342105263158 0.029250457038391225 0.02549342105263158
1 0.38711151736745886 0.3614309210526316 0.0283363802559415 0.02631578947368421
1 0.7573126142595978 0.5234375 0.0356489945155393 0.027138157894736843
1 0.28473491773308957 0.027138157894736843 0.03473491773308958 0.03536184210526316
1 0.4282449725776965 0.5546875 0.024680073126142597 0.023026315789473683
1 0.7737659963436929 0.6591282894736842 0.0283363802559415 0.022203947368421052
1 0.40493601462522855 0.5678453947368421 0.022851919561243144 0.023848684210526317
1 0.6361974405850092 0.5752467105263158 0.025594149908592323 0.022203947368421052
1 0.6037477148080439 0.06455592105263158 0.025594149908592323 0.02549342105263158
1 0.8989945155393053 0.7882401315789473 0.027422303473491772 0.02055921052631579
1 0.5210237659963437 0.609375 0.0356489945155393 0.023848684210526317
0 0.32769652650822667 0.5069901315789473 0.02376599634369287 0.019736842105263157
0 0.3117001828153565 0.5123355263157895 0.02010968921389397 0.02055921052631579
0 0.6005484460694699 0.6344572368421053 0.024680073126142597 0.02138157894736842
1 0.03976234003656307 0.6126644736842105 0.03016453382084095 0.024671052631578948
0 0.7883912248628885 0.055509868421052634 0.027422303473491772 0.022203947368421052
1 0.7093235831809872 0.234375 0.031078610603290677 0.028782894736842105
1 0.7870201096892139 0.17064144736842105 0.031078610603290677 0.023848684210526317
0 0.28884826325411334 0.49835526315789475 0.0283363802559415 0.022203947368421052
1 0.1745886654478976 0.631578947368421 0.02102376599634369 0.017269736842105265
1 0.3670018281535649 0.6015625 0.0356489945155393 0.028782894736842105
1 0.11060329067641682 0.5682565789473685 0.0356489945155393 0.03125
1 0.8738574040219378 0.704358552631579 0.0283363802559415 0.024671052631578948
1 0.3569469835466179 0.6463815789473685 0.025594149908592323 0.022203947368421052
0 0.08592321755027423 0.28741776315789475 0.03016453382084095 0.022203947368421052
0 0.9552102376599635 0.3046875 0.024680073126142597 0.02055921052631579
1 0.8409506398537477 0.6221217105263158 0.03473491773308958 0.023026315789473683
1 0.3386654478976234 0.5826480263157895 0.03290676416819013 0.027138157894736843
1 0.8295246800731262 0.43462171052631576 0.027422303473491772 0.023848684210526317
1 0.9707495429616088 0.2870065789473684 0.027422303473491772 0.023848684210526317
0 0.6229433272394881 0.6336348684210527 0.02102376599634369 0.017269736842105265
1 0.2783363802559415 0.22409539473684212 0.021937842778793418 0.023026315789473683
1 0.7641681901279708 0.4987664473684211 0.03016453382084095 0.024671052631578948
1 0.4945155393053016 0.4666940789473684 0.031078610603290677 0.024671052631578948
1 0.011882998171846435 0.9954769736842105 0.02376599634369287 0.009046052631578948
1 0.007312614259597806 0.8618421052631579 0.013711151736745886 0.028782894736842105
0 0.3382084095063985 0.6356907894736842 0.021937842778793418 0.018092105263157895
1 0.38711151736745886 0.5855263157894737 0.031078610603290677 0.028782894736842105
1 0.1969835466179159 0.2837171052631579 0.02376599634369287 0.018914473684210526
1 0.013711151736745886 0.884046052631579 0.022851919561243144 0.02631578947368421
1 0.06718464351005485 0.9601151315789473 0.024680073126142597 0.023848684210526317
0 0.15356489945155394 0.5879934210526315 0.022851919561243144 0.017269736842105265
1 0.007312614259597806 0.899671052631579 0.012797074954296161 0.02549342105263158
1 0.7294332723948812 0.7142269736842105 0.026508226691042046 0.02138157894736842
1 0.6755027422303473 0.18996710526315788 0.029250457038391225 0.02138157894736842
0 0.047989031078610606 0.2393092105263158 0.029250457038391225 0.019736842105263157
0 0.7568555758683729 0.23560855263157895 0.03473491773308958 0.029605263157894735
1 0.7504570383912249 0.4543585526315789 0.0356489945155393 0.027138157894736843
1 0.32084095063985374 0.01850328947368421 0.025594149908592323 0.019736842105263157
1 0.10191956124314443 0.8774671052631579 0.029250457038391225 0.01644736842105263
1 0.26919561243144424 0.1953125 0.025594149908592323 0.019736842105263157
0 0.5868372943327239 0.6291118421052632 0.01736745886654479 0.018092105263157895
1 0.2760511882998172 0.6208881578947368 0.03473491773308958 0.023026315789473683
0 0.6563071297989032 0.2080592105263158 0.03930530164533821 0.03289473684210526
1 0.02696526508226691 0.22820723684210525 0.0283363802559415 0.024671052631578948
1 0.09414990859232175 0.5641447368421053 0.026508226691042046 0.027960526315789474
1 0.4954296160877514 0.8379934210526315 0.021937842778793418 0.023026315789473683
1 0.008226691042047532 0.9181743421052632 0.013711151736745886 0.017269736842105265
1 0.5877513711151737 0.5773026315789473 0.02010968921389397 0.018914473684210526
1 0.15493601462522852 0.006578947368421052 0.03016453382084095 0.013157894736842105
1 0.8171846435100548 0.4370888157894737 0.021937842778793418 0.02055921052631579
1 0.9012797074954296 0.7055921052631579 0.025594149908592323 0.019736842105263157
1 0.3811700182815356 0.7619243421052632 0.022851919561243144 0.019736842105263157
1 0.7394881170018281 0.6817434210526315 0.031992687385740404 0.022203947368421052
0 0.6828153564899452 0.24547697368421054 0.027422303473491772 0.027138157894736843
1 0.6357404021937842 0.5476973684210527 0.022851919561243144 0.023026315789473683
