1 0.6229166666666667 0.46774193548387094 0.07 0.05326331582895724
1 0.41625 0.9786196549137285 0.06583333333333333 0.042010502625656414
1 0.9504166666666667 0.5806451612903226 0.08083333333333333 0.07426856714178545
1 0.09416666666666666 0.19617404351087772 0.043333333333333335 0.03600900225056264
1 0.5733333333333334 0.95423855963991 0.05583333333333333 0.04801200300075019
1 0.05625 0.21005251312828208 0.045 0.04126031507876969
1 0.6745833333333333 0.32483120780195046 0.055 0.05326331582895724
1 0.9729166666666667 0.7273068267066767 0.0525 0.04576144036009002
1 0.04708333333333333 0.43210802700675166 0.06 0.04351087771942986
1 0.23916666666666667 0.4339834958739685 0.05 0.03900975243810953
0 0.07958333333333334 0.4006001500375094 0.043333333333333335 0.03825956489122281
1 0.92625 0.2501875468867217 0.059166666666666666 0.05101275318829707
0 0.85125 0.18529632408102026 0.0475 0.04351087771942986
1 0.9041666666666667 0.5570142535633908 0.06166666666666667 0.07426856714178545
1 0.9216666666666666 0.6796699174793699 0.06666666666666667 0.07501875468867217
1 0.9779166666666667 0.6699174793698425 0.04416666666666667 0.07876969242310577
1 0.8991666666666667 0.20930232558139536 0.058333333333333334 0.042010502625656414
1 0.1075 0.3885971492873218 0.04416666666666667 0.046511627906976744
1 0.9433333333333334 0.6290322580645161 0.08333333333333333 0.0622655663915979
1 0.7470833333333333 0.072768192048012 0.05 0.03675918979744936
1 0.56875 0.45648912228057015 0.055 0.05476369092273068
1 0.36833333333333335 0.9621155288822205 0.05333333333333334 0.056264066016504126
1 0.8975 0.6196549137284321 0.0425 0.05776444111027757
1 0.9841666666666666 0.527006751687922 0.03166666666666667 0.07126781695423856
0 0.06333333333333334 0.3754688672168042 0.03666666666666667 0.02625656414103526
1 0.8866666666666667 0.29519879969992496 0.051666666666666666 0.05926481620405101
1 0.20333333333333334 0.4129782445611403 0.035833333333333335 0.03075768942235559
0 0.9483333333333334 0.5266316579144786 0.04833333333333333 0.04576144036009002
1 0.64 0.3259564891222806 0.0325 0.03900975243810953
1 0.15791666666666668 0.5101275318829708 0.030833333333333334 0.02700675168792198
1 0.7879166666666667 0.08064516129032258 0.035833333333333335 0.0277569392348087
0 0.0225 0.9519879969992499 0.0425 0.03600900225056264
1 0.03625 0.40097524381095273 0.0475 0.04351087771942986
1 0.09333333333333334 0.2243060765191298 0.04083333333333333 0.030007501875468866
0 0.87125 0.2385596399099775 0.05416666666666667 0.03975993998499625
1 0.056666666666666664 0.5491372843210802 0.025833333333333333 0.023255813953488372
1 0.035833333333333335 0.5468867216804201 0.023333333333333334 0.028507126781695424
0 0.8241666666666667 0.20667666916729183 0.0375 0.04276069017254314
1 0.23 0.1121530382595649 0.03833333333333333 0.03675918979744936
1 0.16458333333333333 0.5468867216804201 0.0325 0.02700675168792198
1 0.06041666666666667 0.5847711927981996 0.03166666666666667 0.030007501875468866
0 0.8520833333333333 0.6380345086271568 0.05416666666666667 0.05101275318829707
0 0.93125 0.741185296324081 0.075 0.0622655663915979
0 0.8783333333333333 0.6744186046511628 0.045 0.05401350337584396
0 0.015 0.9718679669917479 0.03 0.033008252063015754
0 0.12958333333333333 0.505251312828207 0.023333333333333334 0.0172543135783946
1 0.84 0.23780945236309078 0.028333333333333332 0.0277569392348087
0 0.93125 0.2959489872468117 0.043333333333333335 0.037509377344336084
1 0.14541666666666667 0.5330082520630157 0.0275 0.020255063765941484
1 0.6579166666666667 0.291072768192048 0.03 0.03675918979744936
1 0.012916666666666667 0.5003750937734434 0.0225 0.02625656414103526
0 0.08708333333333333 0.423105776444111 0.034166666666666665 0.02250562640660165
0 0.9129166666666667 0.3477119279819955 0.03916666666666667 0.03900975243810953
1 0.14791666666666667 0.04126031507876969 0.02666666666666667 0.024756189047261814
1 0.1675 0.4628657164291073 0.03666666666666667 0.03075768942235559
1 0.13041666666666665 0.0277569392348087 0.025 0.02700675168792198
1 0.99125 0.5971492873218305 0.015833333333333335 0.06376594148537135
0 0.03125 0.9849962490622656 0.03333333333333333 0.028507126781695424
1 0.24541666666666667 0.3810952738184546 0.029166666666666667 0.029257314328582147
1 0.034166666666666665 0.377344336084021 0.03 0.020255063765941484
