1 0.6649908592321755 0.42475328947368424 0.03016453382084095 0.028782894736842105
1 0.8263254113345521 0.03453947368421053 0.04296160877513711 0.03618421052631579
1 0.7216636197440585 0.21792763157894737 0.044789762340036565 0.04276315789473684
1 0.6659049360146252 0.25287828947368424 0.04113345521023766 0.04029605263157895
1 0.5626142595978062 0.03741776315789474 0.04021937842778794 0.039473684210526314
1 0.9442413162705667 0.6891447368421053 0.0283363802559415 0.02631578947368421
1 0.3217550274223035 0.40460526315789475 0.029250457038391225 0.02549342105263158
1 0.19424131627056673 0.3754111842105263 0.03473491773308958 0.027960526315789474
1 0.7842778793418648 0.5719572368421053 0.025594149908592323 0.023848684210526317
1 0.6622486288848263 0.28125 0.04661791590493602 0.03125
1 0.21755027422303475 0.3667763157894737 0.027422303473491772 0.027138157894736843
1 0.9638939670932358 0.7027138157894737 0.03016453382084095 0.027138157894736843
1 0.5329067641681902 0.05345394736842105 0.03473491773308958 0.029605263157894735
1 0.2897623400365631 0.44613486842105265 0.026508226691042046 0.02549342105263158
1 0.3071297989031079 0.3157894736842105 0.03656307129798903 0.03042763157894737
1 0.3130712979890311 0.4453125 0.025594149908592323 0.02549342105263158
1 0.2851919561243144 0.29194078947368424 0.03290676416819013 0.029605263157894735
1 0.696983546617916 0.2565789473684211 0.031078610603290677 0.03289473684210526
1 0.34049360146252283 0.3803453947368421 0.027422303473491772 0.024671052631578948
1 0.5086837294332724 0.036595394736842105 0.03016453382084095 0.027960526315789474
1 0.8043875685557587 0.5662006578947368 0.02376599634369287 0.02138157894736842
1 0.27787934186471663 0.3178453947368421 0.029250457038391225 0.028782894736842105
1 0.2906764168190128 0.4231085526315789 0.02376599634369287 0.02138157894736842
1 0.6864716636197441 0.43256578947368424 0.02376599634369287 0.022203947368421052
1 0.7641681901279708 0.6208881578947368 0.031078610603290677 0.03042763157894737
1 0.7893053016453382 0.6944901315789473 0.0283363802559415 0.02549342105263158
1 0.6325411334552102 0.17598684210526316 0.031992687385740404 0.027138157894736843
1 0.8084643510054845 0.16320723684210528 0.022769652650822668 0.01884046052631579
1 0.8171846435100548 0.5567434210526315 0.024680073126142597 0.023848684210526317
1 0.6128884826325411 0.17023026315789475 0.024680073126142597 0.02631578947368421
1 0.8098720292504571 0.6657072368421053 0.029250457038391225 0.024671052631578948
1 0.3569469835466179 0.3828125 0.02010968921389397 0.023848684210526317
1 0.6914990859232175 0.22902960526315788 0.037477148080438755 0.028782894736842105
1 0.4638939670932358 0.15542763157894737 0.0283363802559415 0.022203947368421052
1 0.4844606946983547 0.15830592105263158 0.027422303473491772 0.02631578947368421
1 0.48583180987202923 0.11307565789473684 0.025594149908592323 0.027138157894736843
0 0.30027422303473494 0.4136513157894737 0.018281535648994516 0.015625
1 0.5722120658135283 0.17722039473684212 0.02376599634369287 0.02055921052631579
1 0.7929616087751371 0.027960526315789474 0.03016453382084095 0.027960526315789474
1 0.8162705667276051 0.013157894736842105 0.029250457038391225 0.02138157894736842
1 0.7376599634369287 0.6307565789473685 0.0283363802559415 0.024671052631578948
1 0.6444241316270567 0.23807565789473684 0.03290676416819013 0.028782894736842105
1 0.823126142595978 0.6484375 0.03016453382084095 0.022203947368421052
1 0.7632541133455211 0.5587993421052632 0.025594149908592323 0.022203947368421052
1 0.5941499085923218 0.18667763157894737 0.03016453382084095 0.019736842105263157
0 0.3130712979890311 0.4231085526315789 0.019195612431444242 0.015625
1 0.7426873857404022 0.6143092105263158 0.024680073126142597 0.02055921052631579
1 0.8182723948811701 0.16990953947368423 0.021617915904936013 0.020740131578947368
1 0.6824771480804388 0.49951480263157894 0.02580438756855576 0.027105263157894736
1 0.694725776965265 0.5117105263157895 0.024716636197440585 0.021554276315789475
