1 0.7257769652650823 0.6085526315789473 0.027422303473491772 0.02549342105263158
1 0.5626142595978062 0.27055921052631576 0.03473491773308958 0.03042763157894737
1 0.07541133455210237 0.907483552631579 0.024680073126142597 0.022203947368421052
1 0.1960694698354662 0.5509868421052632 0.04204753199268738 0.03536184210526316
1 0.2595978062157221 0.5513980263157895 0.03656307129798903 0.03536184210526316
1 0.5511882998171846 0.24753289473684212 0.03290676416819013 0.02549342105263158
1 0.6005484460694699 0.25616776315789475 0.03290676416819013 0.03125
1 0.19881170018281535 0.524671052631579 0.03656307129798903 0.027138157894736843
1 0.10831809872029251 0.905016447368421 0.025594149908592323 0.023026315789473683
1 0.5383912248628885 0.2808388157894737 0.026508226691042046 0.03125
1 0.6380255941499086 0.9884868421052632 0.02010968921389397 0.019736842105263157
1 0.3446069469835466 0.8330592105263158 0.02376599634369287 0.02138157894736842
1 0.7623400365630713 0.6171875 0.027422303473491772 0.027960526315789474
1 0.5013711151736746 0.42475328947368424 0.027422303473491772 0.027138157894736843
1 0.7134369287020109 0.6348684210526315 0.025594149908592323 0.02631578947368421
1 0.6215722120658135 0.25616776315789475 0.024680073126142597 0.03042763157894737
1 0.6220292504570384 0.9925986842105263 0.029250457038391225 0.014802631578947368
1 0.523308957952468 0.41817434210526316 0.027422303473491772 0.02549342105263158
1 0.399908592321755 0.8758223684210527 0.027422303473491772 0.02631578947368421
1 0.5776965265082267 0.2865953947368421 0.026508226691042046 0.02631578947368421
1 0.010968921389396709 0.7421875 0.02102376599634369 0.03125
0 0.14213893967093236 0.9773848684210527 0.02376599634369287 0.018092105263157895
1 0.6128884826325411 0.27837171052631576 0.02102376599634369 0.02055921052631579
