1 0.25182815356489946 0.665296052631579 0.03656307129798903 0.03700657894736842
1 0.5776965265082267 0.7742598684210527 0.031078610603290677 0.03125
0 0.8478062157221207 0.8865131578947368 0.038391224862888484 0.033717105263157895
1 0.2993601462522852 0.7302631578947368 0.04296160877513711 0.03536184210526316
1 0.409963436928702 0.6763980263157895 0.031992687385740404 0.029605263157894735
1 0.6055758683729433 0.7759046052631579 0.03016453382084095 0.029605263157894735
1 0.3030164533820841 0.7039473684210527 0.03473491773308958 0.03042763157894737
1 0.17093235831809872 0.24424342105263158 0.033820840950639856 0.029605263157894735
1 0.14122486288848263 0.8404605263157895 0.026508226691042046 0.024671052631578948
0 0.8121572212065814 0.8910361842105263 0.03473491773308958 0.03125
1 0.06855575868372943 0.5271381578947368 0.0283363802559415 0.023026315789473683
1 0.8162705667276051 0.5686677631578947 0.025594149908592323 0.022203947368421052
1 0.10054844606946983 0.7787828947368421 0.021937842778793418 0.02055921052631579
0 0.9835466179159049 0.17269736842105263 0.022851919561243144 0.023026315789473683
1 0.9012797074954296 0.9580592105263158 0.026508226691042046 0.019736842105263157
1 0.34780621572212067 0.959703947368421 0.02376599634369287 0.022203947368421052
0 0.9670932358318098 0.6414473684210527 0.02102376599634369 0.017269736842105265
