1 0.9753199268738574 0.057154605263157895 0.027422303473491772 0.02549342105263158
1 0.5319926873857403 0.4292763157894737 0.04661791590493602 0.039473684210526314
1 0.9117915904936015 0.07771381578947369 0.044789762340036565 0.033717105263157895
1 0.5644424131627057 0.4917763157894737 0.04113345521023766 0.03618421052631579
1 0.4264168190127971 0.20559210526315788 0.031992687385740404 0.028782894736842105
1 0.4853747714808044 0.5148026315789473 0.04113345521023766 0.038651315789473686
1 0.48857404021937845 0.43338815789473684 0.038391224862888484 0.03782894736842105
1 0.49085923217550276 0.48067434210526316 0.04021937842778794 0.03618421052631579
1 0.9181901279707495 0.05345394736842105 0.037477148080438755 0.027138157894736843
1 0.553473491773309 0.5226151315789473 0.04113345521023766 0.03125
1 0.5137111517367459 0.45230263157894735 0.043875685557586835 0.03618421052631579
1 0.5182815356489945 0.5069901315789473 0.033820840950639856 0.028782894736842105
1 0.5146252285191956 0.5328947368421053 0.03656307129798903 0.03042763157894737
1 0.8103290676416819 0.3959703947368421 0.024680073126142597 0.018914473684210526
1 0.553473491773309 0.4621710526315789 0.03656307129798903 0.029605263157894735
0 0.8043875685557587 0.09703947368421052 0.03016453382084095 0.024671052631578948
1 0.5818098720292505 0.47286184210526316 0.025594149908592323 0.02631578947368421
1 0.5822669104204753 0.5123355263157895 0.027422303473491772 0.032072368421052634
1 0.603290676416819 0.4745065789473684 0.02376599634369287 0.024671052631578948
1 0.48811700182815354 0.40707236842105265 0.02376599634369287 0.018092105263157895
