1 0.41125 0.9561140285071268 0.03166666666666667 0.02700675168792198
0 0.8504166666666667 0.872093023255814 0.04083333333333333 0.03900975243810953
0 0.8216666666666667 0.8503375843960991 0.04 0.03825956489122281
0 0.9141666666666667 0.9227306826706677 0.043333333333333335 0.03675918979744936
0 0.8879166666666667 0.8540885221305327 0.043333333333333335 0.0345086271567892
0 0.9304166666666667 0.8889722430607652 0.041666666666666664 0.03975993998499625
0 0.8870833333333333 0.890847711927982 0.04583333333333333 0.04351087771942986
0 0.94875 0.8687171792948237 0.04833333333333333 0.04051012753188297
0 0.8575 0.8432108027006752 0.035 0.0277569392348087
0 0.8125 0.8840960240060015 0.03916666666666667 0.035258814703675916
0 0.9516666666666667 0.9171042760690172 0.03916666666666667 0.03900975243810953
0 0.84375 0.6774193548387096 0.03166666666666667 0.02700675168792198
0 0.4454166666666667 0.9287321830457614 0.02666666666666667 0.02250562640660165
