1 0.6175 0.5716429107276819 0.03916666666666667 0.033008252063015754
1 0.595 0.5176294073518379 0.0425 0.033008252063015754
1 0.38125 0.09977494373593399 0.035833333333333335 0.03600900225056264
0 0.35041666666666665 0.0967741935483871 0.030833333333333334 0.029257314328582147
1 0.58 0.5551387846961741 0.04583333333333333 0.03975993998499625
1 0.345 0.11927981995498875 0.0425 0.028507126781695424
1 0.46458333333333335 0.4696174043510878 0.03833333333333333 0.03600900225056264
0 0.5070833333333333 0.4186046511627907 0.03333333333333333 0.024756189047261814
1 0.18458333333333332 0.43548387096774194 0.0425 0.033008252063015754
0 0.43375 0.4857464366091523 0.030833333333333334 0.0277569392348087
1 0.5004166666666666 0.4932483120780195 0.035833333333333335 0.03225806451612903
1 0.5120833333333333 0.4426106526631658 0.03 0.02625656414103526
1 0.32875 0.08477119279819954 0.0375 0.03675918979744936
1 0.27458333333333335 0.2625656414103526 0.030833333333333334 0.03150787696924231
1 0.40791666666666665 0.4737434358589647 0.03333333333333333 0.03075768942235559
1 0.27625 0.29182295573893474 0.023333333333333334 0.021005251312828207
1 0.5320833333333334 0.4966241560390098 0.020833333333333332 0.02175543885971493
0 0.5320833333333334 0.46999249812453114 0.03 0.025506376594148537
0 0.5175 0.5127531882970743 0.0325 0.024756189047261814
1 0.46958333333333335 0.4339834958739685 0.02666666666666667 0.024756189047261814
1 0.48083333333333333 0.4981245311327832 0.028333333333333332 0.033008252063015754
0 0.20403333333333334 0.19085521380345086 0.03669166666666667 0.031252813203300825
