1 0.195 0.8034508627156789 0.06333333333333334 0.056264066016504126
1 0.11083333333333334 0.8304576144036009 0.06 0.04951237809452363
1 0.16875 0.7498124531132783 0.05583333333333333 0.05326331582895724
0 0.765 0.9909977494373593 0.03166666666666667 0.01800450112528132
0 0.22625 0.8942235558889723 0.04 0.0345086271567892
1 0.17333333333333334 0.4816204051012753 0.04083333333333333 0.03975993998499625
0 0.12208333333333334 0.8735933983495874 0.045 0.03900975243810953
0 0.15875 0.8312078019504876 0.03833333333333333 0.037509377344336084
1 0.13375 0.47674418604651164 0.04583333333333333 0.04426106526631658
1 0.12541666666666668 0.43435858964741186 0.04583333333333333 0.03600900225056264
1 0.9395833333333333 0.9077269317329333 0.0325 0.0277569392348087
1 0.9004166666666666 0.8934733683420856 0.030833333333333334 0.02250562640660165
1 0.07958333333333334 0.7985746436609152 0.04833333333333333 0.05701425356339085
1 0.3929166666666667 0.8878469617404351 0.0175 0.015003750937734433
1 0.8983333333333333 0.9159789947486872 0.03333333333333333 0.029257314328582147
1 0.7066666666666667 0.8439609902475619 0.018333333333333333 0.01350337584396099
1 0.41875 0.7288072018004501 0.018333333333333333 0.014253563390847712
1 0.26458333333333334 0.47449362340585144 0.035 0.02700675168792198
1 0.925 0.9396099024756189 0.03 0.021005251312828207
0 0.14833333333333334 0.9257314328582146 0.0375 0.03075768942235559
0 0.10333333333333333 0.7771942985746436 0.0325 0.03075768942235559
1 0.94875 0.927231807951988 0.0275 0.02700675168792198
1 0.6920833333333334 0.8510877719429858 0.02 0.0172543135783946
1 0.2941666666666667 0.5007501875468867 0.03666666666666667 0.03225806451612903
1 0.16583333333333333 0.43285821455363843 0.04 0.03900975243810953
1 0.66 0.8252063015753939 0.0175 0.0172543135783946
0 0.7904166666666667 0.994748687171793 0.03 0.010502625656414103
1 0.3625 0.8188297074268567 0.020833333333333332 0.016504126031507877
1 0.3258333333333333 0.8038259564891223 0.025 0.018754688672168042
0 0.13833333333333334 0.9546136534133534 0.035833333333333335 0.03600900225056264
0 0.22666666666666666 0.8668417104276069 0.029166666666666667 0.02625656414103526
1 0.43166666666666664 0.7378094523630908 0.015833333333333335 0.015003750937734433
0 0.19958333333333333 0.9317329332333083 0.0275 0.024006001500375095
1 0.23041666666666666 0.4643660915228807 0.035 0.029257314328582147
1 0.6895833333333333 0.5738934733683421 0.025833333333333333 0.019504876219054765
0 0.19708333333333333 0.8702175543885972 0.0375 0.028507126781695424
1 0.25666666666666665 0.44711177794448614 0.03666666666666667 0.03225806451612903
1 0.14083333333333334 0.7936984246061516 0.0525 0.04576144036009002
1 0.9095833333333333 0.9906226556639159 0.02666666666666667 0.018754688672168042
1 0.5483333333333333 0.746436609152288 0.015833333333333335 0.012003000750187547
0 0.9154166666666667 0.9231057764441111 0.021666666666666667 0.021005251312828207
1 0.9129166666666667 0.9632408102025506 0.03333333333333333 0.03225806451612903
1 0.6441666666666667 0.8342085521380345 0.0175 0.01800450112528132
0 0.9254166666666667 0.8923480870217554 0.02666666666666667 0.02250562640660165
1 0.7820833333333334 0.8192048012003 0.015 0.01350337584396099
1 0.07541666666666667 0.4827456864216054 0.034166666666666665 0.0345086271567892
1 0.3075 0.8135783945986497 0.024166666666666666 0.01800450112528132
1 0.7095833333333333 0.8567141785446362 0.016666666666666666 0.012753188297074268
1 0.32666666666666666 0.8173293323330832 0.018333333333333333 0.015753938484621154
1 0.77375 0.8068267066766691 0.016666666666666666 0.015753938484621154
1 0.7633333333333333 0.813953488372093 0.015833333333333335 0.015753938484621154
1 0.5816666666666667 0.8154538634658665 0.013333333333333334 0.01350337584396099
1 0.5629166666666666 0.7621905476369092 0.0175 0.012753188297074268
1 0.9258333333333333 0.9681170292573144 0.0275 0.025506376594148537
1 0.63 0.8282070517629407 0.0175 0.0172543135783946
1 0.45125 0.9317329332333083 0.023333333333333334 0.020255063765941484
1 0.765 0.8270817704426107 0.016666666666666666 0.01350337584396099
1 0.6070833333333333 0.8113278319579895 0.015833333333333335 0.015753938484621154
1 0.09125 0.5671417854463616 0.03166666666666667 0.020255063765941484
1 0.53 0.6575393848462115 0.0175 0.015753938484621154
1 0.3828416666666667 0.41287321830457613 0.02305 0.03154538634658664
0 0.158575 0.8968567141785446 0.0402 0.032078019504876217
0 0.198225 0.9145911477869468 0.037975 0.03307576894223556
0 0.22829999999999998 0.949834958739685 0.030183333333333333 0.025723930982745686
