0 0.3281535648994516 0.4769736842105263 0.02102376599634369 0.017269736842105265
1 0.5105118829981719 0.28412828947368424 0.0356489945155393 0.028782894736842105
1 0.5904936014625228 0.9099506578947368 0.027422303473491772 0.02549342105263158
1 0.26828153564899454 0.8359375 0.031992687385740404 0.027960526315789474
1 0.520109689213894 0.31743421052631576 0.03473491773308958 0.03042763157894737
1 0.770109689213894 0.6389802631578947 0.031078610603290677 0.029605263157894735
1 0.33775137111517367 0.4642269736842105 0.02102376599634369 0.014802631578947368
1 0.5671846435100548 0.9070723684210527 0.026508226691042046 0.027960526315789474
1 0.36745886654478976 0.7076480263157895 0.031992687385740404 0.027138157894736843
1 0.7207495429616088 0.743421052631579 0.03016453382084095 0.02631578947368421
1 0.31581352833638027 0.46710526315789475 0.021937842778793418 0.02138157894736842
1 0.2829067641681901 0.7742598684210527 0.03473491773308958 0.032072368421052634
1 0.25274223034734916 0.7837171052631579 0.031992687385740404 0.028782894736842105
1 0.07952468007312614 0.41694078947368424 0.0283363802559415 0.027960526315789474
1 0.7422303473491774 0.7261513157894737 0.03016453382084095 0.024671052631578948
1 0.5941499085923218 0.4712171052631579 0.029250457038391225 0.028782894736842105
1 0.7449725776965265 0.7578125 0.03016453382084095 0.032072368421052634
1 0.7280621572212066 0.7750822368421053 0.026508226691042046 0.02631578947368421
1 0.3596892138939671 0.7339638157894737 0.026508226691042046 0.02138157894736842
1 0.090036563071298 0.3980263157894737 0.02376599634369287 0.018914473684210526
1 0.48857404021937845 0.5411184210526315 0.031078610603290677 0.027960526315789474
1 0.296617915904936 0.8199013157894737 0.031078610603290677 0.027138157894736843
1 0.263254113345521 0.8663651315789473 0.03016453382084095 0.027138157894736843
1 0.7088665447897623 0.7742598684210527 0.022851919561243144 0.02631578947368421
1 0.7691956124314442 0.7364309210526315 0.02376599634369287 0.022203947368421052
1 0.19241316270566727 0.8778782894736842 0.02376599634369287 0.023026315789473683
1 0.5676416819012797 0.44366776315789475 0.02102376599634369 0.018914473684210526
1 0.11288848263254113 0.4342105263157895 0.022851919561243144 0.018092105263157895
1 0.4570383912248629 0.5353618421052632 0.026508226691042046 0.023848684210526317
1 0.6051188299817185 0.4856085526315789 0.021937842778793418 0.023848684210526317
1 0.8295246800731262 0.9790296052631579 0.021937842778793418 0.018092105263157895
1 0.5502742230347349 0.509046052631579 0.024680073126142597 0.023848684210526317
1 0.3560329067641682 0.7273848684210527 0.031078610603290677 0.029605263157894735
1 0.45886654478976235 0.5526315789473685 0.022851919561243144 0.018092105263157895
