1 0.05850091407678245 0.5513980263157895 0.037477148080438755 0.032072368421052634
1 0.9579524680073126 0.40213815789473684 0.05210237659963437 0.03536184210526316
1 0.24954296160877515 0.5476973684210527 0.03473491773308958 0.02631578947368421
1 0.2362888482632541 0.5731907894736842 0.03656307129798903 0.02631578947368421
1 0.8148994515539305 0.3918585526315789 0.051188299817184646 0.03618421052631579
1 0.8372943327239488 0.4276315789473684 0.037477148080438755 0.03042763157894737
1 0.10191956124314443 0.5464638157894737 0.031078610603290677 0.02631578947368421
1 0.8011882998171846 0.4375 0.038391224862888484 0.027960526315789474
1 0.20612431444241316 0.5641447368421053 0.0356489945155393 0.029605263157894735
0 0.9597806215722121 0.3717105263157895 0.038391224862888484 0.03289473684210526
1 0.8756855575868373 0.3651315789473684 0.04661791590493602 0.03125
1 0.11106032906764168 0.5086348684210527 0.03656307129798903 0.027138157894736843
1 0.2056672760511883 0.3120888157894737 0.03473491773308958 0.02631578947368421
1 0.2426873857404022 0.4605263157894737 0.033820840950639856 0.023848684210526317
1 0.30850091407678243 0.047697368421052634 0.0283363802559415 0.022203947368421052
1 0.8583180987202925 0.3828125 0.0356489945155393 0.029605263157894735
1 0.9021937842778793 0.3881578947368421 0.044789762340036565 0.033717105263157895
1 0.36151736745886653 0.5600328947368421 0.031992687385740404 0.02631578947368421
1 0.8679159049360147 0.4074835526315789 0.03656307129798903 0.029605263157894735
0 0.9195612431444241 0.3667763157894737 0.031992687385740404 0.027960526315789474
1 0.9890310786106032 0.4272203947368421 0.02102376599634369 0.03782894736842105
1 0.17413162705667276 0.3338815789473684 0.019195612431444242 0.014802631578947368
