1 0.13711151736745886 0.7676809210526315 0.03473491773308958 0.032072368421052634
1 0.6951553930530164 0.8519736842105263 0.03473491773308958 0.033717105263157895
1 0.20840950639853748 0.21011513157894737 0.03473491773308958 0.02631578947368421
1 0.02696526508226691 0.3963815789473684 0.0356489945155393 0.03125
1 0.6096892138939671 0.8597861842105263 0.03656307129798903 0.032072368421052634
1 0.833180987202925 0.5476973684210527 0.024680073126142597 0.02055921052631579
1 0.8542047531992687 0.530016447368421 0.026508226691042046 0.019736842105263157
1 0.2152650822669104 0.1846217105263158 0.033820840950639856 0.028782894736842105
1 0.0850091407678245 0.7545230263157895 0.026508226691042046 0.023026315789473683
1 0.18372943327239488 0.18421052631578946 0.0283363802559415 0.02549342105263158
0 0.5292504570383912 0.40995065789473684 0.02376599634369287 0.017269736842105265
1 0.56672760511883 0.41036184210526316 0.02102376599634369 0.018914473684210526
1 0.21023765996343693 0.27055921052631576 0.0283363802559415 0.023848684210526317
1 0.38482632541133455 0.07236842105263158 0.022851919561243144 0.023026315789473683
1 0.1809872029250457 0.20723684210526316 0.0283363802559415 0.02549342105263158
1 0.8053016453382084 0.2060032894736842 0.022851919561243144 0.022203947368421052
1 0.48857404021937845 0.4449013157894737 0.024680073126142597 0.023848684210526317
0 0.8350091407678245 0.5283717105263158 0.019195612431444242 0.01644736842105263
0 0.8117001828153565 0.5452302631578947 0.021937842778793418 0.019736842105263157
0 0.8345521023765996 0.516858552631579 0.019195612431444242 0.014802631578947368
1 0.5315356489945156 0.4428453947368421 0.022851919561243144 0.015625
0 0.5342778793418648 0.4276315789473684 0.02376599634369287 0.018914473684210526
1 0.8569469835466179 0.5361842105263158 0.03016453382084095 0.02549342105263158
0 0.5173674588665448 0.42023026315789475 0.018281535648994516 0.017269736842105265
1 0.23446069469835465 0.2002467105263158 0.021937842778793418 0.024671052631578948
1 0.6723034734917733 0.8523848684210527 0.022851919561243144 0.024671052631578948
0 0.4986288848263254 0.4066611842105263 0.022851919561243144 0.013980263157894737
0 0.5059414990859232 0.3951480263157895 0.03016453382084095 0.02055921052631579
1 0.2340036563071298 0.17557565789473684 0.02376599634369287 0.02055921052631579
0 0.6526508226691042 0.8486842105263158 0.025594149908592323 0.024671052631578948
