1 0.44424131627056673 0.9144736842105263 0.03016453382084095 0.027138157894736843
1 0.12797074954296161 0.5333059210526315 0.038391224862888484 0.03289473684210526
1 0.1425959780621572 0.5674342105263158 0.03656307129798903 0.03289473684210526
1 0.643510054844607 0.859375 0.031992687385740404 0.03042763157894737
1 0.226691042047532 0.7138157894736842 0.027422303473491772 0.023848684210526317
1 0.4483546617915905 0.9629934210526315 0.031992687385740404 0.02631578947368421
1 0.5758683729433273 0.8758223684210527 0.033820840950639856 0.02631578947368421
1 0.2202925045703839 0.7767269736842105 0.0356489945155393 0.027960526315789474
1 0.11197440585009141 0.7886513157894737 0.031078610603290677 0.028782894736842105
1 0.5557586837294333 0.9506578947368421 0.033820840950639856 0.032072368421052634
1 0.9012797074954296 0.610608552631579 0.03290676416819013 0.03042763157894737
1 0.5502742230347349 0.9120065789473685 0.031078610603290677 0.027138157894736843
1 0.3779707495429616 0.9305098684210527 0.03016453382084095 0.02549342105263158
1 0.5493601462522852 0.8828125 0.025594149908592323 0.02138157894736842
0 0.10603290676416818 0.5053453947368421 0.03290676416819013 0.02631578947368421
1 0.5237659963436929 0.8787006578947368 0.03016453382084095 0.024671052631578948
1 0.4625228519195612 0.984375 0.0283363802559415 0.027138157894736843
1 0.3944241316270567 0.9103618421052632 0.025594149908592323 0.02631578947368421
1 0.2522851919561243 0.787828947368421 0.033820840950639856 0.032072368421052634
1 0.09186471663619744 0.7976973684210527 0.031078610603290677 0.029605263157894735
1 0.5260511882998172 0.9477796052631579 0.03016453382084095 0.028782894736842105
0 0.42138939670932357 0.8774671052631579 0.03016453382084095 0.023848684210526317
1 0.23720292504570384 0.7339638157894737 0.033820840950639856 0.022203947368421052
1 0.5100548446069469 0.8404605263157895 0.024680073126142597 0.023026315789473683
0 0.35054844606946983 0.9095394736842105 0.0283363802559415 0.023026315789473683
1 0.5242230347349177 0.8618421052631579 0.027422303473491772 0.018092105263157895
1 0.34780621572212067 0.8902138157894737 0.025594149908592323 0.02138157894736842
1 0.36654478976234006 0.8828125 0.026508226691042046 0.022203947368421052
1 0.670018281535649 0.8618421052631579 0.0283363802559415 0.03125
1 0.42230347349177333 0.951891447368421 0.027422303473491772 0.023848684210526317
1 0.4296160877513711 0.9930098684210527 0.031078610603290677 0.013980263157894737
1 0.14853747714808044 0.985608552631579 0.025594149908592323 0.023848684210526317
1 0.8971663619744058 0.842516447368421 0.026508226691042046 0.022203947368421052
0 0.0726691042047532 0.5238486842105263 0.0283363802559415 0.023026315789473683
0 0.42138939670932357 0.897203947368421 0.025594149908592323 0.019736842105263157
1 0.44149908592321757 0.891858552631579 0.027422303473491772 0.024671052631578948
1 0.5626142595978062 0.9300986842105263 0.033820840950639856 0.023026315789473683
1 0.5795246800731262 0.9091282894736842 0.026508226691042046 0.024671052631578948
1 0.0763254113345521 0.506578947368421 0.03016453382084095 0.024671052631578948
0 0.44561243144424134 0.944078947368421 0.024680073126142597 0.018092105263157895
0 0.09369287020109689 0.5345394736842105 0.025594149908592323 0.022203947368421052
1 0.2312614259597806 0.8013980263157895 0.03016453382084095 0.02549342105263158
1 0.42550274223034734 0.96875 0.027422303473491772 0.02055921052631579
1 0.5187385740402194 0.8988486842105263 0.024680073126142597 0.022203947368421052
1 0.23811700182815357 0.7516447368421053 0.029250457038391225 0.024671052631578948
0 0.05393053016453382 0.7676809210526315 0.029250457038391225 0.022203947368421052
1 0.5475319926873857 0.834703947368421 0.02376599634369287 0.02138157894736842
1 0.24177330895795246 0.7594572368421053 0.03016453382084095 0.023026315789473683
0 0.37477148080438755 0.9120065789473685 0.021937842778793418 0.018914473684210526
1 0.9287020109689214 0.8902138157894737 0.027422303473491772 0.022203947368421052
1 0.5822669104204753 0.891858552631579 0.025594149908592323 0.019736842105263157
1 0.08546617915904936 0.774671052631579 0.022851919561243144 0.02055921052631579
1 0.3587751371115174 0.8692434210526315 0.025594149908592323 0.018914473684210526
0 0.19972577696526508 0.7142269736842105 0.027422303473491772 0.023848684210526317
