1 0.19881170018281535 0.10567434210526316 0.03016453382084095 0.02549342105263158
1 0.9328153564899452 0.10032894736842106 0.03016453382084095 0.02631578947368421
1 0.06992687385740402 0.7623355263157895 0.044789762340036565 0.038651315789473686
1 0.7134369287020109 0.0884046052631579 0.048446069469835464 0.046875
1 0.05987202925045704 0.03618421052631579 0.031992687385740404 0.03125
1 0.15493601462522852 0.44120065789473684 0.0356489945155393 0.03289473684210526
1 0.11060329067641682 0.7113486842105263 0.03473491773308958 0.028782894736842105
1 0.42458866544789764 0.2265625 0.021937842778793418 0.02055921052631579
1 0.829981718464351 0.45230263157894735 0.031992687385740404 0.024671052631578948
1 0.9026508226691042 0.984375 0.04021937842778794 0.03042763157894737
1 0.15950639853747714 0.5197368421052632 0.025594149908592323 0.024671052631578948
1 0.34095063985374774 0.3314144736842105 0.027422303473491772 0.027138157894736843
1 0.9090493601462523 0.09375 0.026508226691042046 0.024671052631578948
1 0.43555758683729434 0.04276315789473684 0.024680073126142597 0.02055921052631579
1 0.4209323583180987 0.2738486842105263 0.029250457038391225 0.027960526315789474
1 0.3491773308957952 0.8071546052631579 0.02376599634369287 0.02138157894736842
1 0.7655393053016454 0.6755756578947368 0.022851919561243144 0.023026315789473683
1 0.39716636197440586 0.5341282894736842 0.03473491773308958 0.03618421052631579
0 0.5361060329067642 0.36101973684210525 0.029250457038391225 0.027138157894736843
1 0.9392138939670932 0.9917763157894737 0.03656307129798903 0.01644736842105263
1 0.8135283363802559 0.15172697368421054 0.04296160877513711 0.04358552631578947
1 0.021480804387568556 0.016036184210526317 0.0283363802559415 0.027138157894736843
1 0.11425959780621572 0.4925986842105263 0.03656307129798903 0.03125
1 0.8336380255941499 0.5929276315789473 0.024680073126142597 0.02055921052631579
1 0.10923217550274222 0.16981907894736842 0.026508226691042046 0.023848684210526317
1 0.8263254113345521 0.6336348684210527 0.022851919561243144 0.02138157894736842
1 0.012340036563071298 0.08305921052631579 0.021937842778793418 0.019736842105263157
0 0.3857404021937843 0.06743421052631579 0.027422303473491772 0.024671052631578948
1 0.676416819012797 0.10896381578947369 0.04021937842778794 0.046052631578947366
1 0.7431444241316271 0.5518092105263158 0.03290676416819013 0.04276315789473684
1 0.7152650822669104 0.13322368421052633 0.04936014625228519 0.044407894736842105
1 0.3546617915904936 0.0756578947368421 0.031078610603290677 0.028782894736842105
0 0.30210237659963435 0.17105263157894737 0.026508226691042046 0.023848684210526317
1 0.07861060329067641 0.05756578947368421 0.03656307129798903 0.03453947368421053
1 0.7618829981718465 0.15501644736842105 0.04021937842778794 0.03618421052631579
1 0.23720292504570384 0.09580592105263158 0.022851919561243144 0.019736842105263157
1 0.4744058500914077 0.10279605263157894 0.03016453382084095 0.028782894736842105
1 0.015996343692870202 0.6636513157894737 0.026508226691042046 0.023848684210526317
1 0.8185557586837294 0.2582236842105263 0.03016453382084095 0.027960526315789474
1 0.79981718464351 0.7450657894736842 0.02376599634369287 0.02138157894736842
0 0.040676416819012795 0.08470394736842106 0.022851919561243144 0.022203947368421052
1 0.5781535648994516 0.421875 0.027422303473491772 0.027138157894736843
0 0.33226691042047535 0.2574013157894737 0.027422303473491772 0.023848684210526317
1 0.386654478976234 0.33675986842105265 0.03016453382084095 0.028782894736842105
0 0.37157221206581353 0.2635690789473684 0.029250457038391225 0.02631578947368421
1 0.4424131627056673 0.33511513157894735 0.031078610603290677 0.02631578947368421
1 0.38162705667276053 0.4477796052631579 0.021937842778793418 0.018092105263157895
0 0.07495429616087751 0.09416118421052631 0.021937842778793418 0.023026315789473683
0 0.9794332723948812 0.031661184210526314 0.03016453382084095 0.03042763157894737
1 0.40950639853747717 0.2372532894736842 0.02102376599634369 0.02055921052631579
1 0.16544789762340037 0.015213815789473685 0.025594149908592323 0.024671052631578948
0 0.5095978062157221 0.35773026315789475 0.0283363802559415 0.02631578947368421
0 0.45749542961608775 0.5563322368421053 0.027422303473491772 0.023026315789473683
1 0.6782449725776966 0.03453947368421053 0.03016453382084095 0.03453947368421053
1 0.42413162705667273 0.09457236842105263 0.022851919561243144 0.02055921052631579
1 0.386654478976234 0.48519736842105265 0.033820840950639856 0.03042763157894737
1 0.4369287020109689 0.06085526315789474 0.027422303473491772 0.024671052631578948
1 0.01416819012797075 0.7652138157894737 0.024680073126142597 0.023848684210526317
1 0.2810786106032907 0.5600328947368421 0.025594149908592323 0.02055921052631579
1 0.8528336380255942 0.6188322368421053 0.022851919561243144 0.02055921052631579
1 0.926873857404022 0.5678453947368421 0.021937842778793418 0.018914473684210526
1 0.5045703839122486 0.19983552631578946 0.025594149908592323 0.02138157894736842
1 0.5342778793418648 0.4276315789473684 0.0283363802559415 0.022203947368421052
1 0.5178244972577697 0.6233552631578947 0.02102376599634369 0.022203947368421052
0 0.09506398537477148 0.7442434210526315 0.029250457038391225 0.023848684210526317
1 0.7989031078610603 0.484375 0.026508226691042046 0.023848684210526317
0 0.21846435100548445 0.2944078947368421 0.03016453382084095 0.024671052631578948
0 0.36654478976234006 0.054276315789473686 0.026508226691042046 0.023026315789473683
0 0.37248628884826324 0.23067434210526316 0.027422303473491772 0.023848684210526317
1 0.3359232175502742 0.02055921052631579 0.033820840950639856 0.027138157894736843
0 0.28382084095063986 0.3347039473684211 0.02102376599634369 0.022203947368421052
1 0.029707495429616086 0.062088815789473686 0.027422303473491772 0.023026315789473683
1 0.886654478976234 0.005756578947368421 0.03473491773308958 0.011513157894736841
1 0.055758683729433274 0.013157894736842105 0.027422303473491772 0.02138157894736842
0 0.7801645338208409 0.6879111842105263 0.019195612431444242 0.01644736842105263
0 0.9319012797074955 0.030016447368421052 0.031992687385740404 0.029605263157894735
0 0.2655393053016453 0.328125 0.024680073126142597 0.018914473684210526
1 0.3793418647166362 0.04111842105263158 0.024680073126142597 0.023848684210526317
1 0.1563071297989031 0.6447368421052632 0.026508226691042046 0.023026315789473683
1 0.7084095063985375 0.5625 0.043875685557586835 0.033717105263157895
0 0.27696526508226693 0.16652960526315788 0.031078610603290677 0.024671052631578948
0 0.34780621572212067 0.23190789473684212 0.024680073126142597 0.022203947368421052
1 0.39716636197440586 0.3067434210526316 0.027422303473491772 0.02138157894736842
1 0.420018281535649 0.615953947368421 0.026508226691042046 0.023848684210526317
0 0.70018281535649 0.01768092105263158 0.03016453382084095 0.024671052631578948
1 0.4904021937842779 0.10773026315789473 0.024680073126142597 0.02549342105263158
0 0.08546617915904936 0.14720394736842105 0.022851919561243144 0.017269736842105265
0 0.37248628884826324 0.7010690789473685 0.04021937842778794 0.032072368421052634
1 0.8752285191956124 0.0912828947368421 0.021937842778793418 0.018914473684210526
0 0.031992687385740404 0.04235197368421053 0.0283363802559415 0.024671052631578948
0 0.7317184643510055 0.03782894736842105 0.024680073126142597 0.027138157894736843
1 0.8615173674588665 0.11513157894736842 0.02102376599634369 0.023026315789473683
1 0.8226691042047533 0.4666940789473684 0.022851919561243144 0.017269736842105265
0 0.35648994515539306 0.34786184210526316 0.025594149908592323 0.02138157894736842
1 0.08775137111517367 0.19161184210526316 0.018281535648994516 0.018914473684210526
0 0.06261425959780621 0.08141447368421052 0.02102376599634369 0.018914473684210526
0 0.6014625228519196 0.5978618421052632 0.02376599634369287 0.019736842105263157
0 0.33455210237659966 0.41324013157894735 0.027422303473491772 0.022203947368421052
0 0.399908592321755 0.26398026315789475 0.024680073126142597 0.023026315789473683
1 0.5447897623400365 0.3363486842105263 0.025594149908592323 0.018914473684210526
0 0.363345521023766 0.2138157894736842 0.029250457038391225 0.023026315789473683
1 0.7070383912248629 0.5875822368421053 0.04296160877513711 0.032072368421052634
1 0.3939670932358318 0.46587171052631576 0.025594149908592323 0.022203947368421052
0 0.12431444241316271 0.35074013157894735 0.0356489945155393 0.023026315789473683
1 0.8829981718464351 0.014802631578947368 0.0283363802559415 0.023848684210526317
1 0.2659963436928702 0.11430921052631579 0.021937842778793418 0.02055921052631579
1 0.45521023765996343 0.5098684210526315 0.024680073126142597 0.022203947368421052
1 0.02010968921389397 0.5370065789473685 0.021937842778793418 0.018092105263157895
0 0.03976234003656307 0.02261513157894737 0.022851919561243144 0.023026315789473683
0 0.7861060329067642 0.6435032894736842 0.02102376599634369 0.019736842105263157
1 0.6851005484460695 0.07154605263157894 0.03016453382084095 0.032072368421052634
0 0.5571297989031079 0.3692434210526316 0.022851919561243144 0.023848684210526317
0 0.353290676416819 0.2504111842105263 0.024680073126142597 0.02055921052631579
0 0.1882998171846435 0.14309210526315788 0.03016453382084095 0.02631578947368421
0 0.4437842778793419 0.5707236842105263 0.02102376599634369 0.019736842105263157
1 0.4629798903107861 0.5719572368421053 0.02010968921389397 0.018092105263157895
1 0.04524680073126142 0.5337171052631579 0.029250457038391225 0.02549342105263158
0 0.13071297989031078 0.18092105263157895 0.026508226691042046 0.023026315789473683
1 0.41681901279707495 0.08018092105263158 0.02010968921389397 0.01644736842105263
0 0.18921389396709323 0.5045230263157895 0.019195612431444242 0.015625
0 0.7861060329067642 0.12171052631578948 0.03016453382084095 0.028782894736842105
1 0.8491773308957953 0.07689144736842106 0.027422303473491772 0.023026315789473683
1 0.01782449725776965 0.4761513157894737 0.018281535648994516 0.02138157894736842
0 0.21846435100548445 0.3129111842105263 0.02102376599634369 0.01644736842105263
1 0.5159963436928702 0.25370065789473684 0.021937842778793418 0.019736842105263157
0 0.37385740402193784 0.0859375 0.02010968921389397 0.018914473684210526
1 0.12888482632541134 0.43050986842105265 0.026508226691042046 0.022203947368421052
0 0.7070383912248629 0.05016447368421053 0.031992687385740404 0.024671052631578948
0 0.7632541133455211 0.05016447368421053 0.0283363802559415 0.02549342105263158
1 0.7906764168190128 0.09868421052631579 0.02102376599634369 0.019736842105263157
1 0.41590493601462525 0.548108552631579 0.02376599634369287 0.022203947368421052
1 0.920018281535649 0.004934210526315789 0.031078610603290677 0.009868421052631578
1 0.7015539305301646 0.2833059210526316 0.02102376599634369 0.02055921052631579
0 0.7906764168190128 0.6747532894736842 0.018281535648994516 0.014802631578947368
1 0.68327239488117 0.5493421052631579 0.024680073126142597 0.023026315789473683
1 0.9689213893967094 0.2886513157894737 0.022851919561243144 0.02138157894736842
0 0.09734917733089579 0.8129111842105263 0.026508226691042046 0.022203947368421052
0 0.7088665447897623 0.7693256578947368 0.02102376599634369 0.017269736842105265
0 0.20338208409506398 0.6476151315789473 0.02102376599634369 0.018092105263157895
1 0.8715722120658135 0.11800986842105263 0.0283363802559415 0.02631578947368421
0 0.23537477148080438 0.31661184210526316 0.016453382084095063 0.013980263157894737
0 0.5237659963436929 0.3425164473684211 0.02102376599634369 0.017269736842105265
0 0.7554844606946983 0.02261513157894737 0.03473491773308958 0.028782894736842105
1 0.024223034734917732 0.49588815789473684 0.02376599634369287 0.019736842105263157
1 0.2870201096892139 0.09457236842105263 0.016453382084095063 0.01644736842105263
1 0.10831809872029251 0.19983552631578946 0.0283363802559415 0.024671052631578948
0 0.1256855575868373 0.3692434210526316 0.029250457038391225 0.02549342105263158
1 0.5489031078610603 0.5119243421052632 0.025594149908592323 0.022203947368421052
0 0.9223034734917733 0.0756578947368421 0.02376599634369287 0.02055921052631579
1 0.5626142595978062 0.1377467105263158 0.02010968921389397 0.018914473684210526
0 0.055758683729433274 0.16282894736842105 0.01736745886654479 0.015625
0 0.3080438756855576 0.1356907894736842 0.022851919561243144 0.02138157894736842
1 0.7861060329067642 0.16282894736842105 0.0283363802559415 0.03289473684210526
1 0.793418647166362 0.43914473684210525 0.027422303473491772 0.013980263157894737
1 0.7399451553930531 0.23643092105263158 0.02010968921389397 0.018092105263157895
1 0.33226691042047535 0.19736842105263158 0.01736745886654479 0.015625
1 0.7970749542961609 0.6907894736842105 0.01736745886654479 0.018092105263157895
1 0.029250457038391225 0.4753289473684211 0.016453382084095063 0.018092105263157895
1 0.5155393053016454 0.26973684210526316 0.022851919561243144 0.02138157894736842
0 0.7093235831809872 0.522203947368421 0.02010968921389397 0.01644736842105263
1 0.9716636197440585 0.14925986842105263 0.02102376599634369 0.02055921052631579
0 0.3852833638025594 0.28618421052631576 0.0283363802559415 0.027138157894736843
1 0.9136197440585009 0.3667763157894737 0.026508226691042046 0.02055921052631579
1 0.8596892138939671 0.6994243421052632 0.02010968921389397 0.017269736842105265
0 0.9584095063985375 0.03248355263157895 0.027422303473491772 0.027138157894736843
0 0.33775137111517367 0.038240131578947366 0.021937842778793418 0.015625
0 0.3743144424131627 0.4642269736842105 0.022851919561243144 0.022203947368421052
