1 0.16541666666666666 0.7213053263315828 0.0775 0.07051762940735183
0 0.02375 0.9227306826706677 0.0475 0.06676669167291822
1 0.04125 0.668417104276069 0.07333333333333333 0.0450112528132033
0 0.0825 0.9373593398349588 0.060833333333333336 0.05476369092273068
0 0.05456666666666667 0.8899924981245311 0.07920833333333333 0.054231057764441114
1 0.06333333333333334 0.7164291072768192 0.07083333333333333 0.07126781695423856
1 0.6520833333333333 0.8177044261065266 0.08166666666666667 0.07051762940735183
0 0.24541666666666667 0.7700675168792198 0.06416666666666666 0.0555138784696174
1 0.12666666666666668 0.694298574643661 0.07666666666666666 0.05926481620405101
1 0.6604166666666667 0.8634658664666166 0.07083333333333333 0.04951237809452363
1 0.08041666666666666 0.8780945236309077 0.06166666666666667 0.05401350337584396
0 0.36125 0.6781695423855963 0.075 0.06601650412603151
1 0.10166666666666667 0.7456864216054013 0.06666666666666667 0.06001500375093773
0 0.3275 0.6331582895723931 0.06416666666666666 0.051762940735183796
0 0.12083333333333333 0.7989497374343586 0.05416666666666667 0.046511627906976744
1 0.5795833333333333 0.7299324831207802 0.045 0.03975993998499625
0 0.36125 0.6181545386346586 0.0475 0.04576144036009002
0 0.3016666666666667 0.6804201050262566 0.0525 0.058514628657164294
1 0.18083333333333335 0.5131282820705176 0.03333333333333333 0.03375843960990248
1 0.02375 0.7160540135033758 0.0325 0.04276069017254314
1 0.56125 0.735933983495874 0.04083333333333333 0.04276069017254314
1 0.235 0.4606151537884471 0.051666666666666666 0.04351087771942986
0 0.23666666666666666 0.6976744186046512 0.0425 0.04576144036009002
1 0.6058333333333333 0.9913728432108027 0.04666666666666667 0.0172543135783946
1 0.18208333333333335 0.5532633158289573 0.05583333333333333 0.06001500375093773
0 0.20291666666666666 0.6867966991747937 0.0425 0.0345086271567892
1 0.6128416666666666 0.935423855963991 0.05453333333333333 0.042505626406601646
