1 0.6905850091407678 0.7269736842105263 0.037477148080438755 0.029605263157894735
1 0.6983546617915904 0.631578947368421 0.044789762340036565 0.03536184210526316
1 0.3007312614259598 0.5805921052631579 0.0283363802559415 0.02631578947368421
1 0.12202925045703839 0.9629934210526315 0.031078610603290677 0.03042763157894737
1 0.7582266910420475 0.48930921052631576 0.03473491773308958 0.03042763157894737
1 0.021937842778793418 0.6410361842105263 0.033820840950639856 0.033717105263157895
1 0.5585009140767825 0.5439967105263158 0.03473491773308958 0.029605263157894735
1 0.03610603290676417 0.6138980263157895 0.031992687385740404 0.027960526315789474
1 0.4744058500914077 0.9107730263157895 0.03290676416819013 0.03125
1 0.05758683729433273 0.4987664473684211 0.031992687385740404 0.02631578947368421
1 0.031992687385740404 0.701891447368421 0.031078610603290677 0.028782894736842105
1 0.9616087751371115 0.7462993421052632 0.03290676416819013 0.02631578947368421
1 0.603290676416819 0.8869243421052632 0.03016453382084095 0.02631578947368421
1 0.18692870201096892 0.9078947368421053 0.038391224862888484 0.03042763157894737
1 0.05210237659963437 0.6356907894736842 0.033820840950639856 0.029605263157894735
1 0.25045703839122485 0.5513980263157895 0.031078610603290677 0.02631578947368421
1 0.2143510054844607 0.9222861842105263 0.031078610603290677 0.032072368421052634
0 0.8185557586837294 0.9198190789473685 0.038391224862888484 0.029605263157894735
1 0.3610603290676417 0.7294407894736842 0.0283363802559415 0.024671052631578948
1 0.7239488117001828 0.6155427631578947 0.03473491773308958 0.03042763157894737
1 0.2984460694698355 0.5250822368421053 0.0283363802559415 0.023848684210526317
1 0.23811700182815357 0.7166940789473685 0.022851919561243144 0.022203947368421052
1 0.04296160877513711 0.5279605263157895 0.031992687385740404 0.03042763157894737
1 0.3487202925045704 0.6307565789473685 0.027422303473491772 0.022203947368421052
1 0.6928702010968921 0.5464638157894737 0.03473491773308958 0.032072368421052634
1 0.1010054844606947 0.6595394736842105 0.031992687385740404 0.027960526315789474
1 0.4186471663619744 0.6595394736842105 0.03656307129798903 0.02549342105263158
1 0.06764168190127971 0.6751644736842105 0.03290676416819013 0.029605263157894735
1 0.2463436928702011 0.5851151315789473 0.027422303473491772 0.024671052631578948
1 0.3272394881170018 0.7594572368421053 0.029250457038391225 0.024671052631578948
1 0.8738574040219378 0.9646381578947368 0.0356489945155393 0.027138157894736843
1 0.2760511882998172 0.5390625 0.0283363802559415 0.023848684210526317
1 0.8893967093235832 0.9901315789473685 0.04021937842778794 0.019736842105263157
0 0.8190127970749543 0.8795230263157895 0.0356489945155393 0.027960526315789474
1 0.2664533820840951 0.592516447368421 0.02376599634369287 0.023026315789473683
1 0.40813528336380256 0.7323190789473685 0.03016453382084095 0.023026315789473683
1 0.8002742230347349 0.9732730263157895 0.027422303473491772 0.029605263157894735
1 0.29890310786106034 0.545641447368421 0.0283363802559415 0.023848684210526317
0 0.8208409506398537 0.8556743421052632 0.0356489945155393 0.024671052631578948
0 0.8628884826325411 0.936266447368421 0.031078610603290677 0.024671052631578948
0 0.930073126142596 0.9634046052631579 0.033820840950639856 0.02631578947368421
1 0.729890310786106 0.47944078947368424 0.025594149908592323 0.022203947368421052
0 0.3139853747714808 0.7393092105263158 0.024680073126142597 0.019736842105263157
1 0.28382084095063986 0.5933388157894737 0.021937842778793418 0.023848684210526317
1 0.4140767824497258 0.7146381578947368 0.02376599634369287 0.02055921052631579
1 0.18647166361974407 0.9383223684210527 0.037477148080438755 0.03536184210526316
1 0.09323583180987204 0.6451480263157895 0.037477148080438755 0.023848684210526317
1 0.576782449725777 0.8811677631578947 0.027422303473491772 0.024671052631578948
0 0.36151736745886653 0.7652138157894737 0.024680073126142597 0.019736842105263157
1 0.5598720292504571 0.8947368421052632 0.03290676416819013 0.02631578947368421
1 0.3372943327239488 0.7372532894736842 0.021937842778793418 0.018914473684210526
0 0.8542047531992687 0.912828947368421 0.03930530164533821 0.02549342105263158
1 0.8857404021937842 0.946546052631579 0.026508226691042046 0.022203947368421052
0 0.8523765996343693 0.8787006578947368 0.031992687385740404 0.027138157894736843
1 0.8368372943327239 0.9712171052631579 0.03473491773308958 0.024671052631578948
1 0.37522851919561245 0.6447368421052632 0.0283363802559415 0.023026315789473683
1 0.7646252285191956 0.5185032894736842 0.03016453382084095 0.023026315789473683
1 0.047989031078610606 0.5945723684210527 0.029250457038391225 0.027960526315789474
1 0.23080438756855576 0.7014802631578947 0.018281535648994516 0.018914473684210526
1 0.873400365630713 0.8885690789473685 0.03016453382084095 0.03042763157894737
1 0.43144424131627057 0.6936677631578947 0.024680073126142597 0.02055921052631579
1 0.9940585009140768 0.9802631578947368 0.011882998171846435 0.03536184210526316
0 0.263254113345521 0.6961348684210527 0.025594149908592323 0.023848684210526317
1 0.863345521023766 0.9921875 0.029250457038391225 0.015625
0 0.21755027422303475 0.803453947368421 0.026508226691042046 0.022203947368421052
1 0.386654478976234 0.704358552631579 0.025594149908592323 0.02138157894736842
0 0.2970749542961609 0.6743421052631579 0.025594149908592323 0.02138157894736842
1 0.24314442413162707 0.6611842105263158 0.021937842778793418 0.023026315789473683
1 0.3797989031078611 0.7232730263157895 0.02102376599634369 0.02055921052631579
1 0.5068555758683729 0.6245888157894737 0.022851919561243144 0.01644736842105263
1 0.9830895795246801 0.9942434210526315 0.031078610603290677 0.011513157894736841
0 0.9620658135283364 0.9662828947368421 0.0283363802559415 0.023026315789473683
1 0.11517367458866545 0.8725328947368421 0.0283363802559415 0.022203947368421052
1 0.44881170018281535 0.7142269736842105 0.022851919561243144 0.02055921052631579
1 0.556672760511883 0.9144736842105263 0.0283363802559415 0.019736842105263157
0 0.012340036563071298 0.6924342105263158 0.02102376599634369 0.023026315789473683
1 0.3162705667276051 0.671875 0.02102376599634369 0.02138157894736842
0 0.3053016453382084 0.6891447368421053 0.02010968921389397 0.01644736842105263
1 0.7052102376599635 0.4506578947368421 0.038391224862888484 0.027960526315789474
1 0.5630712979890311 0.9712171052631579 0.031078610603290677 0.02631578947368421
0 0.8569469835466179 0.8638980263157895 0.031078610603290677 0.018914473684210526
1 0.3386654478976234 0.6595394736842105 0.02010968921389397 0.02055921052631579
0 0.9835466179159049 0.9695723684210527 0.024680073126142597 0.023848684210526317
0 0.6622486288848263 0.7166940789473685 0.02102376599634369 0.019736842105263157
1 0.7157221206581352 0.5328947368421053 0.0283363802559415 0.022203947368421052
1 0.7189213893967094 0.49506578947368424 0.027422303473491772 0.022203947368421052
0 0.06809872029250456 0.5900493421052632 0.022851919561243144 0.022203947368421052
