1 0.09041666666666667 0.6522880720180045 0.0625 0.04126031507876969
1 0.07791666666666666 0.5918979744936234 0.04833333333333333 0.046511627906976744
1 0.11791666666666667 0.5783945986496624 0.0575 0.04576144036009002
1 0.9841666666666666 0.7100525131282821 0.030833333333333334 0.05026256564141035
1 0.9133333333333333 0.8675918979744937 0.03333333333333333 0.03150787696924231
1 0.92625 0.9013503375843961 0.04833333333333333 0.037509377344336084
0 0.9666666666666667 0.8960990247561891 0.03916666666666667 0.03825956489122281
1 0.5279166666666667 0.5926481620405101 0.0375 0.029257314328582147
1 0.11791666666666667 0.5397599399849963 0.051666666666666666 0.04051012753188297
1 0.5183333333333333 0.6301575393848462 0.035 0.03825956489122281
0 0.06291666666666666 0.554013503375844 0.03666666666666667 0.03375843960990248
1 0.034583333333333334 0.3927231807951988 0.0475 0.04426106526631658
1 0.01375 0.35933983495873967 0.0275 0.05026256564141035
1 0.55875 0.5303825956489122 0.0475 0.03075768942235559
1 0.15166666666666667 0.5547636909227307 0.035 0.0345086271567892
1 0.5375 0.5682670667666917 0.035833333333333335 0.030007501875468866
1 0.18625 0.9883720930232558 0.041666666666666664 0.023255813953488372
1 0.13291666666666666 0.6140285071267817 0.0475 0.03375843960990248
0 0.6852083333333333 0.5122280570142536 0.03625 0.02711177794448612
0 0.6895833333333333 0.49212303075768943 0.03666666666666667 0.028507126781695424
0 0.5070833333333333 0.567516879219805 0.03 0.0277569392348087
0 0.52125 0.5427606901725431 0.0325 0.024006001500375095
1 0.4920833333333333 0.5892723180795199 0.029166666666666667 0.033008252063015754
1 0.6604166666666667 0.854463615903976 0.045 0.033008252063015754
1 0.93875 0.708927231807952 0.034166666666666665 0.03225806451612903
0 0.9475 0.8657164291072769 0.03916666666666667 0.03375843960990248
1 0.015833333333333335 0.4212303075768942 0.03 0.04351087771942986
1 0.15291666666666667 0.6346586646661665 0.05416666666666667 0.033008252063015754
1 0.99375 0.6747936984246061 0.011666666666666667 0.025506376594148537
0 0.65625 0.5142535633908477 0.0325 0.03150787696924231
0 0.096225 0.6243510877719429 0.038808333333333334 0.03157539384846212
