1 0.6873857404021938 0.2845394736842105 0.038391224862888484 0.03125
1 0.02056672760511883 0.4740953947368421 0.027422303473491772 0.023848684210526317
1 0.6014625228519196 0.28289473684210525 0.03290676416819013 0.02631578947368421
1 0.5214808043875686 0.5394736842105263 0.04021937842778794 0.03453947368421053
1 0.21937842778793418 0.20847039473684212 0.043875685557586835 0.033717105263157895
1 0.2070383912248629 0.18503289473684212 0.03473491773308958 0.024671052631578948
1 0.17550274223034734 0.18667763157894737 0.0283363802559415 0.024671052631578948
1 0.03473491773308958 0.4564144736842105 0.025594149908592323 0.02138157894736842
1 0.8007312614259597 0.3848684210526316 0.0283363802559415 0.023848684210526317
1 0.2577696526508227 0.125 0.0283363802559415 0.02138157894736842
1 0.9149908592321755 0.42557565789473684 0.038391224862888484 0.032072368421052634
1 0.04981718464351006 0.46504934210526316 0.027422303473491772 0.023848684210526317
0 0.8345521023765996 0.3824013157894737 0.033820840950639856 0.02631578947368421
1 0.8459780621572212 0.4239309210526316 0.031078610603290677 0.027960526315789474
1 0.8953382084095064 0.4477796052631579 0.03473491773308958 0.03042763157894737
0 0.8459780621572212 0.4465460526315789 0.03290676416819013 0.02549342105263158
1 0.26919561243144424 0.13980263157894737 0.024680073126142597 0.023026315789473683
1 0.8724862888482633 0.4296875 0.03656307129798903 0.03125
0 0.8724862888482633 0.4284539473684211 0.037477148080438755 0.032072368421052634
0 0.1476234003656307 0.2935855263157895 0.018281535648994516 0.015625
