1 0.9104166666666667 0.204801200300075 0.07416666666666667 0.05926481620405101
0 0.9629166666666666 0.07764441110277569 0.05333333333333334 0.0450112528132033
1 0.9179166666666667 0.15453863465866466 0.05 0.05101275318829707
1 0.9504166666666667 0.24118529632408103 0.0675 0.04801200300075019
0 0.8439083333333334 0.21387096774193545 0.052116666666666665 0.05396849212303076
1 0.8670833333333333 0.1781695423855964 0.059166666666666666 0.05026256564141035
0 0.89875 0.08139534883720931 0.0575 0.04576144036009002
0 0.93875 0.10990247561890473 0.05416666666666667 0.04126031507876969
0 0.9220833333333334 0.05101275318829707 0.06166666666666667 0.04126031507876969
0 0.8854166666666666 0.24306076519129782 0.06 0.046511627906976744
0 0.8925 0.1140285071267817 0.04416666666666667 0.033008252063015754
