1 0.8898537477148081 0.7039473684210527 0.026508226691042046 0.022203947368421052
1 0.569926873857404 0.5538651315789473 0.04113345521023766 0.03289473684210526
1 0.21709323583180987 0.8984375 0.031992687385740404 0.028782894736842105
1 0.9762340036563071 0.17310855263157895 0.04021937842778794 0.029605263157894735
1 0.7710237659963437 0.21258223684210525 0.024680073126142597 0.02138157894736842
1 0.06992687385740402 0.375 0.027422303473491772 0.024671052631578948
1 0.3857404021937843 0.4004934210526316 0.03930530164533821 0.03289473684210526
1 0.823583180987203 0.4510690789473684 0.038391224862888484 0.03125
1 0.16956124314442414 0.38199013157894735 0.027422303473491772 0.023026315789473683
1 0.7870201096892139 0.7257401315789473 0.025594149908592323 0.023026315789473683
1 0.06535648994515539 0.5279605263157895 0.031078610603290677 0.024671052631578948
1 0.10009140767824497 0.5148026315789473 0.033820840950639856 0.028782894736842105
1 0.40722120658135286 0.4214638157894737 0.037477148080438755 0.027960526315789474
1 0.03610603290676417 0.6085526315789473 0.03473491773308958 0.027960526315789474
1 0.906764168190128 0.24259868421052633 0.029250457038391225 0.022203947368421052
1 0.19012797074954296 0.3626644736842105 0.024680073126142597 0.019736842105263157
1 0.4428702010968921 0.3988486842105263 0.03656307129798903 0.03042763157894737
1 0.28473491773308957 0.2767269736842105 0.033820840950639856 0.02549342105263158
1 0.8884826325411335 0.22861842105263158 0.024680073126142597 0.019736842105263157
1 0.07769652650822668 0.6282894736842105 0.031992687385740404 0.027960526315789474
1 0.009140767824497258 0.5213815789473685 0.018281535648994516 0.02549342105263158
1 0.8098720292504571 0.47820723684210525 0.037477148080438755 0.028782894736842105
1 0.3596892138939671 0.7101151315789473 0.026508226691042046 0.023848684210526317
1 0.27787934186471663 0.38898026315789475 0.03290676416819013 0.02631578947368421
1 0.7344606946983546 0.6241776315789473 0.037477148080438755 0.029605263157894735
1 0.8871115173674589 0.3260690789473684 0.03473491773308958 0.024671052631578948
1 0.025137111517367458 0.3852796052631579 0.021937842778793418 0.024671052631578948
1 0.4616087751371115 0.1118421052631579 0.03016453382084095 0.023026315789473683
1 0.40356489945155394 0.9761513157894737 0.03930530164533821 0.029605263157894735
1 0.6170018281535649 0.15666118421052633 0.031992687385740404 0.024671052631578948
1 0.8180987202925045 0.6537828947368421 0.031992687385740404 0.02549342105263158
1 0.1956124314442413 0.8865131578947368 0.027422303473491772 0.02631578947368421
1 0.04250457038391225 0.3861019736842105 0.02376599634369287 0.023848684210526317
1 0.5790676416819013 0.6776315789473685 0.033820840950639856 0.02549342105263158
1 0.81672760511883 0.501233552631579 0.04296160877513711 0.02631578947368421
1 0.4693784277879342 0.06702302631578948 0.03016453382084095 0.027960526315789474
1 0.7463436928702011 0.5542763157894737 0.026508226691042046 0.024671052631578948
1 0.7180073126142597 0.548108552631579 0.0356489945155393 0.028782894736842105
1 0.4309872029250457 0.5304276315789473 0.031992687385740404 0.02549342105263158
1 0.05987202925045704 0.5760690789473685 0.026508226691042046 0.023026315789473683
1 0.26691042047531993 0.43832236842105265 0.033820840950639856 0.02631578947368421
1 0.7056672760511883 0.5892269736842105 0.031078610603290677 0.02549342105263158
1 0.9163619744058501 0.36225328947368424 0.03930530164533821 0.03042763157894737
1 0.4963436928702011 0.06085526315789474 0.029250457038391225 0.023026315789473683
1 0.8596892138939671 0.48601973684210525 0.031078610603290677 0.03125
0 0.8053016453382084 0.7183388157894737 0.019195612431444242 0.01644736842105263
0 0.8724862888482633 0.6953125 0.021937842778793418 0.017269736842105265
1 0.5036563071297989 0.6381578947368421 0.033820840950639856 0.02549342105263158
1 0.21937842778793418 0.2545230263157895 0.029250457038391225 0.024671052631578948
1 0.48171846435100546 0.4925986842105263 0.0283363802559415 0.02631578947368421
1 0.9131627056672761 0.766858552631579 0.0283363802559415 0.023848684210526317
1 0.07906764168190128 0.6525493421052632 0.029250457038391225 0.02055921052631579
1 0.04296160877513711 0.6307565789473685 0.029250457038391225 0.02549342105263158
1 0.7024680073126143 0.615953947368421 0.033820840950639856 0.029605263157894735
1 0.38619744058500916 0.9555921052631579 0.038391224862888484 0.028782894736842105
1 0.7925045703839122 0.8688322368421053 0.031992687385740404 0.029605263157894735
1 0.7609689213893968 0.5374177631578947 0.024680073126142597 0.024671052631578948
1 0.7669104204753199 0.9938322368421053 0.04296160877513711 0.012335526315789474
1 0.2070383912248629 0.27261513157894735 0.029250457038391225 0.022203947368421052
1 0.5786106032906764 0.9901315789473685 0.033820840950639856 0.019736842105263157
1 0.853290676416819 0.4621710526315789 0.031992687385740404 0.02549342105263158
1 0.8404936014625228 0.17639802631578946 0.026508226691042046 0.022203947368421052
1 0.48948811700182815 0.09991776315789473 0.03016453382084095 0.02549342105263158
1 0.7609689213893968 0.6110197368421053 0.03930530164533821 0.032072368421052634
1 0.25 0.4613486842105263 0.03930530164533821 0.03125
1 0.5027422303473492 0.4276315789473684 0.027422303473491772 0.02138157894736842
0 0.680073126142596 0.5896381578947368 0.02102376599634369 0.017269736842105265
1 0.18418647166361973 0.2611019736842105 0.031078610603290677 0.024671052631578948
1 0.2317184643510055 0.44613486842105265 0.026508226691042046 0.02549342105263158
1 0.8075868372943327 0.6352796052631579 0.0283363802559415 0.02055921052631579
1 0.010054844606946984 0.6245888157894737 0.02010968921389397 0.02549342105263158
1 0.011882998171846435 0.985608552631579 0.02376599634369287 0.028782894736842105
0 0.6407678244972578 0.8511513157894737 0.029250457038391225 0.022203947368421052
1 0.7513711151736746 0.5908717105263158 0.031078610603290677 0.02549342105263158
1 0.523308957952468 0.0756578947368421 0.022851919561243144 0.02549342105263158
1 0.340036563071298 0.7142269736842105 0.024680073126142597 0.024671052631578948
1 0.770109689213894 0.8717105263157895 0.027422303473491772 0.024671052631578948
1 0.3688299817184644 0.7339638157894737 0.0283363802559415 0.023848684210526317
0 0.7961608775137111 0.2060032894736842 0.02010968921389397 0.018092105263157895
0 0.9191042047531993 0.3285361842105263 0.027422303473491772 0.02055921052631579
1 0.5914076782449725 0.37006578947368424 0.029250457038391225 0.024671052631578948
0 0.6224862888482633 0.8643092105263158 0.027422303473491772 0.023848684210526317
1 0.0740402193784278 0.5600328947368421 0.021937842778793418 0.02055921052631579
0 0.8395795246800731 0.4819078947368421 0.02376599634369287 0.022203947368421052
0 0.10557586837294333 0.3618421052631579 0.02010968921389397 0.017269736842105265
1 0.6316270566727605 0.9629934210526315 0.03290676416819013 0.02549342105263158
1 0.09872029250457039 0.6303453947368421 0.02376599634369287 0.024671052631578948
1 0.5105118829981719 0.6554276315789473 0.0283363802559415 0.02055921052631579
0 0.31672760511882997 0.3223684210526316 0.03016453382084095 0.023848684210526317
0 0.5694698354661791 0.5316611842105263 0.024680073126142597 0.017269736842105265
0 0.054387568555758686 0.5435855263157895 0.021937842778793418 0.018914473684210526
1 0.1796160877513711 0.28042763157894735 0.0283363802559415 0.018914473684210526
0 0.6334552102376599 0.8359375 0.031078610603290677 0.02138157894736842
0 0.5155393053016454 0.36430921052631576 0.021937842778793418 0.017269736842105265
1 0.24451553930530165 0.13527960526315788 0.024680073126142597 0.02138157894736842
0 0.7381170018281535 0.5316611842105263 0.025594149908592323 0.023026315789473683
0 0.21023765996343693 0.29769736842105265 0.026508226691042046 0.02138157894736842
1 0.016453382084095063 0.5398848684210527 0.024680073126142597 0.019736842105263157
1 0.7947897623400365 0.6529605263157895 0.02102376599634369 0.018092105263157895
1 0.037477148080438755 0.5748355263157895 0.02010968921389397 0.02055921052631579
0 0.1156307129798903 0.3120888157894737 0.026508226691042046 0.02138157894736842
0 0.05073126142595978 0.5616776315789473 0.02010968921389397 0.018092105263157895
1 0.9236745886654479 0.7495888157894737 0.026508226691042046 0.01644736842105263
0 0.14579524680073125 0.31167763157894735 0.02102376599634369 0.018914473684210526
0 0.09369287020109689 0.3503289473684211 0.02102376599634369 0.017269736842105265
0 0.8683729433272395 0.6800986842105263 0.025594149908592323 0.02055921052631579
1 0.17915904936014626 0.23560855263157895 0.02376599634369287 0.02138157894736842
1 0.009597806215722121 0.9243421052631579 0.019195612431444242 0.029605263157894735
1 0.8994515539305301 0.3462171052631579 0.03290676416819013 0.024671052631578948
1 0.7239488117001828 0.5686677631578947 0.025594149908592323 0.018914473684210526
0 0.21709323583180987 0.36019736842105265 0.021937842778793418 0.017269736842105265
1 0.7993601462522852 0.7055921052631579 0.029250457038391225 0.01644736842105263
0 0.3359232175502742 0.2878289473684211 0.02376599634369287 0.022203947368421052
1 0.193327239488117 0.23273026315789475 0.022851919561243144 0.019736842105263157
1 0.3414076782449726 0.9954769736842105 0.03473491773308958 0.009046052631578948
0 0.8697440585009141 0.17146381578947367 0.01736745886654479 0.013157894736842105
1 0.4670932358318099 0.09292763157894737 0.022851919561243144 0.02055921052631579
1 0.02010968921389397 0.626233552631579 0.024680073126142597 0.024671052631578948
1 0.4305301645338208 0.9773848684210527 0.027422303473491772 0.023848684210526317
1 0.8770566727605119 0.6755756578947368 0.029250457038391225 0.019736842105263157
1 0.42413162705667273 0.9658717105263158 0.0283363802559415 0.028782894736842105
1 0.4744058500914077 0.09745065789473684 0.021937842778793418 0.019736842105263157
