1 0.68 0.5543885971492873 0.0725 0.05776444111027757
1 0.08958333333333333 0.28844711177794446 0.03666666666666667 0.03375843960990248
1 0.14958333333333335 0.122655663915979 0.04083333333333333 0.035258814703675916
1 0.9595833333333333 0.8289572393098275 0.05416666666666667 0.046511627906976744
1 0.88125 0.1474118529632408 0.055 0.03825956489122281
1 0.9695833333333334 0.714178544636159 0.06 0.0555138784696174
1 0.9120833333333334 0.7231807951987997 0.07166666666666667 0.05776444111027757
1 0.9495833333333333 0.5176294073518379 0.07833333333333334 0.0622655663915979
1 0.89625 0.08027006751687922 0.055 0.047261815453863466
1 0.7775 0.8803450862715679 0.06916666666666667 0.0555138784696174
1 0.6779166666666666 0.6695423855963991 0.0575 0.05101275318829707
1 0.4683333333333333 0.7029257314328582 0.056666666666666664 0.04951237809452363
1 0.9158333333333334 0.4737434358589647 0.0575 0.05701425356339085
1 0.8458333333333333 0.11365341335333834 0.055 0.05026256564141035
1 0.9245833333333333 0.032633158289572396 0.05 0.04576144036009002
1 0.3770833333333333 0.4426106526631658 0.05416666666666667 0.047261815453863466
1 0.8979166666666667 0.9853713428357089 0.050833333333333335 0.029257314328582147
1 0.98125 0.4317329332333083 0.03666666666666667 0.04051012753188297
1 0.65375 0.8345836459114778 0.0675 0.05326331582895724
1 0.38208333333333333 0.4827456864216054 0.04416666666666667 0.037509377344336084
0 0.8179166666666666 0.9572393098274569 0.05583333333333333 0.046511627906976744
0 0.21041666666666667 0.10652663165791448 0.034166666666666665 0.02700675168792198
1 0.7870833333333334 0.13615903975993998 0.04666666666666667 0.04126031507876969
1 0.46458333333333335 0.12303075768942236 0.04 0.03675918979744936
1 0.25083333333333335 0.22543135783945986 0.03666666666666667 0.0277569392348087
1 0.3333333333333333 0.4283570892723181 0.03916666666666667 0.037509377344336084
0 0.5125 0.9883720930232558 0.051666666666666666 0.023255813953488372
1 0.18 0.3278319579894974 0.03833333333333333 0.03225806451612903
1 0.9445833333333333 0.8698424606151538 0.07333333333333333 0.04951237809452363
1 0.5266666666666666 0.1177794448612153 0.03916666666666667 0.03375843960990248
0 0.8120833333333334 0.9122280570142536 0.051666666666666666 0.05326331582895724
0 0.2425 0.10352588147036759 0.0325 0.02700675168792198
1 0.45166666666666666 0.17029257314328583 0.03 0.02700675168792198
1 0.7320833333333333 0.8375843960990248 0.0575 0.04576144036009002
1 0.8925 0.6792948237059265 0.050833333333333335 0.04051012753188297
0 0.6275 0.532258064516129 0.0475 0.04351087771942986
1 0.9770833333333333 0.4722430607651913 0.04583333333333333 0.056264066016504126
1 0.6016666666666667 0.9876219054763691 0.0425 0.024756189047261814
1 0.87875 0.9362340585146287 0.06916666666666667 0.05776444111027757
1 0.54875 0.09489872468117029 0.03166666666666667 0.0345086271567892
1 0.5333333333333333 0.041635408852213056 0.04083333333333333 0.033008252063015754
1 0.5004166666666666 0.04951237809452363 0.03166666666666667 0.03225806451612903
1 0.6283333333333333 0.9894973743435859 0.04416666666666667 0.021005251312828207
1 0.19916666666666666 0.13090772693173294 0.0325 0.03075768942235559
1 0.36125 0.34846211552888223 0.05 0.04051012753188297
1 0.18541666666666667 0.09152288072018004 0.03333333333333333 0.030007501875468866
0 0.27541666666666664 0.009752438109527382 0.030833333333333334 0.019504876219054765
1 0.8645833333333334 0.05288822205551388 0.049166666666666664 0.03825956489122281
1 0.34041666666666665 0.46774193548387094 0.0425 0.04126031507876969
1 0.15305833333333332 0.1880495123780945 0.05111666666666667 0.033255813953488374
1 0.49416666666666664 0.10615153788447111 0.03 0.03375843960990248
1 0.88875 0.8615903975993998 0.06 0.05401350337584396
1 0.31625 0.46661665416354087 0.030833333333333334 0.04426106526631658
1 0.7008333333333333 0.994748687171793 0.0525 0.010502625656414103
0 0.3433333333333333 0.49849962490622657 0.03833333333333333 0.02625656414103526
0 0.5804166666666667 0.9767441860465116 0.03916666666666667 0.0345086271567892
0 0.11780833333333333 0.28584396099024756 0.026908333333333333 0.031065266316579142
1 0.14309166666666667 0.3099174793698425 0.027466666666666667 0.027929482370592645
0 0.14208333333333334 0.2895723930982746 0.025833333333333333 0.023255813953488372
0 0.2475 0.006376594148537134 0.03333333333333333 0.012753188297074268
1 0.54625 0.06301575393848462 0.035 0.03375843960990248
1 0.5566666666666666 0.028507126781695424 0.029166666666666667 0.03075768942235559
1 0.515 0.08964741185296324 0.03833333333333333 0.028507126781695424
0 0.5877166666666667 0.943728432108027 0.041666666666666664 0.0277569392348087
1 0.29625 0.22580645161290322 0.025 0.023255813953488372
0 0.8566666666666667 0.9009752438109527 0.03916666666666667 0.030007501875468866
0 0.9483333333333334 0.44036009002250565 0.03833333333333333 0.03600900225056264
1 0.60125 0.8529632408102026 0.06583333333333333 0.042010502625656414
0 0.18291666666666667 0.13840960240060016 0.0225 0.02250562640660165
0 0.3408333333333333 0.46774193548387094 0.043333333333333335 0.04051012753188297
0 0.155 0.09714928732183045 0.03 0.023255813953488372
1 0.9883333333333333 0.6451612903225806 0.0225 0.04276069017254314
1 0.1125 0.313953488372093 0.0375 0.03075768942235559
0 0.22625 0.08029257314328582 0.04231666666666667 0.028987246811702925
0 0.16185 0.2854013503375844 0.023291666666666665 0.028934733683420855
0 0.3821333333333333 0.2730832708177044 0.026175 0.025558889722430606
1 0.38866666666666666 0.24888222055513878 0.04756666666666667 0.035948987246811705
1 0.33969166666666667 0.19948237059264817 0.034375 0.024703675918979744
1 0.3965166666666667 0.20760690172543136 0.028533333333333334 0.018447111777944485
1 0.350875 0.2643885971492873 0.027566666666666666 0.026939234808702174
0 0.5135083333333333 0.0707126781695424 0.03325 0.027351837959489873
1 0.8901166666666668 0.10678919729932483 0.050041666666666665 0.0382145536384096
0 0.8164166666666667 0.1240510127531883 0.03185833333333333 0.027704426106526632
0 0.64205 0.6526631657914479 0.04160833333333333 0.0304576144036009
