1 0.9040219378427788 0.3112664473684211 0.038391224862888484 0.03125
1 0.8697440585009141 0.3100328947368421 0.03290676416819013 0.029605263157894735
1 0.9867458866544789 0.4765625 0.026508226691042046 0.027138157894736843
1 0.6814442413162706 0.4847861842105263 0.03290676416819013 0.027138157894736843
1 0.04753199268738574 0.12171052631578948 0.0356489945155393 0.03125
1 0.1416819012797075 0.23108552631578946 0.03656307129798903 0.02631578947368421
1 0.6393967093235832 0.709703947368421 0.03930530164533821 0.03125
1 0.058957952468007314 0.4486019736842105 0.03290676416819013 0.02631578947368421
1 0.2783363802559415 0.6114309210526315 0.03290676416819013 0.02631578947368421
1 0.729890310786106 0.23643092105263158 0.0283363802559415 0.022203947368421052
1 0.1809872029250457 0.3301809210526316 0.031992687385740404 0.02549342105263158
1 0.45658135283363804 0.4309210526315789 0.031078610603290677 0.02631578947368421
1 0.6224862888482633 0.26192434210526316 0.03016453382084095 0.023848684210526317
1 0.16544789762340037 0.2532894736842105 0.031992687385740404 0.027960526315789474
1 0.46206581352833637 0.6171875 0.031078610603290677 0.02631578947368421
1 0.018281535648994516 0.2138157894736842 0.03016453382084095 0.03042763157894737
1 0.6416819012797075 0.22615131578947367 0.026508226691042046 0.02055921052631579
1 0.6028336380255942 0.18708881578947367 0.027422303473491772 0.02138157894736842
1 0.015996343692870202 0.05797697368421053 0.031992687385740404 0.03125
1 0.6677330895795247 0.4243421052631579 0.031992687385740404 0.023026315789473683
1 0.2070383912248629 0.5797697368421053 0.027422303473491772 0.022203947368421052
1 0.21252285191956125 0.5106907894736842 0.03016453382084095 0.02631578947368421
1 0.11928702010968921 0.19695723684210525 0.031078610603290677 0.024671052631578948
1 0.11243144424131626 0.16447368421052633 0.025594149908592323 0.022203947368421052
1 0.058043875685557585 0.14268092105263158 0.03016453382084095 0.02549342105263158
1 0.9204753199268738 0.01768092105263158 0.03290676416819013 0.027960526315789474
1 0.9460694698354661 0.4457236842105263 0.03016453382084095 0.022203947368421052
1 0.696526508226691 0.626233552631579 0.04021937842778794 0.03618421052631579
1 0.7902193784277879 0.21422697368421054 0.031992687385740404 0.02549342105263158
1 0.29113345521023765 0.37006578947368424 0.033820840950639856 0.028782894736842105
1 0.4369287020109689 0.5773026315789473 0.0356489945155393 0.03042763157894737
1 0.05987202925045704 0.24588815789473684 0.031078610603290677 0.028782894736842105
1 0.9830895795246801 0.6069078947368421 0.03290676416819013 0.029605263157894735
1 0.08318098720292505 0.12417763157894737 0.033820840950639856 0.02549342105263158
1 0.05987202925045704 0.08182565789473684 0.03473491773308958 0.028782894736842105
1 0.8930530164533821 0.016858552631578948 0.03290676416819013 0.024671052631578948
1 0.9419561243144424 0.11800986842105263 0.03930530164533821 0.03125
1 0.15219378427787933 0.2713815789473684 0.026508226691042046 0.022203947368421052
1 0.4287020109689214 0.43462171052631576 0.0283363802559415 0.027138157894736843
1 0.7893053016453382 0.4712171052631579 0.026508226691042046 0.023848684210526317
1 0.9351005484460695 0.14432565789473684 0.04021937842778794 0.03125
1 0.260054844606947 0.37088815789473684 0.03656307129798903 0.03042763157894737
1 0.03930530164533821 0.19613486842105263 0.031992687385740404 0.027138157894736843
1 0.6604204753199269 0.03453947368421053 0.031992687385740404 0.024671052631578948
1 0.15493601462522852 0.6019736842105263 0.029250457038391225 0.023848684210526317
1 0.6549360146252285 0.4453125 0.03473491773308958 0.027960526315789474
1 0.126599634369287 0.2557565789473684 0.03473491773308958 0.03125
1 0.3852833638025594 0.6949013157894737 0.033820840950639856 0.03042763157894737
1 0.4460694698354662 0.05057565789473684 0.03016453382084095 0.02631578947368421
1 0.21480804387568556 0.18955592105263158 0.024680073126142597 0.019736842105263157
1 0.4405850091407678 0.634046052631579 0.029250457038391225 0.024671052631578948
1 0.44561243144424134 0.6595394736842105 0.03290676416819013 0.02631578947368421
1 0.21663619744058502 0.32319078947368424 0.029250457038391225 0.022203947368421052
1 0.753199268738574 0.4564144736842105 0.027422303473491772 0.019736842105263157
1 0.21983546617915906 0.20682565789473684 0.02376599634369287 0.019736842105263157
1 0.4716636197440585 0.6410361842105263 0.031992687385740404 0.027138157894736843
1 0.49588665447897623 0.06907894736842106 0.03290676416819013 0.027960526315789474
1 0.44744058500914075 0.375 0.022851919561243144 0.023026315789473683
1 0.4360146252285192 0.6957236842105263 0.03290676416819013 0.027138157894736843
1 0.6718464351005484 0.2450657894736842 0.026508226691042046 0.023026315789473683
1 0.41681901279707495 0.7092927631578947 0.0283363802559415 0.023026315789473683
1 0.6444241316270567 0.24958881578947367 0.0283363802559415 0.023848684210526317
1 0.10009140767824497 0.24629934210526316 0.03016453382084095 0.02631578947368421
1 0.7710237659963437 0.7569901315789473 0.03656307129798903 0.027960526315789474
1 0.0850091407678245 0.17310855263157895 0.031992687385740404 0.027138157894736843
1 0.10329067641681901 0.14103618421052633 0.027422303473491772 0.027138157894736843
0 0.22349177330895795 0.13815789473684212 0.02102376599634369 0.017269736842105265
1 0.703382084095064 0.5086348684210527 0.037477148080438755 0.032072368421052634
1 0.30895795246800734 0.6990131578947368 0.0283363802559415 0.02549342105263158
1 0.20658135283363802 0.34292763157894735 0.03016453382084095 0.02549342105263158
1 0.33638025594149906 0.3449835526315789 0.0283363802559415 0.024671052631578948
1 0.018738574040219377 0.109375 0.03290676416819013 0.03042763157894737
1 0.9725776965265083 0.6439144736842105 0.031078610603290677 0.02549342105263158
1 0.253199268738574 0.20476973684210525 0.024680073126142597 0.019736842105263157
1 0.031992687385740404 0.02138157894736842 0.03290676416819013 0.029605263157894735
1 0.5717550274223034 0.5530427631578947 0.033820840950639856 0.029605263157894735
1 0.13711151736745886 0.5830592105263158 0.024680073126142597 0.02055921052631579
1 0.7865630712979891 0.5674342105263158 0.031992687385740404 0.028782894736842105
0 0.31992687385740404 0.32730263157894735 0.024680073126142597 0.02055921052631579
1 0.6882998171846435 0.04399671052631579 0.03290676416819013 0.027138157894736843
1 0.047074954296160876 0.2857730263157895 0.027422303473491772 0.023026315789473683
1 0.2742230347349177 0.704358552631579 0.026508226691042046 0.02138157894736842
1 0.36745886654478976 0.673108552631579 0.03016453382084095 0.02549342105263158
1 0.7326325411334552 0.007401315789473684 0.03656307129798903 0.014802631578947368
0 0.966636197440585 0.13199013157894737 0.03016453382084095 0.027138157894736843
1 0.21023765996343693 0.17146381578947367 0.026508226691042046 0.023026315789473683
1 0.054387568555758686 0.16735197368421054 0.0356489945155393 0.028782894736842105
1 0.4218464351005484 0.3737664473684211 0.037477148080438755 0.027138157894736843
1 0.025137111517367458 0.28207236842105265 0.021937842778793418 0.02138157894736842
1 0.05347349177330896 0.03700657894736842 0.033820840950639856 0.027138157894736843
1 0.7769652650822669 0.1299342105263158 0.025594149908592323 0.023848684210526317
1 0.21617915904936014 0.049342105263157895 0.025594149908592323 0.02631578947368421
1 0.9657221206581352 0.6217105263157895 0.03290676416819013 0.024671052631578948
1 0.0850091407678245 0.19736842105263158 0.029250457038391225 0.024671052631578948
1 0.43784277879341865 0.8092105263157895 0.029250457038391225 0.027960526315789474
1 0.8638025594149908 0.35444078947368424 0.024680073126142597 0.019736842105263157
1 0.051188299817184646 0.05797697368421053 0.03656307129798903 0.02549342105263158
1 0.649908592321755 0.4810855263157895 0.03290676416819013 0.027138157894736843
1 0.04341864716636198 0.21463815789473684 0.03016453382084095 0.023026315789473683
1 0.36060329067641683 0.33758223684210525 0.029250457038391225 0.02549342105263158
1 0.25274223034734916 0.6134868421052632 0.027422303473491772 0.027138157894736843
1 0.8007312614259597 0.7113486842105263 0.029250457038391225 0.029605263157894735
0 0.19195612431444242 0.5629111842105263 0.02376599634369287 0.02055921052631579
1 0.6942413162705667 0.023848684210526317 0.027422303473491772 0.018914473684210526
1 0.03884826325411334 0.6443256578947368 0.031078610603290677 0.027960526315789474
0 0.22440585009140768 0.4942434210526316 0.02376599634369287 0.019736842105263157
1 0.18647166361974407 0.4934210526315789 0.0283363802559415 0.022203947368421052
1 0.4725776965265082 0.6648848684210527 0.024680073126142597 0.02138157894736842
1 0.8162705667276051 0.571546052631579 0.0283363802559415 0.02549342105263158
1 0.8240402193784278 0.7413651315789473 0.0283363802559415 0.024671052631578948
1 0.03336380255941499 0.2598684210526316 0.03656307129798903 0.028782894736842105
0 0.8427787934186471 0.3425164473684211 0.022851919561243144 0.018092105263157895
1 0.7056672760511883 0.23519736842105263 0.02102376599634369 0.017269736842105265
1 0.4195612431444241 0.657483552631579 0.024680073126142597 0.02055921052631579
1 0.21480804387568556 0.5509868421052632 0.029250457038391225 0.024671052631578948
1 0.5863802559414991 0.11019736842105263 0.02376599634369287 0.019736842105263157
0 0.08272394881170018 0.1484375 0.024680073126142597 0.022203947368421052
1 0.5178244972577697 0.08717105263157894 0.029250457038391225 0.028782894736842105
0 0.906764168190128 0.06702302631578948 0.031078610603290677 0.023848684210526317
1 0.6348263254113345 0.46587171052631576 0.025594149908592323 0.022203947368421052
1 0.11928702010968921 0.21916118421052633 0.027422303473491772 0.018914473684210526
1 0.5996343692870201 0.0078125 0.031992687385740404 0.015625
1 0.20292504570383912 0.2138157894736842 0.02376599634369287 0.019736842105263157
1 0.6238574040219378 0.0069901315789473685 0.03290676416819013 0.013980263157894737
1 0.7495429616087751 0.7035361842105263 0.022851919561243144 0.018092105263157895
1 0.803473491773309 0.7537006578947368 0.024680073126142597 0.022203947368421052
1 0.993601462522852 0.6484375 0.012797074954296161 0.029605263157894735
1 0.5863802559414991 0.16817434210526316 0.026508226691042046 0.022203947368421052
1 0.4492687385740402 0.7898848684210527 0.02376599634369287 0.023848684210526317
1 0.19195612431444242 0.4584703947368421 0.031992687385740404 0.023848684210526317
1 0.803473491773309 0.13486842105263158 0.027422303473491772 0.02549342105263158
1 0.010054844606946984 0.3215460526315789 0.019195612431444242 0.03536184210526316
1 0.10009140767824497 0.2643914473684211 0.0283363802559415 0.02138157894736842
1 0.6316270566727605 0.5180921052631579 0.029250457038391225 0.023026315789473683
1 0.4739488117001828 0.05180921052631579 0.0283363802559415 0.02549342105263158
0 0.9250457038391224 0.04975328947368421 0.03656307129798903 0.032072368421052634
1 0.696526508226691 0.4621710526315789 0.031078610603290677 0.023848684210526317
1 0.38848263254113347 0.20106907894736842 0.026508226691042046 0.022203947368421052
1 0.15082266910420475 0.5760690789473685 0.019195612431444242 0.017269736842105265
1 0.4360146252285192 0.7208059210526315 0.026508226691042046 0.02055921052631579
1 0.2070383912248629 0.3034539473684211 0.026508226691042046 0.022203947368421052
1 0.409963436928702 0.4946546052631579 0.026508226691042046 0.023026315789473683
1 0.8528336380255942 0.3597861842105263 0.025594149908592323 0.02138157894736842
1 0.1882998171846435 0.18585526315789475 0.02376599634369287 0.02138157894736842
1 0.10054844606946983 0.7508223684210527 0.03016453382084095 0.029605263157894735
0 0.2426873857404022 0.7245065789473685 0.024680073126142597 0.022203947368421052
1 0.6841864716636198 0.5579769736842105 0.021937842778793418 0.017269736842105265
1 0.7413162705667276 0.7335526315789473 0.025594149908592323 0.027960526315789474
1 0.22943327239488118 0.6044407894736842 0.029250457038391225 0.029605263157894735
1 0.5347349177330896 0.42269736842105265 0.03016453382084095 0.02138157894736842
1 0.009597806215722121 0.28824013157894735 0.019195612431444242 0.029605263157894735
1 0.23308957952468007 0.12952302631578946 0.02010968921389397 0.017269736842105265
1 0.28382084095063986 0.5908717105263158 0.0283363802559415 0.023026315789473683
1 0.02696526508226691 0.13240131578947367 0.025594149908592323 0.02055921052631579
1 0.9904021937842779 0.8264802631578947 0.018281535648994516 0.024671052631578948
0 0.37842778793418647 0.01274671052631579 0.033820840950639856 0.02549342105263158
1 0.16773308957952468 0.28289473684210525 0.024680073126142597 0.018092105263157895
1 0.7888482632541134 0.7425986842105263 0.022851919561243144 0.018914473684210526
1 0.36288848263254114 0.6998355263157895 0.02376599634369287 0.02631578947368421
1 0.47989031078610606 0.03618421052631579 0.025594149908592323 0.018914473684210526
1 0.9876599634369287 0.03248355263157895 0.024680073126142597 0.024671052631578948
1 0.6631627056672761 0.05304276315789474 0.03016453382084095 0.019736842105263157
1 0.23308957952468007 0.06907894736842106 0.025594149908592323 0.023848684210526317
1 0.7691956124314442 0.7166940789473685 0.027422303473491772 0.02138157894736842
1 0.3962522851919561 0.7162828947368421 0.025594149908592323 0.02055921052631579
1 0.296617915904936 0.328125 0.02376599634369287 0.02138157894736842
1 0.005941499085923218 0.2060032894736842 0.011882998171846435 0.032072368421052634
1 0.6270566727605119 0.23889802631578946 0.02010968921389397 0.017269736842105265
1 0.1773308957952468 0.26726973684210525 0.027422303473491772 0.027138157894736843
1 0.9849177330895795 0.6673519736842105 0.0283363802559415 0.02631578947368421
1 0.7623400365630713 0.5641447368421053 0.024680073126142597 0.03042763157894737
1 0.9570383912248629 0.46957236842105265 0.026508226691042046 0.02138157894736842
1 0.28382084095063986 0.7162828947368421 0.018281535648994516 0.014802631578947368
1 0.05621572212065813 0.2689144736842105 0.025594149908592323 0.019736842105263157
1 0.260054844606947 0.7228618421052632 0.01736745886654479 0.02138157894736842
