1 0.30210237659963435 0.29070723684210525 0.03656307129798903 0.03125
1 0.40447897623400364 0.5024671052631579 0.04753199268738574 0.038651315789473686
1 0.43875685557586835 0.5185032894736842 0.048446069469835464 0.04523026315789474
1 0.5484460694698354 0.033717105263157895 0.04661791590493602 0.03289473684210526
1 0.2673674588665448 0.2837171052631579 0.03656307129798903 0.03042763157894737
0 0.5073126142595978 0.4609375 0.04753199268738574 0.03700657894736842
1 0.533363802559415 0.5382401315789473 0.06581352833638025 0.04851973684210526
1 0.7088665447897623 0.850328947368421 0.04296160877513711 0.03289473684210526
1 0.180073126142596 0.0859375 0.031078610603290677 0.027960526315789474
1 0.7367458866544789 0.9634046052631579 0.056672760511883 0.03782894736842105
0 0.47533820840950636 0.5278700657894737 0.04988117001828154 0.05535361842105263
1 0.5086837294332724 0.5028782894736842 0.043875685557586835 0.03700657894736842
1 0.7577696526508226 0.8824013157894737 0.054844606946983544 0.046052631578947366
0 0.5205667276051188 0.41776315789473684 0.043875685557586835 0.03289473684210526
1 0.18327239488117003 0.009868421052631578 0.0356489945155393 0.019736842105263157
1 0.553016453382084 0.062088815789473686 0.03656307129798903 0.03125
1 0.5868372943327239 0.0727796052631579 0.04296160877513711 0.03453947368421053
1 0.6613345521023766 0.4839638157894737 0.03930530164533821 0.03125
1 0.6946983546617916 0.48149671052631576 0.037477148080438755 0.032072368421052634
1 0.3976234003656307 0.4708059210526316 0.0356489945155393 0.029605263157894735
1 0.6553930530164533 0.9280427631578947 0.04296160877513711 0.038651315789473686
1 0.5585009140767825 0.4597039473684211 0.05850091407678245 0.05592105263157895
0 0.7056672760511883 0.8824013157894737 0.038391224862888484 0.032072368421052634
1 0.7289762340036563 0.9111842105263158 0.043875685557586835 0.033717105263157895
1 0.1380255941499086 0.10773026315789473 0.031078610603290677 0.02631578947368421
0 0.273308957952468 0.26398026315789475 0.031078610603290677 0.02055921052631579
0 0.47851919561243145 0.4847861842105263 0.04021937842778794 0.03536184210526316
1 0.6992687385740403 0.9342105263157895 0.048446069469835464 0.04029605263157895
1 0.7559414990859232 0.9379111842105263 0.04661791590493602 0.032072368421052634
0 0.16453382084095064 0.10567434210526316 0.027422303473491772 0.023848684210526317
1 0.6156307129798904 0.9115953947368421 0.04753199268738574 0.044407894736842105
0 0.4670932358318099 0.4527138157894737 0.03656307129798903 0.032072368421052634
1 0.5457038391224863 0.49588815789473684 0.038391224862888484 0.03453947368421053
1 0.5214808043875686 0.3606085526315789 0.050274223034734916 0.03536184210526316
1 0.28473491773308957 0.30879934210526316 0.03290676416819013 0.024671052631578948
1 0.9826325411334552 0.07606907894736842 0.03016453382084095 0.029605263157894735
1 0.6755027422303473 0.8930921052631579 0.04661791590493602 0.044407894736842105
1 0.5795246800731262 0.4868421052631579 0.03473491773308958 0.03042763157894737
1 0.9894881170018281 0.06455592105263158 0.02102376599634369 0.033717105263157895
1 0.6878427787934186 0.9580592105263158 0.033820840950639856 0.028782894736842105
1 0.9638939670932358 0.10320723684210527 0.026508226691042046 0.02549342105263158
