1 0.8691666666666666 0.2794448612153038 0.06 0.04951237809452363
1 0.7233333333333334 0.7423105776444111 0.06166666666666667 0.05101275318829707
1 0.5254166666666666 0.19129782445611404 0.055 0.03600900225056264
1 0.8279166666666666 0.5326331582895724 0.056666666666666664 0.04876219054763691
1 0.4945833333333333 0.1714178544636159 0.04416666666666667 0.03600900225056264
1 0.82625 0.3312078019504876 0.05583333333333333 0.04801200300075019
1 0.9225 0.7126781695423856 0.049166666666666664 0.04426106526631658
1 0.075 0.6567891972993248 0.04416666666666667 0.04051012753188297
1 0.8229166666666666 0.6766691672918229 0.049166666666666664 0.04801200300075019
1 0.78375 0.7070517629407351 0.05583333333333333 0.04351087771942986
1 0.8133333333333334 0.35933983495873967 0.05583333333333333 0.03825956489122281
0 0.18666666666666668 0.3113278319579895 0.03166666666666667 0.028507126781695424
1 0.45958333333333334 0.47186796699174793 0.045 0.0450112528132033
1 0.75625 0.23255813953488372 0.035833333333333335 0.033008252063015754
1 0.7204166666666667 0.5397599399849963 0.041666666666666664 0.03600900225056264
1 0.9866666666666667 0.4118529632408102 0.02666666666666667 0.037509377344336084
1 0.3283333333333333 0.26219054763690924 0.0525 0.05026256564141035
1 0.47 0.09377344336084022 0.034166666666666665 0.03075768942235559
1 0.8591666666666666 0.1984246061515379 0.03333333333333333 0.03675918979744936
1 0.19375 0.3345836459114779 0.0375 0.028507126781695424
1 0.6945833333333333 0.7704426106526632 0.034166666666666665 0.04051012753188297
1 0.45458333333333334 0.08514628657164292 0.03666666666666667 0.0345086271567892
1 0.2504166666666667 0.4234808702175544 0.0325 0.04126031507876969
0 0.15833333333333333 0.3117029257314329 0.030833333333333334 0.029257314328582147
1 0.54875 0.0086271567891973 0.0275 0.0172543135783946
1 0.5466666666666666 0.16504126031507876 0.03916666666666667 0.03150787696924231
1 0.20125 0.30120030007501875 0.0275 0.028507126781695424
1 0.8275 0.15378844711177794 0.025 0.021005251312828207
1 0.8220833333333334 0.291072768192048 0.043333333333333335 0.035258814703675916
1 0.5141666666666667 0.22018004501125282 0.03666666666666667 0.03225806451612903
1 0.79375 0.1522880720180045 0.03 0.0277569392348087
1 0.4979166666666667 0.8998499624906227 0.045 0.04801200300075019
1 0.5720833333333334 0.1811702925731433 0.030833333333333334 0.0345086271567892
1 0.53 0.15341335333833458 0.035 0.035258814703675916
1 0.5804166666666667 0.15603900975243812 0.024166666666666666 0.019504876219054765
1 0.81875 0.19654913728432108 0.020833333333333332 0.019504876219054765
1 0.9875 0.12603150787696923 0.023333333333333334 0.02700675168792198
1 0.8629166666666667 0.32295573893473367 0.035 0.03900975243810953
0 0.17375 0.2940735183795949 0.02666666666666667 0.018754688672168042
1 0.95875 0.3533383345836459 0.0225 0.01800450112528132
1 0.229775 0.25735933983495873 0.02795 0.027336834208552135
1 0.8039583333333333 0.2502325581395349 0.03850833333333333 0.03319579894973743
1 0.9622333333333334 0.41357839459864965 0.024708333333333332 0.03450112528132033
1 0.669975 0.7035858964741185 0.062625 0.0485821455363841
1 0.7269166666666667 0.7771042760690173 0.035025 0.02768192048012003
1 0.10896666666666666 0.6423030757689423 0.039924999999999995 0.04672918229557389
