1 0.9876599634369287 0.1435032894736842 0.024680073126142597 0.024671052631578948
1 0.7545703839122486 0.0756578947368421 0.022851919561243144 0.022203947368421052
1 0.9862888482632541 0.125 0.021937842778793418 0.018914473684210526
1 0.9597806215722121 0.12335526315789473 0.02102376599634369 0.018092105263157895
1 0.886654478976234 0.7335526315789473 0.031078610603290677 0.03125
0 0.70018281535649 0.12171052631578948 0.0283363802559415 0.02631578947368421
0 0.8688299817184644 0.6973684210526315 0.025594149908592323 0.02138157894736842
1 0.7486288848263254 0.10649671052631579 0.0283363802559415 0.024671052631578948
1 0.6544789762340036 0.7627467105263158 0.03016453382084095 0.027138157894736843
1 0.8450639853747715 0.7010690789473685 0.0283363802559415 0.028782894736842105
1 0.6736745886654479 0.7479440789473685 0.03290676416819013 0.03125
1 0.8011882998171846 0.8811677631578947 0.031078610603290677 0.027960526315789474
0 0.8391224862888482 0.8585526315789473 0.026508226691042046 0.023848684210526317
1 0.6078610603290676 0.12582236842105263 0.031078610603290677 0.02549342105263158
1 0.6718464351005484 0.5818256578947368 0.027422303473491772 0.027138157894736843
1 0.8642595978062158 0.7212171052631579 0.031078610603290677 0.02549342105263158
1 0.6773308957952467 0.4946546052631579 0.0283363802559415 0.027960526315789474
1 0.8839122486288848 0.7857730263157895 0.02376599634369287 0.02055921052631579
1 0.8651736745886655 0.7442434210526315 0.026508226691042046 0.023848684210526317
1 0.3313528336380256 0.615953947368421 0.026508226691042046 0.022203947368421052
1 0.6380255941499086 0.4864309210526316 0.02376599634369287 0.022203947368421052
1 0.9451553930530164 0.1356907894736842 0.021937842778793418 0.022203947368421052
1 0.9341864716636198 0.8869243421052632 0.025594149908592323 0.027138157894736843
1 0.9136197440585009 0.14226973684210525 0.02010968921389397 0.01644736842105263
1 0.973491773308958 0.21546052631578946 0.026508226691042046 0.024671052631578948
1 0.8523765996343693 0.7886513157894737 0.022851919561243144 0.023026315789473683
1 0.7801645338208409 0.748766447368421 0.025594149908592323 0.023026315789473683
0 0.6549360146252285 0.11800986842105263 0.03016453382084095 0.023848684210526317
1 0.5877513711151737 0.4477796052631579 0.027422303473491772 0.024671052631578948
1 0.9721206581352834 0.2574013157894737 0.03290676416819013 0.023848684210526317
1 0.7326325411334552 0.5320723684210527 0.027422303473491772 0.023848684210526317
1 0.3537477148080439 0.6048519736842105 0.027422303473491772 0.023848684210526317
0 0.846892138939671 0.10773026315789473 0.025594149908592323 0.02138157894736842
1 0.35283363802559414 0.6245888157894737 0.027422303473491772 0.02055921052631579
1 0.9424131627056673 0.21546052631578946 0.024680073126142597 0.022203947368421052
1 0.009140767824497258 0.2972861842105263 0.018281535648994516 0.027138157894736843
1 0.9140767824497258 0.8836348684210527 0.026508226691042046 0.027960526315789474
0 0.8624314442413162 0.6796875 0.027422303473491772 0.023026315789473683
1 0.6357404021937842 0.751233552631579 0.027422303473491772 0.02631578947368421
0 0.6773308957952467 0.14144736842105263 0.03290676416819013 0.023026315789473683
0 0.8021023765996343 0.078125 0.02102376599634369 0.018092105263157895
0 0.6430530164533821 0.09991776315789473 0.031992687385740404 0.02549342105263158
1 0.7600548446069469 0.514391447368421 0.027422303473491772 0.024671052631578948
1 0.37248628884826324 0.6143092105263158 0.02376599634369287 0.023848684210526317
1 0.970292504570384 0.27508223684210525 0.0283363802559415 0.023026315789473683
1 0.8491773308957953 0.8902138157894737 0.024680073126142597 0.024671052631578948
1 0.9227605118829981 0.7759046052631579 0.021937842778793418 0.023026315789473683
0 0.8350091407678245 0.8379934210526315 0.026508226691042046 0.02138157894736842
1 0.6654478976234004 0.4642269736842105 0.021937842778793418 0.01644736842105263
0 0.8377513711151737 0.09416118421052631 0.024680073126142597 0.018092105263157895
0 0.7737659963436929 0.08264802631578948 0.02010968921389397 0.019736842105263157
0 0.7056672760511883 0.46175986842105265 0.024680073126142597 0.02138157894736842
0 0.7810786106032906 0.4120065789473684 0.024680073126142597 0.023026315789473683
0 0.819926873857404 0.852796052631579 0.022851919561243144 0.019736842105263157
1 0.8829981718464351 0.8046875 0.02376599634369287 0.022203947368421052
0 0.7170932358318098 0.08141447368421052 0.025594149908592323 0.02138157894736842
0 0.9401279707495429 0.7689144736842105 0.02102376599634369 0.02138157894736842
1 0.796617915904936 0.3972039473684211 0.024680073126142597 0.02055921052631579
0 0.5936928702010968 0.11060855263157894 0.02376599634369287 0.02055921052631579
1 0.9076782449725777 0.8100328947368421 0.0283363802559415 0.02138157894736842
1 0.9117915904936015 0.7976973684210527 0.027422303473491772 0.022203947368421052
1 0.7760511882998172 0.7730263157894737 0.0283363802559415 0.023848684210526317
0 0.9035648994515539 0.7796052631578947 0.021937842778793418 0.02055921052631579
0 0.7408592321755028 0.7483552631578947 0.027422303473491772 0.023026315789473683
0 0.6782449725776966 0.12171052631578948 0.024680073126142597 0.023848684210526317
1 0.9058500914076782 0.11636513157894737 0.02010968921389397 0.01644736842105263
0 0.9277879341864717 0.13322368421052633 0.019195612431444242 0.018092105263157895
