1 0.170018281535649 0.8466282894736842 0.04021937842778794 0.03453947368421053
1 0.23263254113345522 0.4107730263157895 0.04204753199268738 0.03782894736842105
1 0.11928702010968921 0.649671052631579 0.038391224862888484 0.033717105263157895
1 0.1046617915904936 0.8511513157894737 0.038391224862888484 0.03618421052631579
1 0.1329981718464351 0.8626644736842105 0.037477148080438755 0.032072368421052634
1 0.23263254113345522 0.7401315789473685 0.026508226691042046 0.02549342105263158
1 0.03976234003656307 0.6435032894736842 0.025594149908592323 0.023848684210526317
1 0.5169104204753199 0.27261513157894735 0.03930530164533821 0.03536184210526316
1 0.050274223034734916 0.7360197368421053 0.03016453382084095 0.024671052631578948
1 0.306672760511883 0.65625 0.027422303473491772 0.023848684210526317
1 0.01782449725776965 0.6381578947368421 0.02376599634369287 0.02138157894736842
1 0.6869287020109689 0.7006578947368421 0.022851919561243144 0.022203947368421052
