1 0.8318098720292505 0.07072368421052631 0.033820840950639856 0.032072368421052634
1 0.40356489945155394 0.10444078947368421 0.03930530164533821 0.03453947368421053
1 0.7879341864716636 0.12911184210526316 0.037477148080438755 0.03453947368421053
1 0.8377513711151737 0.14021381578947367 0.033820840950639856 0.032072368421052634
1 0.8706581352833638 0.07935855263157894 0.03473491773308958 0.03125
1 0.8075868372943327 0.15213815789473684 0.0356489945155393 0.03125
1 0.4492687385740402 0.0678453947368421 0.029250457038391225 0.028782894736842105
1 0.5836380255941499 0.04851973684210526 0.03016453382084095 0.023026315789473683
1 0.850091407678245 0.09457236842105263 0.031078610603290677 0.028782894736842105
1 0.4195612431444241 0.06743421052631579 0.03473491773308958 0.028782894736842105
1 0.5521023765996343 0.04194078947368421 0.022851919561243144 0.022203947368421052
1 0.47714808043875684 0.0678453947368421 0.02102376599634369 0.023026315789473683
1 0.4227605118829982 0.044407894736842105 0.02376599634369287 0.019736842105263157
1 0.3989945155393053 0.05016447368421053 0.0283363802559415 0.02549342105263158
1 0.14442413162705667 0.009457236842105263 0.03016453382084095 0.018914473684210526
1 0.8788848263254113 0.09333881578947369 0.029250457038391225 0.023026315789473683
1 0.14853747714808044 0.09703947368421052 0.021937842778793418 0.02055921052631579
1 0.9159049360146252 0.026726973684210526 0.021937842778793418 0.02055921052631579
