1 0.0575 0.7861965491372843 0.0575 0.047261815453863466
1 0.19125 0.3237059264816204 0.060833333333333336 0.051762940735183796
1 0.14083333333333334 0.31095273818454616 0.051666666666666666 0.05101275318829707
1 0.8679166666666667 0.35108777194298574 0.058333333333333334 0.060765191297824456
1 0.9020833333333333 0.4062265566391598 0.08333333333333333 0.05476369092273068
0 0.9074166666666668 0.5096324081020255 0.045408333333333335 0.03681170292573143
1 0.9291666666666667 0.4876219054763691 0.0675 0.04426106526631658
1 0.8733333333333333 0.45048762190547637 0.0575 0.06151537884471118
1 0.9641666666666666 0.32295573893473367 0.07166666666666667 0.06001500375093773
1 0.95625 0.436609152288072 0.07583333333333334 0.06151537884471118
0 0.7387416666666666 0.1758589647411853 0.03534166666666667 0.03937734433608402
0 0.7745833333333333 0.1339084771192798 0.050833333333333335 0.0345086271567892
0 0.6658333333333334 0.061890472618154536 0.041666666666666664 0.03600900225056264
1 0.9166666666666666 0.36834208552138037 0.06666666666666667 0.06151537884471118
1 0.6558333333333334 0.327456864216054 0.041666666666666664 0.0345086271567892
1 0.97125 0.38072018004501124 0.055 0.06376594148537135
1 0.8416666666666667 0.4032258064516129 0.049166666666666664 0.05401350337584396
1 0.5620833333333334 0.1350337584396099 0.045 0.03900975243810953
0 0.91 0.32145536384096024 0.045 0.03675918979744936
0 0.72655 0.15015753938484622 0.04945833333333333 0.039962490622655666
1 0.7325 0.11852963240810202 0.04666666666666667 0.0450112528132033
1 0.019166666666666665 0.7666916729182296 0.03833333333333333 0.05476369092273068
0 0.82875 0.4474868717179295 0.045 0.04351087771942986
0 0.6904166666666667 0.11065266316579145 0.04416666666666667 0.037509377344336084
0 0.7779166666666667 0.16879219804951237 0.051666666666666666 0.04876219054763691
1 0.2758333333333333 0.025881470367591898 0.0475 0.04576144036009002
1 0.7045833333333333 0.08177044261065267 0.04583333333333333 0.0345086271567892
1 0.19416666666666665 0.1879219804951238 0.03916666666666667 0.035258814703675916
0 0.7908333333333334 0.4351087771942986 0.043333333333333335 0.03900975243810953
1 0.7441666666666666 0.08964741185296324 0.041666666666666664 0.04051012753188297
1 0.6795833333333333 0.7404351087771943 0.035833333333333335 0.03075768942235559
0 0.7554166666666666 0.20292573143285822 0.03916666666666667 0.035258814703675916
1 0.98375 0.12603150787696923 0.03 0.04051012753188297
1 0.04833333333333333 0.05776444111027757 0.0275 0.025506376594148537
0 0.6370833333333333 0.07764441110277569 0.03666666666666667 0.03600900225056264
1 0.11541666666666667 0.16204051012753187 0.0325 0.0277569392348087
1 0.13416666666666666 0.19204801200300076 0.04083333333333333 0.03825956489122281
1 0.17458333333333334 0.7531882970742686 0.03333333333333333 0.028507126781695424
1 0.74 0.007126781695423856 0.030833333333333334 0.014253563390847712
1 0.07458333333333333 0.08364591147786947 0.035 0.03900975243810953
1 0.62375 0.12528132033008252 0.03833333333333333 0.04276069017254314
1 0.11583333333333333 0.07689422355588897 0.03333333333333333 0.035258814703675916
1 0.5204166666666666 0.7539384846211553 0.035 0.030007501875468866
0 0.7616666666666667 0.42760690172543137 0.0425 0.04126031507876969
1 0.6558333333333334 0.10765191297824456 0.028333333333333332 0.02625656414103526
1 0.17958333333333334 0.5213803450862715 0.043333333333333335 0.03375843960990248
0 0.7933333333333333 0.20555138784696175 0.0475 0.0450112528132033
0 0.8141666666666667 0.16691672918229558 0.035 0.04126031507876969
1 0.33375 0.024381095273818456 0.030833333333333334 0.028507126781695424
1 0.8345833333333333 0.7460615153788447 0.0325 0.028507126781695424
1 0.44375 0.14628657164291073 0.030833333333333334 0.0277569392348087
0 0.7952333333333333 0.4029707426856714 0.054200000000000005 0.046849212303075774
0 0.8593999999999999 0.5052063015753939 0.04563333333333333 0.05491372843210803
