1 0.64625 0.7074268567141786 0.06166666666666667 0.04951237809452363
1 0.59625 0.6125281320330083 0.05416666666666667 0.04801200300075019
1 0.5395833333333333 0.6294073518379595 0.07166666666666667 0.06301575393848462
1 0.5891666666666666 0.6976744186046512 0.05583333333333333 0.047261815453863466
0 0.9279166666666666 0.6927981995498874 0.041666666666666664 0.035258814703675916
1 0.6025 0.6556639159789948 0.06166666666666667 0.04951237809452363
1 0.4820833333333333 0.6462865716429107 0.056666666666666664 0.05926481620405101
1 0.6991666666666667 0.6999249812453113 0.051666666666666666 0.047261815453863466
1 0.5491666666666667 0.5896474118529632 0.0525 0.03600900225056264
0 0.19875 0.09377344336084022 0.04083333333333333 0.03600900225056264
0 0.7 0.6650412603150788 0.049166666666666664 0.03675918979744936
0 0.9208333333333333 0.653788447111778 0.03916666666666667 0.028507126781695424
1 0.6125 0.7295573893473368 0.049166666666666664 0.03150787696924231
1 0.52375 0.6732933233308327 0.050833333333333335 0.03900975243810953
0 0.8945833333333333 0.7865716429107277 0.03 0.0277569392348087
1 0.09291666666666666 0.08439609902475619 0.03666666666666667 0.029257314328582147
1 0.49916666666666665 0.41260315078769694 0.0425 0.03825956489122281
1 0.6520833333333333 0.6609152288072018 0.043333333333333335 0.04276069017254314
0 0.9 0.6706676669167292 0.03833333333333333 0.033008252063015754
0 0.9441666666666667 0.7209302325581395 0.035833333333333335 0.029257314328582147
0 0.9070833333333334 0.7655663915978995 0.029166666666666667 0.024006001500375095
1 0.09208333333333334 0.11290322580645161 0.04 0.037509377344336084
0 0.19541666666666666 0.12490622655663916 0.03333333333333333 0.02625656414103526
0 0.62875 0.6695423855963991 0.035 0.03150787696924231
1 0.010416666666666666 0.0641410352588147 0.020833333333333332 0.023255813953488372
0 0.9220833333333334 0.7925731432858214 0.0275 0.025506376594148537
0 0.10208333333333333 0.06601650412603151 0.035 0.021005251312828207
0 0.9704166666666667 0.7269317329332333 0.02666666666666667 0.024756189047261814
0 0.9449166666666667 0.7815303825956489 0.027149999999999997 0.024921230307576894
