1 0.57875 0.4351087771942986 0.07333333333333333 0.056264066016504126
1 0.8945833333333333 0.8143285821455364 0.059166666666666666 0.03975993998499625
1 0.42 0.5 0.04666666666666667 0.03900975243810953
1 0.6308333333333334 0.6822955738934734 0.04583333333333333 0.03825956489122281
1 0.15208333333333332 0.3709677419354839 0.06 0.051762940735183796
1 0.7058333333333333 0.9853713428357089 0.043333333333333335 0.028507126781695424
1 0.565 0.7996999249812453 0.04833333333333333 0.04051012753188297
1 0.42625 0.39722430607651915 0.0625 0.058514628657164294
1 0.3129166666666667 0.024006001500375095 0.056666666666666664 0.04801200300075019
1 0.03375 0.3477119279819955 0.04666666666666667 0.03900975243810953
0 0.325 0.6980495123780945 0.034166666666666665 0.035258814703675916
0 0.2920833333333333 0.7010502625656414 0.035833333333333335 0.03375843960990248
0 0.059583333333333335 0.45648912228057015 0.049166666666666664 0.04576144036009002
1 0.21541666666666667 0.41597899474868716 0.058333333333333334 0.04801200300075019
0 0.32166666666666666 0.6687921980495124 0.03666666666666667 0.029257314328582147
0 0.27125 0.28507126781695424 0.041666666666666664 0.03600900225056264
0 0.23541666666666666 0.2614403600900225 0.050833333333333335 0.04426106526631658
1 0.5354166666666667 0.6744186046511628 0.04 0.03075768942235559
1 0.10958333333333334 0.38072018004501124 0.05 0.04876219054763691
1 0.6233333333333333 0.445986496624156 0.04083333333333333 0.03975993998499625
0 0.9766666666666667 0.4291072768192048 0.045 0.03900975243810953
1 0.12375 0.33158289572393096 0.056666666666666664 0.03600900225056264
0 0.2604166666666667 0.21642910727681922 0.03666666666666667 0.030007501875468866
1 0.1275 0.6286571642910728 0.02 0.015753938484621154
1 0.30625 0.42948237059264815 0.05416666666666667 0.042010502625656414
1 0.6 0.8072018004501126 0.034166666666666665 0.042010502625656414
0 0.028333333333333332 0.4643660915228807 0.035 0.03225806451612903
1 0.11666666666666667 0.6567891972993248 0.020833333333333332 0.016504126031507877
1 0.30583333333333335 0.058514628657164294 0.05 0.03900975243810953
0 0.2825 0.25543885971492875 0.041666666666666664 0.03225806451612903
1 0.14458333333333334 0.6297824456114028 0.019166666666666665 0.016504126031507877
1 0.010416666666666666 0.44711177794448614 0.020833333333333332 0.04576144036009002
1 0.57875 0.8510877719429858 0.0475 0.037509377344336084
1 0.5579166666666666 0.8233308327081771 0.049166666666666664 0.03375843960990248
0 0.06541666666666666 0.2576894223555889 0.03 0.02625656414103526
1 0.13583333333333333 0.6485371342835708 0.023333333333333334 0.018754688672168042
0 0.5683333333333334 0.7741935483870968 0.04416666666666667 0.02625656414103526
1 0.021666666666666667 0.4857464366091523 0.03916666666666667 0.0345086271567892
0 0.24375 0.4831207801950488 0.03166666666666667 0.0277569392348087
1 0.26958333333333334 0.012003000750187547 0.04416666666666667 0.024006001500375095
1 0.9533333333333334 0.24493623405851464 0.029166666666666667 0.023255813953488372
1 0.11708333333333333 0.6436609152288072 0.02 0.01350337584396099
1 0.9445833333333333 0.26219054763690924 0.023333333333333334 0.01800450112528132
0 0.9758333333333333 0.009752438109527382 0.043333333333333335 0.019504876219054765
0 0.4320833333333333 0.36196549137284323 0.04666666666666667 0.03150787696924231
1 0.9008333333333334 0.4167291822955739 0.03166666666666667 0.02625656414103526
1 0.021666666666666667 0.029257314328582147 0.019166666666666665 0.0172543135783946
1 0.5558333333333333 0.3870967741935484 0.035 0.03075768942235559
1 0.34630833333333333 0.3696549137284321 0.0375 0.035258814703675916
1 0.8629166666666667 0.24568642160540136 0.0425 0.0345086271567892
1 0.2654166666666667 0.043135783945986494 0.03 0.028507126781695424
0 0.29791666666666666 0.20630157539384847 0.03833333333333333 0.03150787696924231
1 0.7570833333333333 0.3372093023255814 0.028333333333333332 0.020255063765941484
1 0.7857916666666667 0.9448087021755439 0.08081666666666668 0.03948237059264816
0 0.16590000000000002 0.34569392348087025 0.04015 0.029234808702175544
1 0.32516666666666666 0.29163540885221306 0.04935833333333333 0.0476894223555889
