1 0.4108775137111517 0.889391447368421 0.03656307129798903 0.032072368421052634
1 0.1640767824497258 0.2590460526315789 0.03290676416819013 0.029605263157894735
1 0.956581352833638 0.9510690789473685 0.031078610603290677 0.02549342105263158
1 0.8327239488117002 0.6319901315789473 0.04661791590493602 0.04029605263157895
1 0.7097806215722121 0.4740953947368421 0.029250457038391225 0.027138157894736843
1 0.6873857404021938 0.9247532894736842 0.026508226691042046 0.022203947368421052
0 0.8386654478976234 0.9379111842105263 0.018281535648994516 0.018092105263157895
1 0.6147166361974405 0.4564144736842105 0.027422303473491772 0.023848684210526317
1 0.376599634369287 0.9634046052631579 0.02376599634369287 0.02138157894736842
0 0.756398537477148 0.9161184210526315 0.018281535648994516 0.01644736842105263
1 0.11060329067641682 0.2902960526315789 0.031992687385740404 0.029605263157894735
1 0.879798903107861 0.6776315789473685 0.038391224862888484 0.03782894736842105
1 0.8139853747714808 0.6640625 0.04296160877513711 0.03782894736842105
1 0.4584095063985375 0.6788651315789473 0.03473491773308958 0.03042763157894737
1 0.8464351005484461 0.6969572368421053 0.04296160877513711 0.039473684210526314
1 0.12477148080438757 0.9342105263157895 0.029250457038391225 0.02549342105263158
0 0.0603290676416819 0.9107730263157895 0.024680073126142597 0.022203947368421052
0 0.33180987202925044 0.9823190789473685 0.025594149908592323 0.023026315789473683
1 0.11791590493601463 0.8466282894736842 0.019195612431444242 0.017269736842105265
0 0.31352833638025596 0.9893092105263158 0.027422303473491772 0.02055921052631579
1 0.5411334552102377 0.09991776315789473 0.029250457038391225 0.029605263157894735
1 0.3587751371115174 0.9757401315789473 0.025594149908592323 0.019736842105263157
1 0.3080438756855576 0.8153782894736842 0.026508226691042046 0.023026315789473683
0 0.8880255941499086 0.8129111842105263 0.02102376599634369 0.018092105263157895
1 0.7691956124314442 0.6994243421052632 0.043875685557586835 0.044407894736842105
1 0.17276051188299818 0.2981085526315789 0.0283363802559415 0.027960526315789474
1 0.48720292504570384 0.6217105263157895 0.033820840950639856 0.028782894736842105
1 0.4337294332723949 0.608141447368421 0.03290676416819013 0.028782894736842105
0 0.08272394881170018 0.9029605263157895 0.024680073126142597 0.02138157894736842
1 0.4305301645338208 0.5834703947368421 0.038391224862888484 0.027138157894736843
0 0.7627970749542962 0.8963815789473685 0.019195612431444242 0.01644736842105263
1 0.19012797074954296 0.22902960526315788 0.0283363802559415 0.023026315789473683
1 0.36151736745886653 0.9930098684210527 0.031992687385740404 0.013980263157894737
1 0.8738574040219378 0.8305921052631579 0.02376599634369287 0.024671052631578948
1 0.8094149908592322 0.4128289473684211 0.02376599634369287 0.02055921052631579
1 0.8080438756855576 0.7039473684210527 0.037477148080438755 0.04194078947368421
1 0.1010054844606947 0.3215460526315789 0.026508226691042046 0.027138157894736843
1 0.4826325411334552 0.6525493421052632 0.03473491773308958 0.03289473684210526
0 0.4780621572212066 0.8721217105263158 0.01736745886654479 0.017269736842105265
1 0.44972577696526506 0.6500822368421053 0.026508226691042046 0.03125
1 0.45521023765996343 0.24342105263157895 0.019195612431444242 0.01644736842105263
0 0.543418647166362 0.938733552631579 0.021937842778793418 0.018914473684210526
0 0.2970749542961609 0.3684210526315789 0.02102376599634369 0.018914473684210526
1 0.01736745886654479 0.9173519736842105 0.02102376599634369 0.018092105263157895
1 0.5173674588665448 0.6426809210526315 0.033820840950639856 0.03700657894736842
1 0.12477148080438757 0.3248355263157895 0.025594149908592323 0.02631578947368421
1 0.283363802559415 0.8170230263157895 0.02010968921389397 0.022203947368421052
1 0.08272394881170018 0.9292763157894737 0.029250457038391225 0.029605263157894735
0 0.2769287020109689 0.20721217105263157 0.017577696526508226 0.021233552631578948
1 0.2952468007312614 0.20847039473684212 0.022851919561243144 0.023848684210526317
0 0.529707495429616 0.9502467105263158 0.019195612431444242 0.017269736842105265
0 0.2592230347349177 0.23101973684210528 0.02497257769652651 0.019827302631578947
0 0.2595978062157221 0.21134868421052633 0.02102376599634369 0.017269736842105265
0 0.30255941499085925 0.38774671052631576 0.022851919561243144 0.018092105263157895
0 0.2339762340036563 0.2486513157894737 0.020210237659963437 0.020962171052631578
0 0.24085923217550273 0.23314144736842105 0.02010968921389397 0.018092105263157895
0 0.5187385740402194 0.9366776315789473 0.019195612431444242 0.015625
0 0.9552102376599635 0.9296875 0.0283363802559415 0.022203947368421052
0 0.7362797074954296 0.909391447368421 0.025621572212065815 0.019827302631578947
0 0.726691042047532 0.8943256578947368 0.01736745886654479 0.014802631578947368
0 0.8208409506398537 0.9329769736842105 0.019195612431444242 0.017269736842105265
0 0.44353747714808045 0.27190789473684207 0.015127970749542962 0.01758223684210526
0 0.4616819012797075 0.27190789473684207 0.019314442413162703 0.01758223684210526
0 0.463436928702011 0.2553453947368421 0.01736745886654479 0.013980263157894737
0 0.3153564899451554 0.37212171052631576 0.02010968921389397 0.019736842105263157
1 0.47486288848263253 0.837171052631579 0.022851919561243144 0.01644736842105263
0 0.037477148080438755 0.9539473684210527 0.015539305301645339 0.013157894736842105
0 0.6267915904936014 0.5079605263157895 0.025712979890310784 0.025748355263157895
0 0.6275137111517367 0.4856085526315789 0.022851919561243144 0.02055921052631579
0 0.49497257769652653 0.8778782894736842 0.015539305301645339 0.015625
0 0.2042961608775137 0.2598684210526316 0.024680073126142597 0.023026315789473683
0 0.7295246800731262 0.9430838815789473 0.01891224862888483 0.018939144736842106
0 0.7463436928702011 0.9317434210526315 0.02102376599634369 0.01644736842105263
0 0.476691042047532 0.5966282894736842 0.03290676416819013 0.023848684210526317
0 0.4117915904936015 0.2972861842105263 0.02102376599634369 0.019736842105263157
1 0.6508226691042047 0.9823190789473685 0.016453382084095063 0.014802631578947368
0 0.10191956124314443 0.9181743421052632 0.019195612431444242 0.02055921052631579
1 0.07449725776965264 0.29523026315789475 0.019195612431444242 0.022203947368421052
1 0.8464351005484461 0.9210526315789473 0.025594149908592323 0.019736842105263157
0 0.8007312614259597 0.4342105263157895 0.02376599634369287 0.022203947368421052
0 0.7458866544789763 0.8939144736842105 0.013711151736745886 0.013980263157894737
0 0.756398537477148 0.8828125 0.01736745886654479 0.012335526315789474
0 0.021480804387568556 0.696546052631579 0.018281535648994516 0.015625
0 0.9063071297989032 0.8199013157894737 0.019195612431444242 0.017269736842105265
1 0.04981718464351006 0.928453947368421 0.019195612431444242 0.01644736842105263
1 0.5137111517367459 0.8486842105263158 0.018281535648994516 0.018092105263157895
1 0.4753199268738574 0.5797697368421053 0.03290676416819013 0.02055921052631579
1 0.24954296160877515 0.16324013157894737 0.021937842778793418 0.02055921052631579
0 0.42138939670932357 0.6287006578947368 0.031078610603290677 0.027138157894736843
0 0.646709323583181 0.5024671052631579 0.019195612431444242 0.01644736842105263
1 0.1256855575868373 0.8836348684210527 0.02376599634369287 0.019736842105263157
1 0.6508226691042047 0.9708059210526315 0.014625228519195612 0.013980263157894737
0 0.5580438756855576 0.10978618421052631 0.02010968921389397 0.019736842105263157
0 0.11974405850091407 0.9013157894736842 0.01736745886654479 0.01644736842105263
0 0.24908592321755027 0.24835526315789475 0.018281535648994516 0.01644736842105263
0 0.1453382084095064 0.2993421052631579 0.026508226691042046 0.024671052631578948
0 0.8103290676416819 0.9194078947368421 0.022851919561243144 0.01644736842105263
0 0.5726691042047533 0.11513157894736842 0.021937842778793418 0.02138157894736842
0 0.8670018281535649 0.6439144736842105 0.03016453382084095 0.02631578947368421
0 0.04113345521023766 0.7039473684210527 0.018281535648994516 0.01644736842105263
0 0.22257769652650822 0.21710526315789475 0.02010968921389397 0.018914473684210526
1 0.18784277879341865 0.2746710526315789 0.027422303473491772 0.023848684210526317
0 0.8578610603290676 0.38569078947368424 0.026508226691042046 0.022203947368421052
0 0.14076782449725778 0.23684210526315788 0.021937842778793418 0.019736842105263157
0 0.07815356489945155 0.9617598684210527 0.022851919561243144 0.018914473684210526
0 0.7276051188299817 0.9235197368421053 0.016453382084095063 0.014802631578947368
1 0.29387568555758686 0.9901315789473685 0.02102376599634369 0.019736842105263157
1 0.296617915904936 0.1924342105263158 0.02376599634369287 0.015625
1 0.4904021937842779 0.9954769736842105 0.019195612431444242 0.009046052631578948
0 0.6791590493601463 0.953125 0.015539305301645339 0.012335526315789474
0 0.23806215722120658 0.20782894736842106 0.020603290676416818 0.020707236842105264
0 0.25027422303473496 0.19780427631578948 0.022641681901279707 0.019046052631578946
0 0.2554844606946984 0.18215460526315788 0.018281535648994516 0.01644736842105263
1 0.8478062157221207 0.7401315789473685 0.025594149908592323 0.018914473684210526
1 0.08775137111517367 0.2865953947368421 0.016453382084095063 0.018092105263157895
0 0.44881170018281535 0.2590460526315789 0.014625228519195612 0.013157894736842105
0 0.7792504570383912 0.8930921052631579 0.01736745886654479 0.018092105263157895
1 0.8628884826325411 0.8314144736842105 0.021937842778793418 0.02549342105263158
0 0.716636197440585 0.8474506578947368 0.016453382084095063 0.014802631578947368
0 0.2710237659963437 0.19120065789473684 0.019195612431444242 0.018092105263157895
0 0.9780621572212066 0.9255756578947368 0.02102376599634369 0.018092105263157895
0 0.23994515539305303 0.18544407894736842 0.01736745886654479 0.015625
0 0.4812614259597806 0.8519736842105263 0.021937842778793418 0.018914473684210526
1 0.14396709323583182 0.3236019736842105 0.019195612431444242 0.023026315789473683
0 0.13254113345521024 0.9140625 0.019195612431444242 0.015625
0 0.4657221206581353 0.8622532894736842 0.015539305301645339 0.017269736842105265
1 0.6307129798903108 0.9646381578947368 0.012797074954296161 0.013157894736842105
0 0.606489945155393 0.4732730263157895 0.02010968921389397 0.014802631578947368
0 0.6512797074954296 0.48273026315789475 0.02376599634369287 0.017269736842105265
1 0.10237659963436929 0.8988486842105263 0.018281535648994516 0.018092105263157895
0 0.019652650822669104 0.954358552631579 0.016453382084095063 0.013980263157894737
0 0.826782449725777 0.4206414473684211 0.019195612431444242 0.018914473684210526
1 0.5516453382084096 0.5995065789473685 0.024680073126142597 0.022203947368421052
0 0.3190127970749543 0.9745065789473685 0.015539305301645339 0.014802631578947368
1 0.09277879341864717 0.3013980263157895 0.02010968921389397 0.019736842105263157
0 0.4739488117001828 0.9950657894736842 0.02102376599634369 0.009868421052631578
0 0.36785191956124313 0.2980838815789474 0.015530164533820839 0.01915296052631579
1 0.3697440585009141 0.28125 0.014625228519195612 0.01644736842105263
0 0.4296160877513711 0.30386513157894735 0.015539305301645339 0.017269736842105265
0 0.8994515539305301 0.8359375 0.018281535648994516 0.017269736842105265
1 0.27285191956124316 0.2787828947368421 0.02010968921389397 0.014802631578947368
0 0.7710237659963437 0.9099506578947368 0.018281535648994516 0.015625
0 0.4486014625228519 0.6214555921052632 0.02309872029250457 0.023741776315789474
0 0.4663345521023766 0.6384539473684211 0.019689213893967092 0.022203947368421052
0 0.46437842778793414 0.6177631578947369 0.019588665447897623 0.021759868421052632
0 0.4531078610603291 0.6018092105263158 0.02210237659963437 0.02410361842105263
1 0.5036106032906764 0.6677960526315789 0.03090493601462523 0.01903782894736842
0 0.6388117001828154 0.4726644736842105 0.02170932358318099 0.01917763157894737
0 0.4223308957952468 0.2883634868421052 0.015521023765996345 0.018980263157894736
1 0.21646252285191955 0.20519736842105263 0.020219378427787937 0.018963815789473683
1 0.2666636197440585 0.17176809210526317 0.01942413162705667 0.02212171052631579
0 0.13659049360146253 0.8544654605263158 0.020987202925045703 0.015896381578947367
