1 0.45018281535648996 0.09703947368421052 0.025594149908592323 0.023026315789473683
1 0.22120658135283364 0.02919407894736842 0.029250457038391225 0.023026315789473683
1 0.2554844606946984 0.15707236842105263 0.0283363802559415 0.023848684210526317
1 0.350091407678245 0.05879934210526316 0.02102376599634369 0.018914473684210526
1 0.07084095063985375 0.44366776315789475 0.029250457038391225 0.02631578947368421
1 0.5406764168190128 0.3930921052631579 0.022851919561243144 0.023026315789473683
1 0.3190127970749543 0.48519736842105265 0.02376599634369287 0.023026315789473683
1 0.5712979890310786 0.25699013157894735 0.031078610603290677 0.024671052631578948
1 0.14625228519195613 0.20764802631578946 0.033820840950639856 0.027138157894736843
1 0.636654478976234 0.3326480263157895 0.029250457038391225 0.023848684210526317
1 0.21252285191956125 0.9708059210526315 0.029250457038391225 0.027138157894736843
1 0.6183729433272395 0.6036184210526315 0.03930530164533821 0.03289473684210526
1 0.022851919561243144 0.041529605263157895 0.024680073126142597 0.022203947368421052
1 0.040676416819012795 0.7273848684210527 0.02102376599634369 0.017269736842105265
1 0.3560329067641682 0.21833881578947367 0.029250457038391225 0.028782894736842105
0 0.34277879341864714 0.813733552631579 0.03290676416819013 0.027138157894736843
1 0.24360146252285192 0.9691611842105263 0.0356489945155393 0.03289473684210526
1 0.19469835466179158 0.6023848684210527 0.024680073126142597 0.02055921052631579
1 0.649908592321755 0.24958881578947367 0.03290676416819013 0.027960526315789474
1 0.33957952468007313 0.49136513157894735 0.0283363802559415 0.024671052631578948
1 0.38482632541133455 0.5822368421052632 0.026508226691042046 0.023026315789473683
1 0.5909506398537477 0.24013157894736842 0.027422303473491772 0.023848684210526317
1 0.08912248628884827 0.3684210526315789 0.0283363802559415 0.02631578947368421
1 0.35420475319926875 0.47574013157894735 0.026508226691042046 0.023848684210526317
1 0.5539305301645339 0.1278782894736842 0.026508226691042046 0.024671052631578948
1 0.6572212065813529 0.27055921052631576 0.03656307129798903 0.027138157894736843
1 0.3688299817184644 0.8947368421052632 0.03930530164533821 0.032072368421052634
1 0.16316270566727606 0.3392269736842105 0.029250457038391225 0.02631578947368421
1 0.5516453382084096 0.27508223684210525 0.029250457038391225 0.02549342105263158
1 0.5621572212065814 0.3893914473684211 0.025594149908592323 0.023026315789473683
0 0.5137111517367459 0.11019736842105263 0.022851919561243144 0.019736842105263157
1 0.7769652650822669 0.6632401315789473 0.027422303473491772 0.024671052631578948
1 0.5146252285191956 0.22861842105263158 0.0283363802559415 0.02631578947368421
1 0.010511882998171846 0.18667763157894737 0.02102376599634369 0.02549342105263158
1 0.06992687385740402 0.006578947368421052 0.02376599634369287 0.013157894736842105
1 0.2673674588665448 0.17763157894736842 0.031078610603290677 0.02631578947368421
1 0.3194698354661792 0.16652960526315788 0.02102376599634369 0.02055921052631579
1 0.2623400365630713 0.015213815789473685 0.025594149908592323 0.023026315789473683
1 0.5822669104204753 0.3301809210526316 0.033820840950639856 0.027960526315789474
1 0.8930530164533821 0.3100328947368421 0.031078610603290677 0.028782894736842105
1 0.376599634369287 0.24465460526315788 0.029250457038391225 0.023848684210526317
1 0.6151736745886655 0.5106907894736842 0.03016453382084095 0.02549342105263158
1 0.7751371115173674 0.18791118421052633 0.02102376599634369 0.018092105263157895
1 0.4780621572212066 0.07195723684210527 0.02376599634369287 0.022203947368421052
1 0.6627056672760512 0.34662828947368424 0.031992687385740404 0.027138157894736843
1 0.4753199268738574 0.4185855263157895 0.03290676416819013 0.029605263157894735
1 0.45018281535648996 0.35074013157894735 0.022851919561243144 0.02631578947368421
1 0.746800731261426 0.15460526315789475 0.019195612431444242 0.01644736842105263
1 0.4428702010968921 0.13445723684210525 0.031078610603290677 0.029605263157894735
1 0.11608775137111517 0.23355263157894737 0.02102376599634369 0.02138157894736842
1 0.3459780621572212 0.16200657894736842 0.02376599634369287 0.02138157894736842
1 0.22394881170018283 0.049342105263157895 0.021937842778793418 0.022203947368421052
1 0.4227605118829982 0.12171052631578948 0.02376599634369287 0.023848684210526317
1 0.4437842778793419 0.4465460526315789 0.025594149908592323 0.022203947368421052
0 0.30987202925045704 0.7767269736842105 0.033820840950639856 0.028782894736842105
0 0.3555758683729433 0.7989309210526315 0.033820840950639856 0.023848684210526317
1 0.1010054844606947 0.4934210526315789 0.019195612431444242 0.015625
1 0.41224862888482633 0.24629934210526316 0.027422303473491772 0.01644736842105263
1 0.19515539305301646 0.047697368421052634 0.026508226691042046 0.023026315789473683
1 0.22074954296160879 0.328125 0.029250457038391225 0.024671052631578948
1 0.06718464351005485 0.3737664473684211 0.02102376599634369 0.019736842105263157
0 0.2472577696526508 0.889391447368421 0.033820840950639856 0.02631578947368421
0 0.27239488117001825 0.8038651315789473 0.029250457038391225 0.02631578947368421
1 0.4337294332723949 0.36348684210526316 0.03016453382084095 0.03125
1 0.09963436928702012 0.4017269736842105 0.026508226691042046 0.02549342105263158
1 0.6101462522851919 0.26726973684210525 0.02102376599634369 0.019736842105263157
1 0.42413162705667273 0.39350328947368424 0.03290676416819013 0.029605263157894735
1 0.5804387568555759 0.27508223684210525 0.025594149908592323 0.022203947368421052
1 0.09323583180987204 0.20970394736842105 0.02010968921389397 0.019736842105263157
1 0.15493601462522852 0.02055921052631579 0.02102376599634369 0.019736842105263157
0 0.5594149908592322 0.1924342105263158 0.025594149908592323 0.022203947368421052
1 0.8852833638025595 0.33511513157894735 0.029250457038391225 0.02549342105263158
1 0.4287020109689214 0.0678453947368421 0.021937842778793418 0.02055921052631579
1 0.08409506398537477 0.22615131578947367 0.022851919561243144 0.023848684210526317
1 0.5644424131627057 0.296875 0.022851919561243144 0.018914473684210526
1 0.47989031078610606 0.3326480263157895 0.026508226691042046 0.022203947368421052
1 0.5347349177330896 0.140625 0.029250457038391225 0.024671052631578948
0 0.34780621572212067 0.8523848684210527 0.031992687385740404 0.02549342105263158
1 0.9122486288848263 0.28741776315789475 0.021937842778793418 0.023026315789473683
1 0.33409506398537475 0.17804276315789475 0.024680073126142597 0.023026315789473683
1 0.6622486288848263 0.5859375 0.027422303473491772 0.023026315789473683
0 0.24405850091407677 0.8182565789473685 0.03473491773308958 0.03042763157894737
1 0.5191956124314442 0.34087171052631576 0.03016453382084095 0.03125
1 0.06672760511882998 0.3972039473684211 0.021937842778793418 0.018092105263157895
1 0.49954296160877515 0.3515625 0.031078610603290677 0.033717105263157895
1 0.8555758683729433 0.3149671052631579 0.024680073126142597 0.02549342105263158
1 0.4876599634369287 0.21463815789473684 0.029250457038391225 0.02549342105263158
0 0.27010968921389394 0.7676809210526315 0.025594149908592323 0.018914473684210526
1 0.41453382084095064 0.2598684210526316 0.025594149908592323 0.02055921052631579
1 0.1960694698354662 0.6266447368421053 0.022851919561243144 0.018914473684210526
1 0.18281535648994515 0.05797697368421053 0.02376599634369287 0.023026315789473683
1 0.4689213893967093 0.3540296052631579 0.025594149908592323 0.023848684210526317
0 0.048446069469835464 0.4387335526315789 0.018281535648994516 0.018092105263157895
1 0.19652650822669104 0.02919407894736842 0.022851919561243144 0.019736842105263157
0 0.28153564899451555 0.8355263157894737 0.027422303473491772 0.02549342105263158
1 0.45109689213893966 0.15583881578947367 0.024680073126142597 0.023026315789473683
1 0.3226691042047532 0.023848684210526317 0.02010968921389397 0.018914473684210526
1 0.04616087751371115 0.027960526315789474 0.02376599634369287 0.02055921052631579
1 0.4789762340036563 0.1611842105263158 0.02102376599634369 0.017269736842105265
0 0.24908592321755027 0.8466282894736842 0.03473491773308958 0.027138157894736843
1 0.363345521023766 0.587171052631579 0.02010968921389397 0.022203947368421052
1 0.05210237659963437 0.7171052631578947 0.01736745886654479 0.013157894736842105
1 0.5347349177330896 0.19078947368421054 0.024680073126142597 0.02138157894736842
1 0.4963436928702011 0.3277138157894737 0.02010968921389397 0.018092105263157895
0 0.058957952468007314 0.04399671052631579 0.024680073126142597 0.02549342105263158
0 0.1649908592321755 0.006578947368421052 0.019195612431444242 0.013157894736842105
1 0.6613345521023766 0.6044407894736842 0.04113345521023766 0.03125
1 0.34780621572212067 0.30057565789473684 0.021937842778793418 0.018092105263157895
1 0.39945155393053017 0.07606907894736842 0.02010968921389397 0.022203947368421052
0 0.529707495429616 0.2158717105263158 0.02102376599634369 0.019736842105263157
0 0.25 0.7894736842105263 0.031992687385740404 0.024671052631578948
1 0.08409506398537477 0.4161184210526316 0.025594149908592323 0.018914473684210526
1 0.16956124314442414 0.45682565789473684 0.01736745886654479 0.017269736842105265
1 0.031992687385740404 0.18338815789473684 0.019195612431444242 0.019736842105263157
0 0.45429616087751373 0.24547697368421054 0.02102376599634369 0.018092105263157895
1 0.02696526508226691 0.022203947368421052 0.022851919561243144 0.018914473684210526
1 0.4195612431444241 0.44613486842105265 0.021937842778793418 0.019736842105263157
1 0.4026508226691042 0.3774671052631579 0.03473491773308958 0.029605263157894735
1 0.11151736745886655 0.8766447368421053 0.024680073126142597 0.02055921052631579
1 0.09095063985374771 0.4309210526315789 0.025594149908592323 0.018092105263157895
1 0.2774223034734918 0.2598684210526316 0.019195612431444242 0.018914473684210526
1 0.36608775137111516 0.06661184210526316 0.016453382084095063 0.013980263157894737
1 0.5927787934186471 0.3104440789473684 0.02376599634369287 0.018914473684210526
1 0.05301645338208409 0.4087171052631579 0.02102376599634369 0.019736842105263157
1 0.1640767824497258 0.48273026315789475 0.016453382084095063 0.01644736842105263
0 0.13391224862888482 0.9239309210526315 0.025594149908592323 0.022203947368421052
1 0.863345521023766 0.29399671052631576 0.0283363802559415 0.022203947368421052
0 0.4826325411334552 0.2574013157894737 0.02376599634369287 0.022203947368421052
1 0.2961608775137112 0.10814144736842106 0.019195612431444242 0.017269736842105265
1 0.5 0.1825657894736842 0.02102376599634369 0.02055921052631579
0 0.4725776965265082 0.24342105263157895 0.018281535648994516 0.015625
0 0.2536563071297989 0.8688322368421053 0.027422303473491772 0.02138157894736842
1 0.3391224862888483 0.1591282894736842 0.02376599634369287 0.019736842105263157
0 0.03290676416819013 0.4292763157894737 0.02010968921389397 0.018092105263157895
1 0.12294332723948811 0.15378289473684212 0.019195612431444242 0.017269736842105265
1 0.7650822669104205 0.17434210526315788 0.015539305301645339 0.017269736842105265
0 0.29021937842778794 0.421875 0.018281535648994516 0.01644736842105263
0 0.28884826325411334 0.40625 0.019195612431444242 0.01644736842105263
0 0.03016453382084095 0.20271381578947367 0.026508226691042046 0.02138157894736842
1 0.17184643510054845 0.04399671052631579 0.02102376599634369 0.02138157894736842
0 0.047074954296160876 0.2504111842105263 0.019195612431444242 0.017269736842105265
1 0.9876599634369287 0.203125 0.021937842778793418 0.024671052631578948
1 0.9104204753199269 0.2660361842105263 0.018281535648994516 0.015625
0 0.2623400365630713 0.5731907894736842 0.021937842778793418 0.019736842105263157
1 0.30850091407678243 0.4543585526315789 0.022851919561243144 0.018914473684210526
0 0.14853747714808044 0.32648026315789475 0.02102376599634369 0.015625
1 0.4602376599634369 0.11389802631578948 0.024680073126142597 0.02138157894736842
1 0.006398537477148081 0.5966282894736842 0.012797074954296161 0.018914473684210526
1 0.9945155393053017 0.20353618421052633 0.010968921389396709 0.02549342105263158
0 0.28473491773308957 0.5115131578947368 0.022851919561243144 0.02138157894736842
0 0.34780621572212067 0.28412828947368424 0.02010968921389397 0.018092105263157895
1 0.5036563071297989 0.20148026315789475 0.021937842778793418 0.018092105263157895
1 0.19469835466179158 0.9790296052631579 0.02376599634369287 0.027960526315789474
0 0.13254113345521024 0.1747532894736842 0.01736745886654479 0.015625
1 0.3670018281535649 0.35320723684210525 0.02376599634369287 0.018092105263157895
0 0.47714808043875684 0.4995888157894737 0.024680073126142597 0.018914473684210526
1 0.5338208409506399 0.10320723684210527 0.022851919561243144 0.019736842105263157
0 0.3619744058500914 0.3659539473684211 0.02376599634369287 0.019736842105263157
1 0.523308957952468 0.3129111842105263 0.024680073126142597 0.023848684210526317
1 0.283363802559415 0.14185855263157895 0.021937842778793418 0.019736842105263157
1 0.33683729433272397 0.4732730263157895 0.02102376599634369 0.018092105263157895
0 0.20338208409506398 0.06620065789473684 0.02102376599634369 0.01644736842105263
1 0.29570383912248627 0.865953947368421 0.027422303473491772 0.019736842105263157
1 0.4076782449725777 0.22409539473684212 0.02102376599634369 0.018914473684210526
0 0.2687385740402194 0.7528782894736842 0.027422303473491772 0.018092105263157895
1 0.543418647166362 0.3100328947368421 0.02376599634369287 0.023848684210526317
