1 0.08318098720292505 0.2623355263157895 0.055758683729433274 0.03700657894736842
1 0.29387568555758686 0.6212993421052632 0.03656307129798903 0.028782894736842105
1 0.9255027422303473 0.32730263157894735 0.04661791590493602 0.03453947368421053
1 0.9835466179159049 0.16036184210526316 0.027422303473491772 0.024671052631578948
1 0.3889396709323583 0.20271381578947367 0.038391224862888484 0.029605263157894735
1 0.19744058500914077 0.1796875 0.037477148080438755 0.027138157894736843
1 0.16270566727605118 0.4967105263157895 0.0356489945155393 0.029605263157894735
1 0.6882998171846435 0.24958881578947367 0.0283363802559415 0.02549342105263158
1 0.38619744058500916 0.2578125 0.033820840950639856 0.02631578947368421
1 0.8989945155393053 0.14884868421052633 0.031078610603290677 0.02549342105263158
1 0.09917733089579525 0.20394736842105263 0.05941499085923217 0.04111842105263158
1 0.6978976234003657 0.03125 0.04204753199268738 0.03453947368421053
1 0.05758683729433273 0.5197368421052632 0.03656307129798903 0.029605263157894735
1 0.546617915904936 0.6138980263157895 0.03290676416819013 0.027960526315789474
1 0.5292504570383912 0.3926809210526316 0.03473491773308958 0.03042763157894737
1 0.3281535648994516 0.4263980263157895 0.050274223034734916 0.03536184210526316
1 0.263254113345521 0.2532894736842105 0.03290676416819013 0.03042763157894737
1 0.3587751371115174 0.7364309210526315 0.03930530164533821 0.03125
1 0.23994515539305303 0.038651315789473686 0.03473491773308958 0.028782894736842105
1 0.8574040219378428 0.013569078947368422 0.03656307129798903 0.027138157894736843
1 0.08683729433272395 0.13486842105263158 0.04113345521023766 0.03453947368421053
1 0.0443327239488117 0.13980263157894737 0.044789762340036565 0.03782894736842105
1 0.1425959780621572 0.4769736842105263 0.04021937842778794 0.032072368421052634
1 0.36608775137111516 0.41324013157894735 0.038391224862888484 0.032072368421052634
1 0.6860146252285192 0.08799342105263158 0.025594149908592323 0.02055921052631579
1 0.4780621572212066 0.634046052631579 0.03290676416819013 0.028782894736842105
1 0.9177330895795247 0.6620065789473685 0.0356489945155393 0.033717105263157895
1 0.7399451553930531 0.665296052631579 0.03656307129798903 0.03042763157894737
1 0.3793418647166362 0.2944078947368421 0.03656307129798903 0.028782894736842105
1 0.6444241316270567 0.024671052631578948 0.031078610603290677 0.027138157894736843
1 0.9355575868372943 0.688733552631579 0.038391224862888484 0.03289473684210526
1 0.026051188299817184 0.11554276315789473 0.043875685557586835 0.033717105263157895
1 0.7271480804387569 0.017269736842105265 0.0356489945155393 0.03042763157894737
1 0.16773308957952468 0.05797697368421053 0.044789762340036565 0.03125
1 0.5813528336380256 0.7314967105263158 0.03290676416819013 0.029605263157894735
1 0.4017367458866545 0.038651315789473686 0.0283363802559415 0.02631578947368421
1 0.9456124314442413 0.6521381578947368 0.03473491773308958 0.03125
1 0.9273308957952467 0.013569078947368422 0.038391224862888484 0.027138157894736843
1 0.2426873857404022 0.07853618421052631 0.03290676416819013 0.02549342105263158
1 0.16910420475319926 0.02919407894736842 0.038391224862888484 0.029605263157894735
1 0.24862888482632542 0.8199013157894737 0.0356489945155393 0.029605263157894735
1 0.35511882998171845 0.0727796052631579 0.044789762340036565 0.03289473684210526
1 0.1316270566727605 0.17804276315789475 0.031992687385740404 0.02631578947368421
1 0.47074954296160876 0.3873355263157895 0.027422303473491772 0.02549342105263158
1 0.11014625228519195 0.48067434210526316 0.031078610603290677 0.027960526315789474
1 0.6170018281535649 0.5189144736842105 0.031992687385740404 0.028782894736842105
1 0.2449725776965265 0.609375 0.03290676416819013 0.027138157894736843
1 0.21115173674588666 0.0546875 0.043875685557586835 0.03618421052631579
1 0.6622486288848263 0.24588815789473684 0.03016453382084095 0.03042763157894737
1 0.4483546617915905 0.37787828947368424 0.031078610603290677 0.027138157894736843
1 0.5045703839122486 0.41324013157894735 0.03930530164533821 0.027960526315789474
1 0.7024680073126143 0.11513157894736842 0.031078610603290677 0.023848684210526317
1 0.21069469835466179 0.23889802631578946 0.03656307129798903 0.029605263157894735
1 0.7404021937842779 0.7249177631578947 0.038391224862888484 0.027960526315789474
1 0.19744058500914077 0.36430921052631576 0.0356489945155393 0.029605263157894735
1 0.3194698354661792 0.3293585526315789 0.031078610603290677 0.028782894736842105
1 0.5639853747714808 0.5308388157894737 0.04204753199268738 0.033717105263157895
0 0.09826325411334552 0.17023026315789475 0.038391224862888484 0.03125
1 0.23263254113345522 0.2578125 0.03473491773308958 0.032072368421052634
1 0.3702010968921389 0.039473684210526314 0.037477148080438755 0.03453947368421053
1 0.2586837294332724 0.3256578947368421 0.031992687385740404 0.027960526315789474
1 0.36288848263254114 0.21175986842105263 0.03290676416819013 0.028782894736842105
1 0.4428702010968921 0.678453947368421 0.031992687385740404 0.02631578947368421
1 0.5946069469835467 0.15542763157894737 0.03016453382084095 0.027138157894736843
1 0.48171846435100546 0.6611842105263158 0.03290676416819013 0.027138157894736843
0 0.0763254113345521 0.3022203947368421 0.03656307129798903 0.02631578947368421
1 0.32449725776965266 0.46011513157894735 0.0356489945155393 0.028782894736842105
1 0.46755027422303475 0.5571546052631579 0.03656307129798903 0.032072368421052634
1 0.2426873857404022 0.8458059210526315 0.038391224862888484 0.027960526315789474
1 0.3263254113345521 0.054276315789473686 0.038391224862888484 0.029605263157894735
1 0.48217550274223037 0.6870888157894737 0.033820840950639856 0.02631578947368421
1 0.573583180987203 0.5970394736842105 0.03473491773308958 0.027138157894736843
1 0.32678244972577697 0.592516447368421 0.0283363802559415 0.02631578947368421
1 0.3793418647166362 0.717516447368421 0.031992687385740404 0.023026315789473683
1 0.5548446069469836 0.5037006578947368 0.04113345521023766 0.028782894736842105
1 0.3039305301645338 0.2956414473684211 0.03290676416819013 0.024671052631578948
1 0.8893967093235832 0.016036184210526317 0.03656307129798903 0.03042763157894737
1 0.6284277879341865 0.4876644736842105 0.033820840950639856 0.03289473684210526
1 0.863345521023766 0.4765625 0.03656307129798903 0.024671052631578948
1 0.8185557586837294 0.1040296052631579 0.0283363802559415 0.023848684210526317
1 0.8679159049360147 0.49506578947368424 0.033820840950639856 0.027138157894736843
1 0.5959780621572212 0.540296052631579 0.03290676416819013 0.028782894736842105
1 0.6636197440585009 0.03700657894736842 0.0356489945155393 0.032072368421052634
1 0.4547531992687386 0.6525493421052632 0.0283363802559415 0.027960526315789474
1 0.09186471663619744 0.5217927631578947 0.033820840950639856 0.027960526315789474
1 0.896709323583181 0.17269736842105263 0.0283363802559415 0.022203947368421052
1 0.2152650822669104 0.3227796052631579 0.0356489945155393 0.029605263157894735
1 0.7394881170018281 0.22779605263157895 0.0283363802559415 0.022203947368421052
1 0.6252285191956124 0.2504111842105263 0.03290676416819013 0.02549342105263158
1 0.6028336380255942 0.48067434210526316 0.03473491773308958 0.028782894736842105
1 0.5836380255941499 0.45929276315789475 0.03656307129798903 0.029605263157894735
1 0.4186471663619744 0.37787828947368424 0.03290676416819013 0.02631578947368421
1 0.5342778793418648 0.5579769736842105 0.038391224862888484 0.029605263157894735
1 0.4195612431444241 0.548108552631579 0.031078610603290677 0.028782894736842105
1 0.3596892138939671 0.5921052631578947 0.04021937842778794 0.03289473684210526
1 0.1860146252285192 0.2450657894736842 0.025594149908592323 0.027138157894736843
1 0.776508226691042 0.7269736842105263 0.0356489945155393 0.03125
1 0.7957038391224863 0.6788651315789473 0.029250457038391225 0.03042763157894737
1 0.30850091407678243 0.5127467105263158 0.03016453382084095 0.023848684210526317
1 0.26371115173674586 0.623766447368421 0.0283363802559415 0.023848684210526317
1 0.5987202925045704 0.7709703947368421 0.031992687385740404 0.027138157894736843
0 0.018738574040219377 0.15953947368421054 0.033820840950639856 0.03042763157894737
0 0.12385740402193784 0.08100328947368421 0.031992687385740404 0.024671052631578948
1 0.5178244972577697 0.5838815789473685 0.033820840950639856 0.02631578947368421
1 0.4876599634369287 0.5875822368421053 0.03290676416819013 0.02631578947368421
1 0.576782449725777 0.7935855263157895 0.03473491773308958 0.03042763157894737
1 0.5575868372943327 0.75 0.03290676416819013 0.028782894736842105
1 0.3642595978062157 0.24671052631578946 0.03016453382084095 0.024671052631578948
1 0.5617001828153565 0.5694901315789473 0.03656307129798903 0.029605263157894735
1 0.2513711151736746 0.34745065789473684 0.038391224862888484 0.027138157894736843
1 0.2143510054844607 0.8342927631578947 0.04021937842778794 0.032072368421052634
1 0.7728519195612431 0.6763980263157895 0.031078610603290677 0.027960526315789474
1 0.5169104204753199 0.6101973684210527 0.03016453382084095 0.02549342105263158
1 0.031078610603290677 0.38569078947368424 0.033820840950639856 0.02549342105263158
1 0.31215722120658135 0.7421875 0.037477148080438755 0.029605263157894735
1 0.5521023765996343 0.04851973684210526 0.033820840950639856 0.033717105263157895
1 0.19012797074954296 0.20230263157894737 0.03016453382084095 0.022203947368421052
0 0.06261425959780621 0.16282894736842105 0.037477148080438755 0.028782894736842105
1 0.2020109689213894 0.21463815789473684 0.04021937842778794 0.024671052631578948
1 0.39259597806215724 0.5662006578947368 0.037477148080438755 0.024671052631578948
1 0.5105118829981719 0.6566611842105263 0.027422303473491772 0.02631578947368421
1 0.9789762340036563 0.5900493421052632 0.0283363802559415 0.03125
1 0.8875685557586838 0.7113486842105263 0.031992687385740404 0.027138157894736843
1 0.2970749542961609 0.4329769736842105 0.031078610603290677 0.029605263157894735
1 0.9625228519195612 0.673108552631579 0.033820840950639856 0.033717105263157895
1 0.3944241316270567 0.06537828947368421 0.0356489945155393 0.032072368421052634
1 0.20018281535648993 0.49136513157894735 0.03016453382084095 0.023026315789473683
1 0.18418647166361973 0.8490953947368421 0.027422303473491772 0.02549342105263158
1 0.13117001828153566 0.5032894736842105 0.031078610603290677 0.024671052631578948
1 0.9159049360146252 0.7092927631578947 0.031992687385740404 0.027138157894736843
0 0.044789762340036565 0.061677631578947366 0.033820840950639856 0.02631578947368421
0 0.3148994515539305 0.08963815789473684 0.022851919561243144 0.02055921052631579
1 0.5041133455210237 0.6344572368421053 0.02376599634369287 0.023026315789473683
1 0.5447897623400365 0.7989309210526315 0.031078610603290677 0.02549342105263158
1 0.024680073126142597 0.3667763157894737 0.03290676416819013 0.02549342105263158
1 0.40676416819012795 0.7162828947368421 0.027422303473491772 0.02549342105263158
1 0.3807129798903108 0.4387335526315789 0.038391224862888484 0.03125
1 0.5626142595978062 0.4786184210526316 0.03016453382084095 0.02138157894736842
1 0.9255027422303473 0.2216282894736842 0.031078610603290677 0.024671052631578948
1 0.533363802559415 0.49588815789473684 0.03016453382084095 0.028782894736842105
1 0.4524680073126143 0.6994243421052632 0.0283363802559415 0.02138157894736842
1 0.10374771480804387 0.5032894736842105 0.029250457038391225 0.02055921052631579
1 0.38482632541133455 0.7405427631578947 0.0283363802559415 0.023848684210526317
1 0.5013711151736746 0.5608552631578947 0.03290676416819013 0.029605263157894735
1 0.5319926873857403 0.031661184210526314 0.026508226691042046 0.027960526315789474
1 0.29021937842778794 0.3404605263157895 0.038391224862888484 0.027138157894736843
0 0.720292504570384 0.6969572368421053 0.025594149908592323 0.023026315789473683
1 0.34323583180987205 0.5061677631578947 0.025594149908592323 0.023026315789473683
1 0.6389396709323584 0.2668585526315789 0.03290676416819013 0.028782894736842105
1 0.803016453382084 0.7080592105263158 0.03473491773308958 0.028782894736842105
0 0.021937842778793418 0.24424342105263158 0.038391224862888484 0.03042763157894737
1 0.20292504570383912 0.3079769736842105 0.033820840950639856 0.023848684210526317
1 0.5772394881170019 0.7631578947368421 0.031078610603290677 0.027960526315789474
1 0.23354661791590495 0.3696546052631579 0.037477148080438755 0.03289473684210526
1 0.5996343692870201 0.7471217105263158 0.025594149908592323 0.022203947368421052
1 0.5662705667276051 0.623766447368421 0.03016453382084095 0.023026315789473683
1 0.40813528336380256 0.3227796052631579 0.0283363802559415 0.024671052631578948
1 0.5882084095063985 0.5649671052631579 0.025594149908592323 0.023026315789473683
1 0.011882998171846435 0.009457236842105263 0.02376599634369287 0.018914473684210526
1 0.3190127970749543 0.03289473684210526 0.031078610603290677 0.027138157894736843
1 0.2070383912248629 0.25945723684210525 0.026508226691042046 0.02138157894736842
1 0.4986288848263254 0.3852796052631579 0.029250457038391225 0.02631578947368421
1 0.3907678244972578 0.5419407894736842 0.0283363802559415 0.02631578947368421
0 0.6713893967093236 0.09950657894736842 0.025594149908592323 0.02138157894736842
0 0.0726691042047532 0.044407894736842105 0.04296160877513711 0.033717105263157895
0 0.3007312614259598 0.10074013157894737 0.022851919561243144 0.018914473684210526
0 0.33638025594149906 0.5727796052631579 0.0283363802559415 0.02138157894736842
1 0.12020109689213894 0.15542763157894737 0.029250457038391225 0.023848684210526317
1 0.07175502742230347 0.044407894736842105 0.04296160877513711 0.03289473684210526
1 0.2317184643510055 0.19407894736842105 0.027422303473491772 0.023848684210526317
1 0.526508226691042 0.631578947368421 0.024680073126142597 0.02055921052631579
0 0.2819926873857404 0.3236019736842105 0.026508226691042046 0.023026315789473683
1 0.7801645338208409 0.6595394736842105 0.026508226691042046 0.017269736842105265
1 0.36745886654478976 0.3256578947368421 0.031078610603290677 0.023848684210526317
1 0.7829067641681902 0.7935855263157895 0.018281535648994516 0.019736842105263157
1 0.40036563071297987 0.584703947368421 0.03290676416819013 0.02138157894736842
1 0.7458866544789763 0.600328947368421 0.0283363802559415 0.027138157894736843
1 0.7637111517367459 0.7886513157894737 0.02102376599634369 0.017269736842105265
1 0.553016453382084 0.78125 0.024680073126142597 0.018914473684210526
1 0.8258683729433273 0.004934210526315789 0.031992687385740404 0.009868421052631578
1 0.6074040219378428 0.17639802631578946 0.0283363802559415 0.022203947368421052
0 0.3180987202925046 0.4934210526315789 0.0283363802559415 0.023848684210526317
0 0.013254113345521023 0.32113486842105265 0.026508226691042046 0.02631578947368421
1 0.5959780621572212 0.5032894736842105 0.029250457038391225 0.022203947368421052
1 0.2289762340036563 0.3782894736842105 0.04204753199268738 0.024671052631578948
1 0.34963436928702013 0.7142269736842105 0.0283363802559415 0.018092105263157895
0 0.543418647166362 0.5916940789473685 0.02376599634369287 0.018914473684210526
1 0.3007312614259598 0.3359375 0.027422303473491772 0.03042763157894737
1 0.3016453382084095 0.46504934210526316 0.02376599634369287 0.02631578947368421
1 0.3194698354661792 0.6270559210526315 0.027422303473491772 0.023026315789473683
1 0.3148994515539305 0.71875 0.022851919561243144 0.017269736842105265
0 0.20018281535648993 0.1118421052631579 0.031992687385740404 0.023848684210526317
1 0.5329067641681902 0.5374177631578947 0.029250457038391225 0.02138157894736842
1 0.3171846435100548 0.6356907894736842 0.027422303473491772 0.018914473684210526
1 0.363345521023766 0.19078947368421054 0.03016453382084095 0.022203947368421052
1 0.36151736745886653 0.49383223684210525 0.026508226691042046 0.02138157894736842
1 0.1663619744058501 0.798108552631579 0.0283363802559415 0.023848684210526317
1 0.7614259597806216 0.5867598684210527 0.027422303473491772 0.022203947368421052
1 0.05987202925045704 0.37911184210526316 0.0283363802559415 0.02138157894736842
1 0.7691956124314442 0.26973684210526316 0.03290676416819013 0.024671052631578948
