1 0.9154166666666667 0.595648912228057 0.043333333333333335 0.037509377344336084
0 0.79125 0.6605401350337584 0.03 0.0277569392348087
1 0.6479166666666667 0.8342085521380345 0.03333333333333333 0.03150787696924231
1 0.69875 0.3570892723180795 0.0425 0.03900975243810953
1 0.5670833333333334 0.8979744936234059 0.035 0.033008252063015754
1 0.9229166666666667 0.5562640660165041 0.0425 0.03975993998499625
1 0.9545833333333333 0.5765191297824456 0.045 0.046511627906976744
0 0.6770833333333334 0.9013503375843961 0.03166666666666667 0.03075768942235559
0 0.6566666666666666 0.9114778694673669 0.029166666666666667 0.023255813953488372
0 0.36916666666666664 0.7655663915978995 0.0275 0.02175543885971493
0 0.79125 0.6065266316579144 0.034166666666666665 0.0277569392348087
0 0.6358333333333334 0.9887471867966992 0.03166666666666667 0.02250562640660165
0 0.6533333333333333 0.8897224306076519 0.0275 0.02175543885971493
0 0.015833333333333335 0.6136534133533383 0.028333333333333332 0.024006001500375095
0 0.76 0.6826706676669168 0.024166666666666666 0.024006001500375095
1 0.24833333333333332 0.7933233308327082 0.028333333333333332 0.02625656414103526
0 0.28041666666666665 0.7850712678169542 0.02666666666666667 0.02250562640660165
1 0.32875 0.8150787696924231 0.029166666666666667 0.030007501875468866
1 0.3875 0.8015753938484621 0.03833333333333333 0.03375843960990248
1 0.20166666666666666 0.9433608402100525 0.025833333333333333 0.024756189047261814
0 0.21 0.8878469617404351 0.030833333333333334 0.02625656414103526
0 0.7800083333333333 0.642033008252063 0.019008333333333332 0.022258064516129033
0 0.7908333333333334 0.6275318829707427 0.030833333333333334 0.023255813953488372
0 0.675 0.8420855213803451 0.029166666666666667 0.024756189047261814
0 0.8125 0.6534133533383346 0.020833333333333332 0.02175543885971493
0 0.6108333333333333 0.9234808702175544 0.03166666666666667 0.028507126781695424
0 0.5754166666666667 0.8364591147786947 0.035 0.03150787696924231
0 0.35625 0.7824456114028507 0.03 0.025506376594148537
0 0.9458333333333333 0.9921230307576894 0.041666666666666664 0.015753938484621154
0 0.07041666666666667 0.7809452363090773 0.035 0.024756189047261814
0 0.7354166666666667 0.377344336084021 0.030833333333333334 0.025506376594148537
1 0.34833333333333333 0.8195798949737434 0.0225 0.020255063765941484
1 0.7554166666666666 0.35596399099774945 0.029166666666666667 0.03150787696924231
0 0.04625 0.6650412603150788 0.023333333333333334 0.020255063765941484
1 0.009583333333333333 0.6339084771192798 0.019166666666666665 0.02250562640660165
1 0.029583333333333333 0.6657914478619655 0.015 0.016504126031507877
0 0.3591666666666667 0.8034508627156789 0.0225 0.019504876219054765
1 0.044583333333333336 0.6834208552138035 0.029166666666666667 0.02250562640660165
0 0.7270666666666666 0.36042010502625654 0.022775 0.02042760690172543
1 0.69965 0.3900750187546887 0.045625 0.03348087021755439
1 0.6854916666666667 0.4332033008252063 0.035574999999999996 0.03850712678169542
1 0.677725 0.3784621155288822 0.029183333333333335 0.024636159039759943
1 0.8984916666666667 0.5744786196549138 0.03783333333333333 0.043435858964741184
0 0.9480583333333334 0.6239909977494373 0.027316666666666666 0.026271567891972995
0 0.5900166666666666 0.970900225056264 0.023941666666666667 0.0209152288072018
0 0.6017250000000001 0.9001650412603152 0.023375 0.019287321830457616
0 0.5768833333333333 0.9212453113278319 0.022808333333333333 0.02237059264816204
0 0.6359333333333334 0.9402100525131283 0.03079166666666667 0.022258064516129033
0 0.37500833333333333 0.8347786946736684 0.027941666666666667 0.026286571642910726
