1 0.8272394881170019 0.9601151315789473 0.04296160877513711 0.03536184210526316
1 0.5635283363802559 0.33758223684210525 0.033820840950639856 0.029605263157894735
1 0.8011882998171846 0.623766447368421 0.029250457038391225 0.023848684210526317
1 0.329981718464351 0.8178453947368421 0.031992687385740404 0.03042763157894737
1 0.529707495429616 0.3873355263157895 0.03473491773308958 0.029605263157894735
1 0.18692870201096892 0.5600328947368421 0.03473491773308958 0.03125
1 0.8057586837294333 0.4535361842105263 0.03473491773308958 0.02631578947368421
1 0.5406764168190128 0.36430921052631576 0.024680073126142597 0.02055921052631579
1 0.9488117001828154 0.7055921052631579 0.03473491773308958 0.027138157894736843
1 0.9424131627056673 0.6833881578947368 0.033820840950639856 0.02549342105263158
1 0.9131627056672761 0.6147203947368421 0.026508226691042046 0.022203947368421052
1 0.8829981718464351 0.594983552631579 0.03016453382084095 0.02055921052631579
1 0.8848263254113345 0.6118421052631579 0.027422303473491772 0.02055921052631579
1 0.8569469835466179 0.49629934210526316 0.022851919561243144 0.019736842105263157
1 0.8304387568555759 0.6032072368421053 0.02376599634369287 0.02055921052631579
1 0.4337294332723949 0.8421052631578947 0.03016453382084095 0.024671052631578948
1 0.840036563071298 0.5078125 0.02376599634369287 0.02138157894736842
1 0.030621572212065813 0.5078125 0.022851919561243144 0.02055921052631579
0 0.5630712979890311 0.3651315789473684 0.02376599634369287 0.023026315789473683
1 0.8980804387568556 0.5855263157894737 0.02376599634369287 0.018092105263157895
1 0.9908592321755028 0.6698190789473685 0.018281535648994516 0.03536184210526316
1 0.0850091407678245 0.7964638157894737 0.02376599634369287 0.019736842105263157
1 0.9744058500914077 0.7055921052631579 0.029250457038391225 0.029605263157894735
1 0.6896709323583181 0.7027138157894737 0.026508226691042046 0.02138157894736842
1 0.20749542961608775 0.673108552631579 0.02376599634369287 0.023026315789473683
