1 0.0225 0.6234058514628658 0.043333333333333335 0.03975993998499625
1 0.14333333333333334 0.37509377344336087 0.049166666666666664 0.04126031507876969
1 0.8725 0.6534133533383346 0.0475 0.037509377344336084
0 0.023333333333333334 0.5303825956489122 0.03833333333333333 0.03375843960990248
1 0.30083333333333334 0.5386346586646662 0.03833333333333333 0.04426106526631658
0 0.01375 0.436609152288072 0.0275 0.03375843960990248
0 0.8516666666666667 0.5738934733683421 0.04416666666666667 0.03375843960990248
1 0.15833333333333333 0.3387096774193548 0.049166666666666664 0.04126031507876969
1 0.31583333333333335 0.613278319579895 0.03916666666666667 0.03675918979744936
1 0.62375 0.6024006001500375 0.05333333333333334 0.046511627906976744
0 0.26166666666666666 0.019129782445611403 0.04083333333333333 0.03600900225056264
0 0.39458333333333334 0.9789947486871718 0.04583333333333333 0.03900975243810953
1 0.63 0.6785446361590397 0.04583333333333333 0.04126031507876969
0 0.22 0.03900975243810953 0.04083333333333333 0.0345086271567892
0 0.019583333333333335 0.1331582895723931 0.0375 0.029257314328582147
1 0.34208333333333335 0.5671417854463616 0.05 0.03975993998499625
1 0.2916666666666667 0.7393098274568642 0.04 0.029257314328582147
0 0.12958333333333333 0.27831957989497375 0.041666666666666664 0.033008252063015754
1 0.43333333333333335 0.4298574643660915 0.041666666666666664 0.03675918979744936
1 0.40375 0.9321080270067517 0.04833333333333333 0.03675918979744936
0 0.7216666666666667 0.714178544636159 0.030833333333333334 0.0277569392348087
0 0.23166666666666666 0.59152288072018 0.03833333333333333 0.033008252063015754
1 0.8283333333333334 0.6425356339084771 0.04583333333333333 0.035258814703675916
0 0.56 0.6207801950487621 0.03833333333333333 0.035258814703675916
0 0.25458333333333333 0.04951237809452363 0.035 0.03150787696924231
0 0.20666666666666667 0.6526631657914479 0.04 0.033008252063015754
0 0.7516666666666667 0.719429857464366 0.04083333333333333 0.03600900225056264
0 0.31583333333333335 0.2813203300825206 0.04083333333333333 0.03675918979744936
0 0.44875 0.40172543135783945 0.0375 0.03150787696924231
1 0.8504166666666667 0.608027006751688 0.04833333333333333 0.03675918979744936
0 0.22166666666666668 0.012003000750187547 0.04416666666666667 0.024006001500375095
0 0.5941666666666666 0.6260315078769693 0.04 0.03600900225056264
1 0.5720833333333334 0.7063015753938484 0.0325 0.035258814703675916
0 0.9158333333333334 0.8709677419354839 0.043333333333333335 0.035258814703675916
0 0.2841666666666667 0.6042760690172543 0.035833333333333335 0.03150787696924231
1 0.26125 0.6155288822205551 0.03666666666666667 0.03600900225056264
0 0.63125 0.718304576144036 0.04083333333333333 0.04051012753188297
0 0.665 0.5840210052513128 0.04083333333333333 0.03375843960990248
1 0.8229166666666666 0.5720180045011253 0.035 0.033008252063015754
0 0.8466666666666667 0.8608402100525131 0.050833333333333335 0.037509377344336084
0 0.2683333333333333 0.23780945236309078 0.043333333333333335 0.033008252063015754
0 0.31166666666666665 0.7790697674418605 0.030833333333333334 0.025506376594148537
0 0.10041666666666667 0.29369842460615153 0.04083333333333333 0.033008252063015754
0 0.0575 0.5300075018754689 0.030833333333333334 0.028507126781695424
0 0.36083333333333334 0.9688672168042011 0.034166666666666665 0.030007501875468866
0 0.5725 0.5240060015003751 0.0375 0.030007501875468866
0 0.18666666666666668 0.5562640660165041 0.034166666666666665 0.03150787696924231
1 0.6166666666666667 0.49362340585146286 0.045 0.03375843960990248
0 0.2579166666666667 0.5761440360090022 0.034166666666666665 0.029257314328582147
0 0.6629166666666667 0.7201800450112528 0.03333333333333333 0.033008252063015754
0 0.6958333333333333 0.7126781695423856 0.0325 0.03075768942235559
0 0.42375 0.6477869467366841 0.034166666666666665 0.029257314328582147
1 0.22916666666666666 0.23218304576144036 0.03666666666666667 0.024756189047261814
0 0.3745833333333333 0.5423855963990998 0.034166666666666665 0.03075768942235559
0 0.5991666666666666 0.4703675918979745 0.0475 0.0345086271567892
0 0.59375 0.7243060765191298 0.0325 0.029257314328582147
0 0.6045833333333334 0.7003000750187547 0.035 0.03075768942235559
0 0.7383333333333333 0.7520630157539385 0.04416666666666667 0.03075768942235559
0 0.049166666666666664 0.13728432108027006 0.03 0.02625656414103526
0 0.24416666666666667 0.2539384846211553 0.0325 0.030007501875468866
0 0.8875 0.677794448612153 0.03666666666666667 0.029257314328582147
0 0.17166666666666666 0.6620405101275318 0.03916666666666667 0.02700675168792198
0 0.6004166666666667 0.5120030007501876 0.0325 0.028507126781695424
0 0.17416666666666666 0.6327831957989497 0.04083333333333333 0.03225806451612903
0 0.04083333333333333 0.505251312828207 0.04083333333333333 0.030007501875468866
0 0.9570833333333333 0.8735933983495874 0.04833333333333333 0.04051012753188297
1 0.010833333333333334 0.39122280570142537 0.02 0.020255063765941484
0 0.6195833333333334 0.5352588147036759 0.03833333333333333 0.0277569392348087
0 0.008333333333333333 0.4069767441860465 0.016666666666666666 0.02625656414103526
1 0.3304166666666667 0.7711927981995499 0.02666666666666667 0.03150787696924231
0 0.12375 0.5390097524381096 0.03166666666666667 0.024006001500375095
0 0.3925 0.40097524381095273 0.0375 0.030007501875468866
0 0.3475 0.9467366841710427 0.034166666666666665 0.030007501875468866
0 0.07708333333333334 0.6500375093773444 0.03 0.024756189047261814
0 0.27666666666666667 0.7760690172543135 0.035833333333333335 0.033008252063015754
0 0.44875 0.6560390097524381 0.03 0.024006001500375095
0 0.3720833333333333 0.42385596399099773 0.034166666666666665 0.0277569392348087
0 0.475 0.4189797449362341 0.035 0.02700675168792198
0 0.40875 0.6271567891972993 0.0325 0.02625656414103526
0 0.64 0.5547636909227307 0.0375 0.0277569392348087
0 0.31166666666666665 0.7580645161290323 0.025833333333333333 0.023255813953488372
0 0.5733333333333334 0.49699924981245314 0.03666666666666667 0.03225806451612903
1 0.10916666666666666 0.31807951987997 0.03 0.02700675168792198
0 0.7291666666666666 0.7374343585896475 0.035833333333333335 0.028507126781695424
0 0.13541666666666666 0.5622655663915979 0.034166666666666665 0.025506376594148537
1 0.9566666666666667 0.8735933983495874 0.04666666666666667 0.03975993998499625
0 0.82375 0.6702925731432858 0.045 0.03375843960990248
0 0.28833333333333333 0.582145536384096 0.0325 0.024006001500375095
0 0.33125 0.5097524381095274 0.035833333333333335 0.029257314328582147
0 0.79 0.6909227306826706 0.03166666666666667 0.02700675168792198
0 0.34625 0.5307576894223556 0.03333333333333333 0.03375843960990248
0 0.0725 0.5498874718679669 0.035 0.03150787696924231
0 0.5604166666666667 0.47749437359339836 0.03916666666666667 0.025506376594148537
0 0.26 0.7985746436609152 0.035833333333333335 0.030007501875468866
1 0.6791666666666667 0.6084021005251313 0.03166666666666667 0.02625656414103526
0 0.30916666666666665 0.7220555138784697 0.0325 0.024756189047261814
0 0.2891666666666667 0.7629407351837959 0.028333333333333332 0.02250562640660165
0 0.35 0.6140285071267817 0.03166666666666667 0.024006001500375095
