1 0.6175 0.047261815453863466 0.0775 0.06526631657914479
1 0.36666666666666664 0.047636909227306824 0.0675 0.05926481620405101
1 0.17375 0.29369842460615153 0.06166666666666667 0.051762940735183796
1 0.6579166666666667 0.13953488372093023 0.06833333333333333 0.05776444111027757
1 0.23083333333333333 0.5708927231807952 0.07833333333333334 0.05776444111027757
1 0.20083333333333334 0.6702925731432858 0.065 0.047261815453863466
1 0.6816666666666666 0.028882220555138786 0.07166666666666667 0.05701425356339085
1 0.6316666666666667 0.09902475618904726 0.060833333333333336 0.04426106526631658
1 0.075 0.1312828207051763 0.0475 0.05026256564141035
1 0.21791666666666668 0.12603150787696923 0.04833333333333333 0.05326331582895724
1 0.025416666666666667 0.7273068267066767 0.050833333333333335 0.05476369092273068
0 0.13583333333333333 0.08477119279819954 0.043333333333333335 0.033008252063015754
1 0.14708333333333334 0.25318829707426854 0.055 0.046511627906976744
1 0.19333333333333333 0.24606151537884471 0.050833333333333335 0.04876219054763691
0 0.3591666666666667 0.8522130532633159 0.03666666666666667 0.030007501875468866
1 0.02375 0.5232558139534884 0.04666666666666667 0.05701425356339085
1 0.17375 0.14516129032258066 0.0575 0.04576144036009002
1 0.7154166666666667 0.10577644411102775 0.06416666666666666 0.06451612903225806
1 0.37666666666666665 0.840960240060015 0.03333333333333333 0.02625656414103526
0 0.23625 0.6117779444861215 0.045 0.03600900225056264
1 0.7329166666666667 0.046136534133533386 0.060833333333333336 0.05251312828207052
1 0.1225 0.14216054013503376 0.0575 0.0450112528132033
1 0.12833333333333333 0.2865716429107277 0.04666666666666667 0.0450112528132033
0 0.11125 0.1054013503375844 0.03666666666666667 0.033008252063015754
1 0.675 0.0641410352588147 0.058333333333333334 0.03975993998499625
1 0.15625 0.6462865716429107 0.058333333333333334 0.05701425356339085
1 0.013333333333333334 0.5408852213053263 0.025833333333333333 0.04801200300075019
1 0.16 0.1110277569392348 0.043333333333333335 0.03150787696924231
0 0.35083333333333333 0.8803450862715679 0.0425 0.02700675168792198
1 0.61625 0.13953488372093023 0.043333333333333335 0.04876219054763691
0 0.3304166666666667 0.831582895723931 0.03833333333333333 0.028507126781695424
1 0.31083333333333335 0.8660915228807202 0.03833333333333333 0.035258814703675916
1 0.6320833333333333 0.009377344336084021 0.060833333333333336 0.018754688672168042
1 0.19625 0.6211552888222055 0.04666666666666667 0.04351087771942986
1 0.020833333333333332 0.37696924231057766 0.03666666666666667 0.04126031507876969
1 0.11166666666666666 0.6642910727681921 0.045 0.0450112528132033
1 0.2654166666666667 0.1639159789947487 0.0325 0.02700675168792198
1 0.925 0.5150037509377344 0.05333333333333334 0.05476369092273068
0 0.3145833333333333 0.9133533383345837 0.04 0.030007501875468866
1 0.14833333333333334 0.2288072018004501 0.049166666666666664 0.02625656414103526
0 0.3975 0.02625656414103526 0.03833333333333333 0.0345086271567892
1 0.037083333333333336 0.6897974493623406 0.0375 0.035258814703675916
0 0.08958333333333333 0.09527381845461365 0.02666666666666667 0.028507126781695424
1 0.25583333333333336 0.034133533383345835 0.02666666666666667 0.028507126781695424
1 0.057916666666666665 0.718304576144036 0.030833333333333334 0.03975993998499625
0 0.012083333333333333 0.2423105776444111 0.024166666666666666 0.03150787696924231
1 0.09 0.6582895723930983 0.03 0.03600900225056264
1 0.25833333333333336 0.058514628657164294 0.03 0.02625656414103526
1 0.2775 0.20967741935483872 0.043333333333333335 0.03825956489122281
1 0.2675 0.01687921980495124 0.028333333333333332 0.018754688672168042
