1 0.11083333333333334 0.6972993248312078 0.0775 0.0690172543135784
1 0.51 0.9223555888972244 0.07166666666666667 0.06976744186046512
1 0.08166666666666667 0.6380345086271568 0.09083333333333334 0.06751687921980495
1 0.050833333333333335 0.8034508627156789 0.0925 0.06301575393848462
1 0.06166666666666667 0.7438109527381845 0.08666666666666667 0.06826706676669167
1 0.5208333333333334 0.977119279819955 0.06416666666666666 0.04576144036009002
1 0.58125 0.9399849962490623 0.08666666666666667 0.07201800450112528
1 0.15375 0.6399099774943736 0.07666666666666666 0.07351837959489872
1 0.38458333333333333 0.9441110277569392 0.0525 0.04276069017254314
0 0.5745833333333333 0.986496624156039 0.04583333333333333 0.02700675168792198
1 0.6958333333333333 0.4433608402100525 0.055 0.04801200300075019
1 0.034583333333333334 0.6856714178544636 0.06916666666666667 0.072768192048012
1 0.5041666666666667 0.2618154538634659 0.049166666666666664 0.04051012753188297
1 0.029583333333333333 0.6312828207051763 0.058333333333333334 0.06826706676669167
1 0.03333333333333333 0.5877719429857464 0.065 0.042010502625656414
1 0.5604166666666667 0.29632408102025504 0.051666666666666666 0.047261815453863466
1 0.3204166666666667 0.9834958739684921 0.065 0.033008252063015754
1 0.45708333333333334 0.9268567141785446 0.06666666666666667 0.072768192048012
1 0.2654166666666667 0.7303075768942235 0.04583333333333333 0.037509377344336084
0 0.23458333333333334 0.9887471867966992 0.045 0.02250562640660165
1 0.10125 0.5952738184546137 0.05 0.03675918979744936
1 0.024583333333333332 0.5453863465866466 0.049166666666666664 0.06001500375093773
1 0.06541666666666666 0.554013503375844 0.05333333333333334 0.06001500375093773
1 0.034325 0.981072768192048 0.05884166666666667 0.03709677419354839
1 0.12916666666666668 0.7524381095273819 0.060833333333333336 0.06451612903225806
1 0.5675 0.24081020255063765 0.04833333333333333 0.04426106526631658
1 0.4320833333333333 0.8754688672168042 0.056666666666666664 0.05476369092273068
1 0.16958333333333334 0.7603150787696924 0.06333333333333334 0.07201800450112528
1 0.6558333333333334 0.4253563390847712 0.056666666666666664 0.04351087771942986
1 0.6341666666666667 0.38559639909977494 0.055 0.04276069017254314
1 0.21375 0.694298574643661 0.051666666666666666 0.04051012753188297
1 0.33708333333333335 0.5022505626406601 0.05 0.04801200300075019
1 0.9462 0.39483120780195047 0.06176666666666667 0.04397599399849962
1 0.09142499999999999 0.9785296324081021 0.06880833333333333 0.04069017254313578
1 0.405 0.9909977494373593 0.04416666666666667 0.01800450112528132
1 0.6383333333333333 0.5063765941485371 0.050833333333333335 0.04876219054763691
1 0.7817999999999999 0.2345311327831958 0.05973333333333334 0.048214553638409596
1 0.3879166666666667 0.49849962490622657 0.06 0.05401350337584396
1 0.61 0.31657914478619653 0.04416666666666667 0.03975993998499625
0 0.361875 0.9064141035258815 0.04949166666666667 0.05048012003000751
1 0.6495083333333334 0.33580645161290323 0.0483 0.04232558139534884
0 0.15885833333333332 0.7082070517629407 0.04318333333333333 0.04216054013503376
