1 0.6541666666666667 0.5656414103525882 0.05416666666666667 0.047261815453863466
1 0.7775 0.6301575393848462 0.051666666666666666 0.04051012753188297
1 0.7975 0.5191297824456114 0.06333333333333334 0.04876219054763691
1 0.11625 0.08139534883720931 0.050833333333333335 0.04351087771942986
1 0.07166666666666667 0.6264066016504126 0.0575 0.06001500375093773
1 0.10708333333333334 0.28244561140285074 0.049166666666666664 0.04051012753188297
1 0.88125 0.06676669167291822 0.04 0.03150787696924231
1 0.3675 0.3304576144036009 0.04083333333333333 0.037509377344336084
1 0.3283333333333333 0.32633158289572395 0.04833333333333333 0.03900975243810953
1 0.9820833333333333 0.04351087771942986 0.035 0.033008252063015754
1 0.8495833333333334 0.48424606151537886 0.056666666666666664 0.051762940735183796
1 0.7825 0.47936984246061515 0.04833333333333333 0.03825956489122281
1 0.10625 0.1110277569392348 0.055 0.042010502625656414
1 0.03375 0.5993998499624906 0.06666666666666667 0.07426856714178545
1 0.0325 0.5266316579144786 0.06416666666666666 0.0795198799699925
1 0.08833333333333333 0.04238559639909977 0.0475 0.03675918979744936
0 0.835 0.07351837959489872 0.030833333333333334 0.02700675168792198
1 0.7191666666666666 0.4857464366091523 0.03833333333333333 0.035258814703675916
1 0.01625 0.7243060765191298 0.029166666666666667 0.047261815453863466
0 0.07625 0.7063015753938484 0.034166666666666665 0.0277569392348087
1 0.34458333333333335 0.3529632408102025 0.045 0.029257314328582147
1 0.4791666666666667 0.1264066016504126 0.04083333333333333 0.033008252063015754
1 0.7333333333333333 0.4617404351087772 0.03 0.03075768942235559
1 0.06 0.5652663165791448 0.0425 0.04876219054763691
1 0.7210583333333334 0.15981245311327832 0.039625 0.05246811702925731
0 0.8270833333333333 0.459489872468117 0.03666666666666667 0.0277569392348087
1 0.5954166666666667 0.23143285821455364 0.03166666666666667 0.020255063765941484
1 0.14208333333333334 0.0555138784696174 0.035 0.02625656414103526
1 0.09583333333333334 0.4156039009752438 0.03333333333333333 0.028507126781695424
1 0.7091666666666666 0.45911477869467365 0.0275 0.024756189047261814
1 0.68375 0.14216054013503376 0.05 0.04426106526631658
0 0.05625 0.7340585146286571 0.05333333333333334 0.04276069017254314
1 0.19458333333333333 0.32145536384096024 0.030833333333333334 0.02700675168792198
1 0.6733333333333333 0.1744186046511628 0.03666666666666667 0.03075768942235559
1 0.49041666666666667 0.25431357839459867 0.019166666666666665 0.015753938484621154
1 0.485 0.25731432858214554 0.0225 0.016504126031507877
1 0.38625 0.09114778694673668 0.023333333333333334 0.020255063765941484
0 0.0725 0.14141035258814705 0.03333333333333333 0.02700675168792198
1 0.4675 0.24681170292573143 0.020833333333333332 0.016504126031507877
1 0.03 0.667291822955739 0.05416666666666667 0.07051762940735183
0 0.09333333333333334 0.5828957239309828 0.045 0.042010502625656414
1 0.97 0.6151537884471118 0.03833333333333333 0.03900975243810953
0 0.07333333333333333 0.18529632408102026 0.028333333333333332 0.024006001500375095
0 0.12625 0.33083270817704424 0.025833333333333333 0.02175543885971493
1 0.81875 0.061140285071267814 0.0275 0.02625656414103526
1 0.9720833333333333 0.015753938484621154 0.0475 0.03150787696924231
1 0.5704166666666667 0.9362340585146287 0.035 0.03375843960990248
1 0.0775 0.16541635408852212 0.0325 0.025506376594148537
1 0.14458333333333334 0.36459114778694673 0.03 0.02700675168792198
1 0.17958333333333334 0.5 0.025 0.021005251312828207
1 0.51625 0.11815453863465866 0.035 0.028507126781695424
1 0.16208333333333333 0.36196549137284323 0.028333333333333332 0.03075768942235559
1 0.08958333333333333 0.015753938484621154 0.035833333333333335 0.028507126781695424
0 0.17640833333333333 0.32735183795948986 0.018850000000000002 0.022243060765191298
1 0.16763333333333333 0.005401350337584396 0.054299999999999994 0.010652663165791448
1 0.20175833333333335 0.012528132033008251 0.02985 0.025056264066016503
0 0.069925 0.6757239309827457 0.04778333333333334 0.05032258064516129
0 0.5273249999999999 0.9314553638409603 0.031024999999999997 0.036744186046511626
0 0.8477750000000001 0.7254463615903975 0.0356 0.03472618154538635
1 0.8494166666666666 0.5157239309827457 0.04543333333333333 0.032678169542385595
1 0.6080583333333333 0.21927231807951988 0.030075000000000005 0.02003750937734434
1 0.6516833333333333 0.24857464366091525 0.025425 0.0313728432108027
