1 0.6658333333333334 0.1301575393848462 0.08166666666666667 0.06676669167291822
1 0.6391666666666667 0.21042760690172543 0.059166666666666666 0.05101275318829707
1 0.32375 0.07614403600900226 0.06583333333333333 0.056264066016504126
1 0.9575 0.6575393848462115 0.055 0.04951237809452363
1 0.8908333333333334 0.7355588897224306 0.049166666666666664 0.04351087771942986
1 0.5904166666666667 0.19279819954988747 0.0675 0.05776444111027757
1 0.6404166666666666 0.2651912978244561 0.06666666666666667 0.05326331582895724
1 0.6504166666666666 0.32033008252063017 0.06333333333333334 0.05701425356339085
1 0.5920833333333333 0.24081020255063765 0.0575 0.04801200300075019
1 0.7020833333333333 0.336834208552138 0.060833333333333336 0.0555138784696174
1 0.3179166666666667 0.13465866466616655 0.056666666666666664 0.04876219054763691
1 0.37 0.1609152288072018 0.06666666666666667 0.06526631657914479
1 0.6391666666666667 0.6282820705176294 0.0625 0.051762940735183796
1 0.59375 0.29632408102025504 0.06833333333333333 0.056264066016504126
1 0.2625 0.24343585896474118 0.0475 0.05401350337584396
1 0.7008333333333333 0.28169542385596397 0.06916666666666667 0.05401350337584396
1 0.8404166666666667 0.7831957989497375 0.056666666666666664 0.046511627906976744
1 0.9075 0.659039759939985 0.05333333333333334 0.047261815453863466
1 0.28458333333333335 0.0277569392348087 0.058333333333333334 0.04276069017254314
1 0.2925 0.2471867966991748 0.056666666666666664 0.0555138784696174
1 0.6416666666666667 0.08552138034508627 0.058333333333333334 0.046511627906976744
1 0.6258333333333334 0.6657914478619655 0.043333333333333335 0.035258814703675916
1 0.53875 0.27756939234808703 0.06666666666666667 0.05701425356339085
1 0.30541666666666667 0.16804201050262565 0.05416666666666667 0.04276069017254314
1 0.33416666666666667 0.22993248312078018 0.05583333333333333 0.05476369092273068
1 0.5904166666666667 0.3353338334583646 0.06333333333333334 0.051762940735183796
1 0.8491666666666666 0.7160540135033758 0.049166666666666664 0.042010502625656414
0 0.8945833333333333 0.5990247561890473 0.03916666666666667 0.030007501875468866
0 0.91625 0.6204051012753188 0.03916666666666667 0.03075768942235559
1 0.2654166666666667 0.07314328582145536 0.05 0.056264066016504126
1 0.355 0.036384096024006 0.0525 0.0450112528132033
0 0.61625 0.12790697674418605 0.049166666666666664 0.0450112528132033
1 0.3775 0.07201800450112528 0.051666666666666666 0.051762940735183796
1 0.8895833333333333 0.6980495123780945 0.055 0.0450112528132033
1 0.5966666666666667 0.10352588147036759 0.051666666666666666 0.056264066016504126
1 0.6745833333333333 0.5933983495873969 0.045 0.04276069017254314
1 0.39791666666666664 0.035258814703675916 0.049166666666666664 0.04351087771942986
0 0.2520833333333333 0.44711177794448614 0.041666666666666664 0.03375843960990248
1 0.6820833333333334 0.6384096024006002 0.041666666666666664 0.0450112528132033
1 0.69625 0.195423855963991 0.051666666666666666 0.04126031507876969
1 0.8008333333333333 0.7325581395348837 0.059166666666666666 0.04876219054763691
1 0.685 0.07464366091522881 0.05416666666666667 0.04576144036009002
0 0.75 0.800450112528132 0.03916666666666667 0.030007501875468866
0 0.68 0.16804201050262565 0.050833333333333335 0.03675918979744936
1 0.55375 0.22993248312078018 0.043333333333333335 0.04426106526631658
1 0.36541666666666667 0.11252813203300825 0.05 0.0450112528132033
1 0.6395833333333333 0.5813953488372093 0.04 0.03975993998499625
1 0.7583333333333333 0.7745686421605401 0.035833333333333335 0.030007501875468866
0 0.9475 0.621530382595649 0.03833333333333333 0.0345086271567892
1 0.8358333333333333 0.6845461365341335 0.06833333333333333 0.046511627906976744
1 0.5891666666666666 0.14928732183045762 0.056666666666666664 0.04126031507876969
0 0.7945833333333333 0.7854463615903976 0.03666666666666667 0.02625656414103526
1 0.55 0.18042010502625658 0.049166666666666664 0.05026256564141035
0 0.2733333333333333 0.14253563390847712 0.0475 0.047261815453863466
1 0.35625 0.7498124531132783 0.055 0.0450112528132033
0 0.7904166666666667 0.7633158289572393 0.03666666666666667 0.028507126781695424
1 0.6095833333333334 0.5975243810952738 0.04083333333333333 0.029257314328582147
1 0.58875 0.6294073518379595 0.04666666666666667 0.05101275318829707
1 0.31875 0.599774943735934 0.028333333333333332 0.02700675168792198
0 0.88 0.6282820705176294 0.03666666666666667 0.03225806451612903
1 0.6475 0.36196549137284323 0.06333333333333334 0.04051012753188297
1 0.7154166666666667 0.16016504126031508 0.0375 0.046511627906976744
0 0.8208333333333333 0.8165791447861965 0.03916666666666667 0.02625656414103526
1 0.33166666666666667 0.011252813203300824 0.06416666666666666 0.02250562640660165
0 0.85 0.7475618904726181 0.041666666666666664 0.03075768942235559
0 0.2970833333333333 0.05476369092273068 0.034166666666666665 0.028507126781695424
1 0.42083333333333334 0.6631657914478619 0.03333333333333333 0.033008252063015754
1 0.7045833333333333 0.11140285071267816 0.035833333333333335 0.037509377344336084
1 0.9341666666666667 0.5866466616654163 0.04583333333333333 0.04576144036009002
0 0.8208333333333333 0.7966991747936985 0.035833333333333335 0.02700675168792198
1 0.2925 0.10765191297824456 0.059166666666666666 0.03375843960990248
0 0.735 0.23143285821455364 0.03916666666666667 0.033008252063015754
1 0.40125 0.0795198799699925 0.03916666666666667 0.04801200300075019
0 0.7641666666666667 0.7475618904726181 0.03166666666666667 0.02700675168792198
0 0.3616666666666667 0.21192798199549887 0.04083333333333333 0.04576144036009002
1 0.4191666666666667 0.641410352588147 0.0275 0.025506376594148537
1 0.8670833333333333 0.6575393848462115 0.030833333333333334 0.033008252063015754
0 0.63375 0.1706676669167292 0.04416666666666667 0.03375843960990248
1 0.3440916666666667 0.1465941485371343 0.04090833333333334 0.0353563390847712
0 0.26200833333333334 0.43224306076519126 0.036041666666666666 0.025708927231807954
