1 0.15583333333333332 0.43210802700675166 0.06416666666666666 0.05101275318829707
1 0.24125 0.6916729182295573 0.0575 0.056264066016504126
1 0.21958333333333332 0.6305326331582896 0.059166666666666666 0.0555138784696174
1 0.69 0.30307576894223553 0.09166666666666666 0.07801950487621906
1 0.7679166666666667 0.45236309077269315 0.09833333333333333 0.08702175543885972
0 0.17791666666666667 0.4748687171792948 0.065 0.05476369092273068
1 0.8970833333333333 0.6057764441110277 0.0875 0.05401350337584396
0 0.8329166666666666 0.31357839459864967 0.035833333333333335 0.029257314328582147
1 0.7004166666666667 0.5093773443360841 0.1125 0.0795198799699925
1 0.2 0.6699174793698425 0.04 0.04051012753188297
0 0.9654166666666667 0.5525131282820706 0.04833333333333333 0.04801200300075019
1 0.8391666666666666 0.4576144036009002 0.06416666666666666 0.0900225056264066
1 0.25333333333333335 0.7325581395348837 0.03916666666666667 0.03600900225056264
1 0.63 0.32408102025506375 0.058333333333333334 0.04126031507876969
1 0.8035333333333333 0.5118829707426857 0.09400833333333333 0.09599399849962491
1 0.77 0.27644411102775696 0.08 0.06301575393848462
1 0.7395833333333334 0.2929482370592648 0.06333333333333334 0.0555138784696174
1 0.4741666666666667 0.554013503375844 0.05 0.04276069017254314
1 0.6741666666666667 0.47861965491372843 0.06166666666666667 0.046511627906976744
0 0.646725 0.4392348087021755 0.05 0.05026256564141035
0 0.7001166666666666 0.400112528132033 0.07666666666666666 0.06526631657914479
1 0.8745833333333334 0.31657914478619653 0.05333333333333334 0.051762940735183796
1 0.3325 0.5476369092273068 0.035833333333333335 0.03975993998499625
0 0.17583333333333334 0.5165041260315079 0.05 0.042010502625656414
1 0.6966666666666667 0.3529632408102025 0.0625 0.04876219054763691
1 0.02666666666666667 0.4924981245311328 0.049166666666666664 0.04951237809452363
1 0.4766666666666667 0.5873968492123031 0.03333333333333333 0.03375843960990248
1 0.7716666666666666 0.37209302325581395 0.11166666666666666 0.08327081770442611
0 0.8538583333333334 0.28987996999249815 0.025625 0.026399099774943733
1 0.12916666666666668 0.40172543135783945 0.03916666666666667 0.04426106526631658
0 0.5045833333333334 0.6432858214553638 0.055 0.04876219054763691
1 0.6266666666666667 0.46886721680420107 0.04833333333333333 0.060765191297824456
1 0.5016666666666667 0.6069017254313578 0.050833333333333335 0.03825956489122281
1 0.57875 0.13840960240060016 0.0475 0.035258814703675916
0 0.12916666666666668 0.7243060765191298 0.04 0.04126031507876969
1 0.5354166666666667 0.5885221305326331 0.034166666666666665 0.03900975243810953
0 0.011666666666666667 0.6759189797449362 0.023333333333333334 0.035258814703675916
1 0.54875 0.14816204051012752 0.04416666666666667 0.03900975243810953
1 0.21416666666666667 0.39047261815453865 0.024166666666666666 0.025506376594148537
1 0.695 0.07689422355588897 0.028333333333333332 0.024756189047261814
1 0.9270833333333334 0.5682670667666917 0.049166666666666664 0.05101275318829707
1 0.7770833333333333 0.3150787696924231 0.07166666666666667 0.05401350337584396
1 0.6779666666666666 0.23363090772693174 0.048091666666666665 0.05101275318829707
1 0.42415833333333336 0.7028882220555139 0.0575 0.056264066016504126
1 0.6741666666666667 0.47861965491372843 0.06166666666666667 0.046511627906976744
1 0.34560833333333335 0.5187246811702926 0.035833333333333335 0.03975993998499625
0 0.6885 0.4386046511627907 0.03950833333333333 0.037291822955738935
0 0.832875 0.2763015753938485 0.037425 0.03348087021755439
0 0.5635833333333333 0.6733833458364591 0.045825000000000005 0.035776444111027754
0 0.22554166666666664 0.7231282820705176 0.034758333333333336 0.0353563390847712
0 0.021500000000000002 0.5537659414853713 0.023333333333333334 0.035258814703675916
1 0.6505833333333334 0.08280570142535633 0.028333333333333332 0.024756189047261814
0 0.7099500000000001 0.032243060765191296 0.02610833333333333 0.02518379594898725
0 0.7254 0.05427606901725431 0.029966666666666666 0.024913728432108026
0 0.09774166666666667 0.2099099774943736 0.06330833333333333 0.051125281320330083
0 0.078875 0.2457239309827457 0.06345833333333334 0.0395198799699925
0 0.21664166666666668 0.23795198799699924 0.06313333333333333 0.04852963240810202
0 0.13495 0.264688672168042 0.060425000000000006 0.05288822205551388
