1 0.8825 0.2948237059264816 0.0525 0.04276069017254314
1 0.38666666666666666 0.1781695423855964 0.04 0.03675918979744936
1 0.9733333333333334 0.12790697674418605 0.021666666666666667 0.019504876219054765
1 0.7754166666666666 0.3439609902475619 0.035 0.033008252063015754
0 0.9775 0.7153038259564891 0.029166666666666667 0.03075768942235559
1 0.5870833333333333 0.21117779444861215 0.020833333333333332 0.019504876219054765
0 0.4708333333333333 0.07051762940735183 0.043333333333333335 0.03675918979744936
0 0.42833333333333334 0.04463615903975994 0.04 0.03150787696924231
1 0.49416666666666664 0.18342085521380344 0.03666666666666667 0.037509377344336084
0 0.34708333333333335 0.055138784696174045 0.035833333333333335 0.033008252063015754
0 0.42916666666666664 0.11365341335333834 0.03666666666666667 0.033008252063015754
0 0.39208333333333334 0.046511627906976744 0.03666666666666667 0.029257314328582147
0 0.9466666666666667 0.722430607651913 0.035 0.03075768942235559
1 0.9570833333333333 0.12490622655663916 0.016666666666666666 0.01800450112528132
0 0.42916666666666664 0.07426856714178545 0.03833333333333333 0.03150787696924231
0 0.46708333333333335 0.10165041260315079 0.043333333333333335 0.0345086271567892
0 0.44083333333333335 0.20667666916729183 0.03333333333333333 0.030007501875468866
1 0.4385083333333334 0.35983495873968496 0.017558333333333332 0.012955738934733682
1 0.44916666666666666 0.34921230307576895 0.019166666666666665 0.01800450112528132
1 0.8045833333333333 0.11515378844711177 0.029166666666666667 0.02175543885971493
1 0.9433333333333334 0.1380345086271568 0.021666666666666667 0.018754688672168042
1 0.94375 0.12228057014253563 0.021666666666666667 0.01800450112528132
1 0.6041666666666666 0.20967741935483872 0.02 0.0172543135783946
0 0.45375 0.17891972993248312 0.03833333333333333 0.029257314328582147
1 0.9304166666666667 0.12790697674418605 0.0175 0.0172543135783946
0 0.42625 0.3563390847711928 0.015833333333333335 0.014253563390847712
0 0.46208333333333335 0.050637659414853715 0.03 0.021005251312828207
0 0.41375 0.3454613653413353 0.0175 0.014253563390847712
1 0.7216666666666667 0.006376594148537134 0.0225 0.012753188297074268
0 0.20475 0.02783945986496624 0.05114166666666666 0.039294823705926483
0 0.9577999999999999 0.7037509377344336 0.028175000000000002 0.016024006001500373
0 0.9613333333333333 0.6824156039009752 0.026241666666666667 0.030022505626406605
0 0.9193250000000001 0.6590022505626407 0.027025 0.025978994748687173
0 0.989975 0.7071642910727681 0.0193 0.023998499624906227
0 0.53935 0.23357839459864968 0.029266666666666663 0.019984996249062265
0 0.48150833333333326 0.2285146286571643 0.027241666666666664 0.02924981245311328
1 0.44173333333333337 0.3397524381095274 0.015883333333333333 0.012640660165041262
0 0.5812583333333333 0.31138034508627155 0.037125 0.027209302325581396
0 0.57715 0.3421980495123781 0.03556666666666666 0.03189797449362341
0 0.4452916666666667 0.6028882220555138 0.041 0.031387846961740434
