1 0.9341864716636198 0.4551809210526316 0.029250457038391225 0.028782894736842105
1 0.4108775137111517 0.59375 0.03656307129798903 0.028782894736842105
1 0.886654478976234 0.45723684210526316 0.027422303473491772 0.02549342105263158
1 0.03884826325411334 0.640625 0.03656307129798903 0.02549342105263158
1 0.08775137111517367 0.602796052631579 0.03473491773308958 0.03289473684210526
1 0.3797989031078611 0.6973684210526315 0.031078610603290677 0.027960526315789474
1 0.5553016453382084 0.7080592105263158 0.0283363802559415 0.023848684210526317
1 0.5022851919561243 0.759046052631579 0.027422303473491772 0.02631578947368421
1 0.31444241316270566 0.7837171052631579 0.037477148080438755 0.03700657894736842
1 0.41316270566727603 0.6480263157894737 0.0283363802559415 0.02631578947368421
1 0.8560329067641682 0.5020559210526315 0.031992687385740404 0.029605263157894735
1 0.11106032906764168 0.579358552631579 0.03656307129798903 0.027960526315789474
1 0.050274223034734916 0.6233552631578947 0.03016453382084095 0.024671052631578948
1 0.8779707495429616 0.5505756578947368 0.031992687385740404 0.027960526315789474
1 0.03336380255941499 0.6636513157894737 0.033820840950639856 0.027138157894736843
1 0.3491773308957952 0.701891447368421 0.025594149908592323 0.023848684210526317
1 0.8528336380255942 0.4708059210526316 0.0283363802559415 0.024671052631578948
1 0.5141681901279708 0.6196546052631579 0.022851919561243144 0.02055921052631579
1 0.8423217550274223 0.5291940789473685 0.03016453382084095 0.027960526315789474
1 0.9337294332723949 0.5172697368421053 0.025594149908592323 0.022203947368421052
1 0.2893053016453382 0.7689144736842105 0.03290676416819013 0.03125
0 0.916819012797075 0.43914473684210525 0.025594149908592323 0.023026315789473683
1 0.523308957952468 0.6324013157894737 0.025594149908592323 0.02138157894736842
1 0.44789762340036565 0.6291118421052632 0.027422303473491772 0.022203947368421052
1 0.9213893967093236 0.48848684210526316 0.031078610603290677 0.027960526315789474
1 0.40493601462522855 0.7117598684210527 0.03473491773308958 0.032072368421052634
1 0.9181901279707495 0.5682565789473685 0.031078610603290677 0.027138157894736843
1 0.906764168190128 0.47245065789473684 0.03016453382084095 0.024671052631578948
1 0.38254113345521024 0.6710526315789473 0.031078610603290677 0.028782894736842105
1 0.943327239488117 0.9037828947368421 0.027422303473491772 0.019736842105263157
0 0.8953382084095064 0.4387335526315789 0.02102376599634369 0.018092105263157895
1 0.9419561243144424 0.9173519736842105 0.0283363802559415 0.023848684210526317
1 0.44561243144424134 0.6607730263157895 0.03473491773308958 0.027138157894736843
1 0.520109689213894 0.8326480263157895 0.02102376599634369 0.018092105263157895
1 0.4218464351005484 0.983141447368421 0.02102376599634369 0.019736842105263157
1 0.33180987202925044 0.6932565789473685 0.021937842778793418 0.02055921052631579
0 0.29250457038391225 0.9494243421052632 0.031992687385740404 0.03125
1 0.44012797074954296 0.6426809210526315 0.025594149908592323 0.023848684210526317
1 0.843235831809872 0.5900493421052632 0.02376599634369287 0.02138157894736842
1 0.34506398537477145 0.7195723684210527 0.03016453382084095 0.022203947368421052
1 0.8336380255941499 0.5723684210526315 0.021937842778793418 0.02055921052631579
1 0.5475319926873857 0.618421052631579 0.018281535648994516 0.01644736842105263
1 0.8989945155393053 0.600328947368421 0.02102376599634369 0.022203947368421052
1 0.031992687385740404 0.6837993421052632 0.033820840950639856 0.023026315789473683
1 0.8903107861060329 0.48725328947368424 0.026508226691042046 0.02631578947368421
1 0.8491773308957953 0.7475328947368421 0.02010968921389397 0.018914473684210526
0 0.353290676416819 0.6846217105263158 0.022851919561243144 0.018092105263157895
0 0.8948811700182815 0.53125 0.022851919561243144 0.018092105263157895
1 0.5712979890310786 0.6130756578947368 0.021937842778793418 0.017269736842105265
0 0.8756855575868373 0.53125 0.02102376599634369 0.014802631578947368
0 0.9319012797074955 0.537828947368421 0.025594149908592323 0.02055921052631579
0 0.906764168190128 0.5472861842105263 0.02010968921389397 0.019736842105263157
0 0.9191042047531993 0.5238486842105263 0.01736745886654479 0.014802631578947368
0 0.06581352833638025 0.5986842105263158 0.022851919561243144 0.02138157894736842
