1 0.7212065813528337 0.8244243421052632 0.031078610603290677 0.02631578947368421
1 0.35740402193784276 0.9494243421052632 0.027422303473491772 0.022203947368421052
1 0.6677330895795247 0.8696546052631579 0.031992687385740404 0.02549342105263158
1 0.8148994515539305 0.7158717105263158 0.027422303473491772 0.023026315789473683
1 0.7390310786106032 0.6229440789473685 0.031078610603290677 0.028782894736842105
1 0.44561243144424134 0.9654605263157895 0.03016453382084095 0.027960526315789474
1 0.7920475319926874 0.5259046052631579 0.031078610603290677 0.027138157894736843
1 0.7659963436928702 0.6287006578947368 0.0283363802559415 0.023026315789473683
1 0.473491773308958 0.9613486842105263 0.031992687385740404 0.028782894736842105
1 0.3921389396709324 0.9765625 0.03473491773308958 0.027960526315789474
0 0.8322669104204753 0.655016447368421 0.025594149908592323 0.023848684210526317
1 0.31855575868372943 0.6196546052631579 0.029250457038391225 0.023026315789473683
0 0.8162705667276051 0.8079769736842105 0.031078610603290677 0.023026315789473683
1 0.33638025594149906 0.9605263157894737 0.0283363802559415 0.023026315789473683
1 0.8121572212065814 0.751233552631579 0.03016453382084095 0.023026315789473683
1 0.8249542961608776 0.7380756578947368 0.03290676416819013 0.02631578947368421
0 0.6956124314442413 0.8236019736842105 0.02376599634369287 0.019736842105263157
1 0.2842778793418647 0.8186677631578947 0.027422303473491772 0.023848684210526317
1 0.8080438756855576 0.6566611842105263 0.0283363802559415 0.027138157894736843
1 0.12248628884826325 0.8194901315789473 0.04021937842778794 0.028782894736842105
1 0.7842778793418648 0.734375 0.027422303473491772 0.028782894736842105
0 0.8249542961608776 0.7709703947368421 0.027422303473491772 0.023026315789473683
1 0.8404936014625228 0.640625 0.025594149908592323 0.02138157894736842
0 0.8185557586837294 0.6381578947368421 0.0283363802559415 0.02138157894736842
0 0.6974405850091407 0.8495065789473685 0.021937842778793418 0.02138157894736842
1 0.3953382084095064 0.9555921052631579 0.027422303473491772 0.023026315789473683
0 0.27696526508226693 0.6657072368421053 0.025594149908592323 0.023848684210526317
0 0.3592321755027422 0.8404605263157895 0.0283363802559415 0.024671052631578948
0 0.7559414990859232 0.6443256578947368 0.024680073126142597 0.02055921052631579
1 0.41042047531992687 0.9572368421052632 0.025594149908592323 0.023026315789473683
0 0.7970749542961609 0.7997532894736842 0.018281535648994516 0.017269736842105265
0 0.33455210237659966 0.9424342105263158 0.02376599634369287 0.018092105263157895
1 0.37477148080438755 0.826891447368421 0.03016453382084095 0.024671052631578948
0 0.8345521023765996 0.532483552631579 0.031078610603290677 0.027960526315789474
0 0.6549360146252285 0.8478618421052632 0.033820840950639856 0.02631578947368421
1 0.26919561243144424 0.6509046052631579 0.03016453382084095 0.02055921052631579
0 0.7678244972577697 0.6620065789473685 0.02102376599634369 0.018092105263157895
0 0.629798903107861 0.8622532894736842 0.02010968921389397 0.018092105263157895
1 0.31078610603290674 0.8223684210526315 0.031078610603290677 0.027138157894736843
0 0.32769652650822667 0.6673519736842105 0.021937842778793418 0.019736842105263157
0 0.8194698354661791 0.5452302631578947 0.022851919561243144 0.02138157894736842
0 0.8098720292504571 0.7890625 0.025594149908592323 0.02055921052631579
0 0.113345521023766 0.7964638157894737 0.0283363802559415 0.022203947368421052
0 0.6992687385740403 0.993421052631579 0.019195612431444242 0.013157894736842105
0 0.3304387568555759 0.6348684210526315 0.018281535648994516 0.01644736842105263
0 0.31855575868372943 0.6533717105263158 0.019195612431444242 0.017269736842105265
0 0.676416819012797 0.8297697368421053 0.0283363802559415 0.019736842105263157
0 0.7769652650822669 0.6480263157894737 0.02376599634369287 0.02055921052631579
0 0.7952468007312614 0.8157894736842105 0.02010968921389397 0.018092105263157895
0 0.33089579524680074 0.6509046052631579 0.01736745886654479 0.018914473684210526
0 0.7349177330895795 0.6521381578947368 0.026508226691042046 0.023026315789473683
0 0.30027422303473494 0.6336348684210527 0.019195612431444242 0.017269736842105265
0 0.4506398537477148 0.9420230263157895 0.026508226691042046 0.022203947368421052
