0 0.88625 0.04426106526631658 0.030833333333333334 0.024756189047261814
1 0.6333333333333333 0.5870217554388597 0.04583333333333333 0.04126031507876969
1 0.5841666666666666 0.6519129782445612 0.0475 0.042010502625656414
1 0.8641666666666666 0.8769692423105776 0.043333333333333335 0.03225806451612903
1 0.6854166666666667 0.5735183795948987 0.0425 0.04351087771942986
1 0.28 0.5408852213053263 0.043333333333333335 0.03900975243810953
1 0.5158333333333334 0.7231807951987997 0.043333333333333335 0.033008252063015754
1 0.86375 0.9133533383345837 0.0375 0.03375843960990248
0 0.4 0.9399849962490623 0.041666666666666664 0.03600900225056264
1 0.33375 0.01387846961740435 0.0375 0.0277569392348087
1 0.25125 0.5183795948987246 0.04083333333333333 0.03825956489122281
0 0.5563083333333334 0.3806526631657915 0.030716666666666666 0.02188297074268567
1 0.8183583333333333 0.16906226556639162 0.030350000000000002 0.03308327081770443
0 0.8277916666666667 0.13777194298574644 0.031516666666666665 0.03484621155288822
0 0.84625 0.12415603900975244 0.041666666666666664 0.03375843960990248
1 0.019166666666666665 0.6177794448612153 0.034166666666666665 0.029257314328582147
0 0.9226166666666668 0.4643360840210053 0.04119166666666667 0.0381470367591898
1 0.9258333333333333 0.4264816204051013 0.0575 0.05026256564141035
1 0.5395833333333333 0.4069767441860465 0.041666666666666664 0.0345086271567892
1 0.12166666666666667 0.5097524381095274 0.0325 0.033008252063015754
0 0.18708333333333332 0.4981245311327832 0.02666666666666667 0.0277569392348087
1 0.8470833333333333 0.16804201050262565 0.035 0.035258814703675916
0 0.49875 0.17216804201050262 0.03166666666666667 0.02625656414103526
0 0.36291666666666667 0.9321080270067517 0.043333333333333335 0.03900975243810953
1 0.022916666666666665 0.5783945986496624 0.035833333333333335 0.033008252063015754
1 0.5233333333333333 0.3825956489122281 0.035 0.030007501875468866
1 0.5770833333333333 0.427231807951988 0.0425 0.03150787696924231
0 0.6666666666666666 0.6350337584396099 0.0375 0.03225806451612903
0 0.7345833333333334 0.4317329332333083 0.029166666666666667 0.02625656414103526
0 0.6254166666666666 0.04876219054763691 0.028333333333333332 0.02700675168792198
1 0.4920833333333333 0.9009752438109527 0.050833333333333335 0.03825956489122281
1 0.7270833333333333 0.26669167291822954 0.04 0.03075768942235559
1 0.6091666666666666 0.46511627906976744 0.035 0.03075768942235559
0 0.29583333333333334 0.023630907726931733 0.035 0.028507126781695424
1 0.76 0.4358589647411853 0.03 0.028507126781695424
1 0.8420833333333333 0.08327081770442611 0.03333333333333333 0.033008252063015754
1 0.5925 0.40660165041260315 0.0375 0.02700675168792198
1 0.2625 0.030007501875468866 0.0375 0.03225806451612903
1 0.8233333333333334 0.9227306826706677 0.041666666666666664 0.03825956489122281
1 0.030416666666666668 0.3285821455363841 0.03916666666666667 0.03225806451612903
1 0.31333333333333335 0.06526631657914479 0.0425 0.037509377344336084
0 0.9825 0.38147036759189795 0.035 0.037509377344336084
0 0.22375 0.5011252813203301 0.03166666666666667 0.02700675168792198
0 0.67875 0.04426106526631658 0.034166666666666665 0.029257314328582147
0 0.8895833333333333 0.02138034508627157 0.0275 0.023255813953488372
1 0.9141666666666667 0.06564141035258815 0.029166666666666667 0.030007501875468866
0 0.6 0.3469617404351088 0.03 0.025506376594148537
0 0.3095833333333333 0.046136534133533386 0.034166666666666665 0.030007501875468866
0 0.8729166666666667 0.0641410352588147 0.023333333333333334 0.021005251312828207
0 0.8920833333333333 0.6095273818454614 0.04083333333333333 0.033008252063015754
1 0.5770833333333333 0.367966991747937 0.034166666666666665 0.033008252063015754
0 0.8641666666666666 0.024756189047261814 0.029166666666666667 0.02625656414103526
1 0.2633333333333333 0.5708927231807952 0.04666666666666667 0.03900975243810953
0 0.6641666666666667 0.4508627156789197 0.0275 0.023255813953488372
1 0.84375 0.3210802700675169 0.030833333333333334 0.023255813953488372
1 0.35375 0.9733683420855214 0.035833333333333335 0.042010502625656414
0 0.5816666666666667 0.45311327831957987 0.0325 0.02700675168792198
0 0.65 0.0622655663915979 0.03 0.024756189047261814
0 0.47125 0.20517629407351837 0.035 0.028507126781695424
0 0.75375 0.4144786196549137 0.03833333333333333 0.028507126781695424
0 0.89 0.47074268567141786 0.04 0.0345086271567892
0 0.66375 0.009752438109527382 0.03166666666666667 0.019504876219054765
0 0.9591666666666666 0.4703675918979745 0.03833333333333333 0.03375843960990248
0 0.61875 0.06864216054013503 0.025833333333333333 0.02175543885971493
0 0.2175 0.47749437359339836 0.021666666666666667 0.021005251312828207
1 0.6441666666666667 0.28169542385596397 0.028333333333333332 0.021005251312828207
0 0.50625 0.5374118529632408 0.0292 0.03296324081020255
0 0.5549 0.5137359339834958 0.031566666666666666 0.02905476369092273
1 0.585 0.522880720180045 0.03 0.029257314328582147
0 0.6225 0.29519879969992496 0.030833333333333334 0.0277569392348087
0 0.6475 0.042010502625656414 0.028333333333333332 0.023255813953488372
0 0.7129166666666666 0.42198049512378094 0.025833333333333333 0.02250562640660165
0 0.8929166666666667 0.0641410352588147 0.0225 0.021005251312828207
1 0.13791666666666666 0.47861965491372843 0.0325 0.03075768942235559
1 0.7020833333333333 0.2873218304576144 0.03166666666666667 0.030007501875468866
0 0.9616666666666667 0.4399849962490623 0.0325 0.03150787696924231
1 0.61 0.5663915978994749 0.03333333333333333 0.04351087771942986
0 0.48083333333333333 0.18304576144036008 0.028333333333333332 0.02250562640660165
0 0.235 0.5483870967741935 0.034166666666666665 0.02625656414103526
0 0.20208333333333334 0.5101275318829708 0.02666666666666667 0.023255813953488372
0 0.8295833333333333 0.9512378094523631 0.035 0.025506376594148537
0 0.8120833333333334 0.06639159789947487 0.025833333333333333 0.019504876219054765
1 0.24625 0.4714928732183046 0.025 0.023255813953488372
0 0.38958333333333334 0.9133533383345837 0.03666666666666667 0.024756189047261814
0 0.5545 0.4927306826706676 0.030775 0.01837959489872468
0 0.5708333333333333 0.4703675918979745 0.02666666666666667 0.019504876219054765
1 0.28541666666666665 0.336834208552138 0.028333333333333332 0.02250562640660165
0 0.37958333333333333 0.9658664666166542 0.03666666666666667 0.0345086271567892
1 0.6433333333333333 0.02250562640660165 0.0325 0.02700675168792198
1 0.6075 0.43135783945986494 0.025 0.02625656414103526
0 0.4533333333333333 0.6297824456114028 0.02666666666666667 0.02250562640660165
0 0.5039250000000001 0.9894448612153038 0.03666666666666667 0.020255063765941484
0 0.7 0.25993998499624904 0.025833333333333333 0.02700675168792198
0 0.9575 0.39422355588897223 0.0375 0.033008252063015754
0 0.6191666666666666 0.4992498124531133 0.03166666666666667 0.029257314328582147
0 0.5091666666666667 0.24343585896474118 0.028333333333333332 0.025506376594148537
0 0.31333333333333335 0.3267066766691673 0.02666666666666667 0.023255813953488372
0 0.9091666666666667 0.03375843960990248 0.024166666666666666 0.02625656414103526
0 0.18833333333333332 0.5273818454613654 0.024166666666666666 0.021005251312828207
0 0.5595833333333333 0.45348837209302323 0.024166666666666666 0.02250562640660165
0 0.49583333333333335 0.20967741935483872 0.0275 0.02700675168792198
0 0.8345833333333333 0.025881470367591898 0.02666666666666667 0.02175543885971493
0 0.7229166666666667 0.3642160540135034 0.03166666666666667 0.02700675168792198
1 0.023508333333333332 0.4121155288822206 0.03370833333333333 0.022085521380345086
0 0.025 0.4013503375843961 0.028333333333333332 0.021005251312828207
0 0.2783333333333333 0.05813953488372093 0.03666666666666667 0.03225806451612903
0 0.36375 0.010877719429857465 0.028333333333333332 0.02175543885971493
1 0.46915 0.9898724681170292 0.05246666666666667 0.020255063765941484
0 0.725 0.041635408852213056 0.02666666666666667 0.02625656414103526
0 0.5875 0.49024756189047264 0.03916666666666667 0.03375843960990248
0 0.7 0.6121530382595649 0.03666666666666667 0.0345086271567892
0 0.9735333333333334 0.4984246061515379 0.03426666666666667 0.036886721680420106
0 0.419375 0.3124006001500375 0.030850000000000002 0.020472618154538633
0 0.47245833333333337 0.2806001500375094 0.030125 0.024223555888972244
1 0.5363 0.26557389347336835 0.030708333333333334 0.025191297824456112
0 0.6636083333333334 0.6038634658664667 0.03829166666666667 0.04312078019504876
0 0.5819583333333334 0.559662415603901 0.04008333333333333 0.03489872468117029
0 0.42323333333333335 0.7149062265566392 0.029774999999999996 0.0295423855963991
0 0.43915000000000004 0.7459639909977495 0.03595 0.029002250562640657
0 0.3624583333333333 0.560345086271568 0.032233333333333336 0.030067516879219804
0 0.26929166666666665 0.434351087771943 0.027616666666666668 0.015236309077269316
0 0.5559833333333333 0.36870967741935484 0.026141666666666667 0.020810202550637657
1 0.047641666666666665 0.602820705176294 0.03240833333333333 0.029767441860465114
