0 0.27416666666666667 0.9684921230307577 0.03 0.025506376594148537
0 0.5183333333333333 0.8019504876219055 0.0325 0.024756189047261814
0 0.28208333333333335 0.9463615903975994 0.025833333333333333 0.019504876219054765
0 0.4925 0.8158289572393098 0.03 0.02700675168792198
0 0.29875 0.9632408102025506 0.0275 0.025506376594148537
1 0.22791666666666666 0.9756189047261815 0.03166666666666667 0.024756189047261814
0 0.5195833333333333 0.8259564891222806 0.030833333333333334 0.025506376594148537
1 0.28791666666666665 0.986496624156039 0.034166666666666665 0.025506376594148537
0 0.49125 0.8394598649662416 0.029166666666666667 0.02175543885971493
0 0.25625 0.9819954988747187 0.02666666666666667 0.025506376594148537
0 0.475 0.8124531132783196 0.015 0.021005251312828207
1 0.2325 0.9936234058514629 0.03333333333333333 0.012753188297074268
