0 0.41681901279707495 0.30962171052631576 0.02376599634369287 0.018914473684210526
1 0.5009140767824497 0.7364309210526315 0.022851919561243144 0.019736842105263157
1 0.058043875685557585 0.5180921052631579 0.03473491773308958 0.027960526315789474
1 0.19789762340036562 0.6866776315789473 0.0356489945155393 0.024671052631578948
1 0.9131627056672761 0.8153782894736842 0.031992687385740404 0.023848684210526317
1 0.07586837294332724 0.4342105263157895 0.031992687385740404 0.024671052631578948
0 0.3907678244972578 0.3046875 0.022851919561243144 0.018092105263157895
1 0.4351005484460695 0.7171052631578947 0.027422303473491772 0.022203947368421052
1 0.1745886654478976 0.09498355263157894 0.02010968921389397 0.015625
1 0.48811700182815354 0.390625 0.037477148080438755 0.03125
1 0.5658135283363802 0.07154605263157894 0.0356489945155393 0.02631578947368421
1 0.283363802559415 0.2158717105263158 0.031992687385740404 0.02549342105263158
1 0.856489945155393 0.7010690789473685 0.03656307129798903 0.03289473684210526
1 0.8158135283363802 0.2294407894736842 0.038391224862888484 0.029605263157894735
1 0.7102376599634369 0.9424342105263158 0.044789762340036565 0.03125
1 0.27696526508226693 0.6278782894736842 0.029250457038391225 0.023848684210526317
1 0.48948811700182815 0.23314144736842105 0.027422303473491772 0.023026315789473683
1 0.3103290676416819 0.06537828947368421 0.021937842778793418 0.018092105263157895
0 0.8212979890310786 0.6953125 0.03290676416819013 0.02631578947368421
1 0.44561243144424134 0.49712171052631576 0.027422303473491772 0.02055921052631579
1 0.3313528336380256 0.40912828947368424 0.0283363802559415 0.024671052631578948
1 0.79981718464351 0.743421052631579 0.038391224862888484 0.03125
1 0.4031078610603291 0.9765625 0.022851919561243144 0.019736842105263157
1 0.5447897623400365 0.9259868421052632 0.027422303473491772 0.019736842105263157
0 0.7070383912248629 0.48930921052631576 0.024680073126142597 0.019736842105263157
1 0.26508226691042047 0.43914473684210525 0.031992687385740404 0.023026315789473683
1 0.6988117001828154 0.45805921052631576 0.025594149908592323 0.02138157894736842
1 0.506398537477148 0.8803453947368421 0.02376599634369287 0.018914473684210526
0 0.4977148080438757 0.5139802631578947 0.02376599634369287 0.018914473684210526
1 0.7084095063985375 0.6907894736842105 0.031078610603290677 0.02549342105263158
1 0.9314442413162706 0.03125 0.027422303473491772 0.022203947368421052
1 0.6723034734917733 0.3881578947368421 0.03016453382084095 0.02631578947368421
1 0.546617915904936 0.09662828947368421 0.031992687385740404 0.028782894736842105
1 0.6572212065813529 0.46710526315789475 0.02376599634369287 0.018914473684210526
1 0.7586837294332724 0.9251644736842105 0.026508226691042046 0.023026315789473683
1 0.24223034734917734 0.694078947368421 0.022851919561243144 0.018092105263157895
0 0.7330895795246801 0.5711348684210527 0.021937842778793418 0.017269736842105265
1 0.2623400365630713 0.6085526315789473 0.029250457038391225 0.018914473684210526
1 0.3240402193784278 0.8552631578947368 0.037477148080438755 0.028782894736842105
1 0.6485374771480804 0.061677631578947366 0.031992687385740404 0.023848684210526317
1 0.3903107861060329 0.3248355263157895 0.024680073126142597 0.02138157894736842
0 0.773308957952468 0.20230263157894737 0.031078610603290677 0.023848684210526317
0 0.5744972577696527 0.09292763157894737 0.029250457038391225 0.023848684210526317
1 0.6380255941499086 0.47820723684210525 0.026508226691042046 0.023848684210526317
1 0.8679159049360147 0.7960526315789473 0.03016453382084095 0.02549342105263158
0 0.6787020109689214 0.46175986842105265 0.021937842778793418 0.018914473684210526
1 0.43647166361974404 0.8992598684210527 0.03473491773308958 0.017269736842105265
1 0.8889396709323584 0.8322368421052632 0.031992687385740404 0.027960526315789474
1 0.6882998171846435 0.4786184210526316 0.029250457038391225 0.019736842105263157
1 0.3692870201096892 0.3125 0.02376599634369287 0.019736842105263157
1 0.6809872029250457 0.9337993421052632 0.04296160877513711 0.033717105263157895
1 0.36060329067641683 0.4058388157894737 0.025594149908592323 0.023848684210526317
1 0.6060329067641682 0.5723684210526315 0.024680073126142597 0.018914473684210526
1 0.4085923217550274 0.23848684210526316 0.0283363802559415 0.02055921052631579
1 0.4725776965265082 0.6620065789473685 0.01736745886654479 0.013980263157894737
0 0.15447897623400367 0.5501644736842105 0.026508226691042046 0.018092105263157895
1 0.1723034734917733 0.6726973684210527 0.03290676416819013 0.02549342105263158
1 0.25502742230347347 0.5933388157894737 0.024680073126142597 0.018914473684210526
1 0.9364716636197441 0.610608552631579 0.033820840950639856 0.02138157894736842
1 0.9940585009140768 0.9021381578947368 0.011882998171846435 0.023848684210526317
0 0.4716636197440585 0.5016447368421053 0.025594149908592323 0.02055921052631579
0 0.2984460694698355 0.4613486842105263 0.026508226691042046 0.02055921052631579
1 0.25045703839122485 0.7084703947368421 0.024680073126142597 0.018914473684210526
1 0.283363802559415 0.4251644736842105 0.024680073126142597 0.023026315789473683
0 0.576782449725777 0.11225328947368421 0.0283363802559415 0.019736842105263157
1 0.6316270566727605 0.10773026315789473 0.044789762340036565 0.02631578947368421
1 0.7120658135283364 0.5563322368421053 0.021937842778793418 0.018914473684210526
1 0.40722120658135286 0.7076480263157895 0.026508226691042046 0.024671052631578948
1 0.7614259597806216 0.17886513157894737 0.03473491773308958 0.027138157894736843
1 0.8212979890310786 0.2565789473684211 0.03473491773308958 0.027960526315789474
1 0.47714808043875684 0.7154605263157895 0.021937842778793418 0.018914473684210526
1 0.6115173674588665 0.08182565789473684 0.029250457038391225 0.027960526315789474
1 0.783363802559415 0.5699013157894737 0.024680073126142597 0.018092105263157895
1 0.1663619744058501 0.10855263157894737 0.019195612431444242 0.01644736842105263
1 0.6736745886654479 0.9095394736842105 0.03290676416819013 0.023026315789473683
0 0.956581352833638 0.023026315789473683 0.024680073126142597 0.02055921052631579
1 0.9579524680073126 0.821546052631579 0.026508226691042046 0.022203947368421052
1 0.9181901279707495 0.8384046052631579 0.03290676416819013 0.023848684210526317
0 0.3546617915904936 0.8499177631578947 0.027422303473491772 0.019736842105263157
0 0.46115173674588666 0.8889802631578947 0.024680073126142597 0.018914473684210526
0 0.14122486288848263 0.5666118421052632 0.02102376599634369 0.018092105263157895
1 0.7280621572212066 0.18297697368421054 0.03016453382084095 0.023848684210526317
0 0.21115173674588666 0.24958881578947367 0.021937842778793418 0.017269736842105265
1 0.783363802559415 0.953125 0.02376599634369287 0.02055921052631579
1 0.2202925045703839 0.20353618421052633 0.02010968921389397 0.018914473684210526
0 0.22943327239488118 0.24671052631578946 0.02010968921389397 0.01644736842105263
1 0.7276051188299817 0.5546875 0.018281535648994516 0.01644736842105263
1 0.5644424131627057 0.4987664473684211 0.02102376599634369 0.02138157894736842
1 0.453382084095064 0.7393092105263158 0.02376599634369287 0.018092105263157895
1 0.9396709323583181 0.011513157894736841 0.026508226691042046 0.019736842105263157
0 0.9410420475319927 0.6303453947368421 0.03290676416819013 0.023848684210526317
0 0.49177330895795246 0.7084703947368421 0.01736745886654479 0.014802631578947368
0 0.45429616087751373 0.686266447368421 0.019195612431444242 0.015625
0 0.49588665447897623 0.49712171052631576 0.021937842778793418 0.01644736842105263
0 0.30027422303473494 0.7528782894736842 0.024680073126142597 0.019736842105263157
1 0.6480804387568556 0.08388157894736842 0.03290676416819013 0.02549342105263158
1 0.7093235831809872 0.3824013157894737 0.031992687385740404 0.027138157894736843
0 0.7399451553930531 0.9243421052631579 0.021937842778793418 0.02055921052631579
1 0.46206581352833637 0.9654605263157895 0.025594149908592323 0.018914473684210526
0 0.43555758683729434 0.30304276315789475 0.019195612431444242 0.018092105263157895
1 0.6247714808043876 0.43133223684210525 0.02376599634369287 0.018914473684210526
0 0.5946069469835467 0.06661184210526316 0.026508226691042046 0.02138157894736842
0 0.7925045703839122 0.25082236842105265 0.0283363802559415 0.023026315789473683
1 0.40585009140767825 0.26480263157894735 0.024680073126142597 0.015625
1 0.8592321755027422 0.09087171052631579 0.03016453382084095 0.023848684210526317
0 0.36380255941499084 0.23026315789473684 0.02376599634369287 0.017269736842105265
1 0.9442413162705667 0.6484375 0.0356489945155393 0.022203947368421052
1 0.39259597806215724 0.2779605263157895 0.02102376599634369 0.015625
1 0.6046617915904936 0.11759868421052631 0.029250457038391225 0.027960526315789474
1 0.024680073126142597 0.6883223684210527 0.021937842778793418 0.01644736842105263
1 0.11106032906764168 0.49629934210526316 0.022851919561243144 0.019736842105263157
0 0.31672760511882997 0.8314144736842105 0.027422303473491772 0.019736842105263157
0 0.643510054844607 0.9379111842105263 0.02102376599634369 0.01644736842105263
0 0.5516453382084096 0.7841282894736842 0.031992687385740404 0.02549342105263158
1 0.9255027422303473 0.4621710526315789 0.027422303473491772 0.02549342105263158
1 0.7289762340036563 0.5863486842105263 0.02102376599634369 0.01644736842105263
1 0.4977148080438757 0.8963815789473685 0.025594149908592323 0.02138157894736842
1 0.3372943327239488 0.7158717105263158 0.019195612431444242 0.014802631578947368
0 0.45978062157221206 0.5176809210526315 0.01736745886654479 0.013980263157894737
1 0.15082266910420475 0.6603618421052632 0.024680073126142597 0.019736842105263157
0 0.2129798903107861 0.4317434210526316 0.022851919561243144 0.018092105263157895
0 0.007769652650822669 0.41776315789473684 0.015539305301645339 0.013157894736842105
1 0.6060329067641682 0.47944078947368424 0.02376599634369287 0.019736842105263157
1 0.0603290676416819 0.3745888157894737 0.019195612431444242 0.017269736842105265
0 0.034277879341864714 0.4276315789473684 0.013711151736745886 0.013157894736842105
1 0.24954296160877515 0.5538651315789473 0.01736745886654479 0.013157894736842105
0 0.7404021937842779 0.20189144736842105 0.022851919561243144 0.02055921052631579
1 0.48583180987202923 0.3589638157894737 0.031078610603290677 0.019736842105263157
1 0.6334552102376599 0.571546052631579 0.02376599634369287 0.02138157894736842
1 0.44515539305301643 0.657483552631579 0.021937842778793418 0.015625
0 0.42413162705667273 0.5563322368421053 0.016453382084095063 0.013157894736842105
1 0.976691042047532 0.44037828947368424 0.029250457038391225 0.022203947368421052
1 0.389853747714808 0.4946546052631579 0.02010968921389397 0.01644736842105263
1 0.9163619744058501 0.6278782894736842 0.021937842778793418 0.02138157894736842
1 0.9241316270566727 0.3001644736842105 0.02376599634369287 0.019736842105263157
0 0.9579524680073126 0.5485197368421053 0.031078610603290677 0.023848684210526317
0 0.8171846435100548 0.49383223684210525 0.018281535648994516 0.013157894736842105
1 0.23263254113345522 0.4284539473684211 0.018281535648994516 0.018092105263157895
1 0.5758683729433273 0.47286184210526316 0.02102376599634369 0.018092105263157895
0 0.3459780621572212 0.5148026315789473 0.021937842778793418 0.018092105263157895
1 0.16544789762340037 0.21175986842105263 0.015539305301645339 0.012335526315789474
0 0.4127056672760512 0.5102796052631579 0.02010968921389397 0.013980263157894737
0 0.027422303473491772 0.4161184210526316 0.018281535648994516 0.013980263157894737
0 0.188345521023766 0.5306003289473684 0.02330895795246801 0.022097039473684212
0 0.2071115173674589 0.5265213815789473 0.022020109689213894 0.02606907894736842
0 0.6428153564899451 0.9220065789473685 0.02376599634369287 0.01790296052631579
