1 0.08125 0.9489872468117029 0.0575 0.04801200300075019
1 0.2520833333333333 0.794073518379595 0.05416666666666667 0.03825956489122281
1 0.3779166666666667 0.7783195798949737 0.05416666666666667 0.037509377344336084
1 0.07958333333333334 0.39122280570142537 0.058333333333333334 0.04126031507876969
1 0.5433333333333333 0.10690172543135784 0.045 0.03600900225056264
1 0.89375 0.7831957989497375 0.056666666666666664 0.051762940735183796
0 0.36875 0.4144786196549137 0.035 0.03075768942235559
1 0.35208333333333336 0.23030757689422354 0.04666666666666667 0.03975993998499625
0 0.1525 0.3709677419354839 0.03833333333333333 0.03375843960990248
1 0.14083333333333334 0.33983495873968494 0.04583333333333333 0.03150787696924231
1 0.15416666666666667 0.1447861965491373 0.0275 0.018754688672168042
1 0.755 0.34433608402100524 0.043333333333333335 0.035258814703675916
1 0.5516666666666666 0.13878469617404351 0.0475 0.035258814703675916
1 0.5729166666666666 0.09339834958739685 0.043333333333333335 0.04276069017254314
1 0.7433333333333333 0.377344336084021 0.045 0.030007501875468866
1 0.28125 0.45723930982745686 0.03333333333333333 0.03375843960990248
1 0.7129166666666666 0.3555888972243061 0.04083333333333333 0.033008252063015754
1 0.5045833333333334 0.12528132033008252 0.03916666666666667 0.03150787696924231
1 0.9508333333333333 0.08927231807951988 0.03666666666666667 0.0277569392348087
0 0.14125 0.24981245311327832 0.030833333333333334 0.024006001500375095
0 0.33666666666666667 0.4174793698424606 0.035833333333333335 0.03375843960990248
0 0.11 0.3724681170292573 0.03833333333333333 0.035258814703675916
1 0.39725 0.22282070517629407 0.03784166666666666 0.04279069767441861
0 0.35291666666666666 0.010502625656414103 0.034166666666666665 0.021005251312828207
1 0.5558333333333333 0.06264066016504126 0.04083333333333333 0.03375843960990248
1 0.51875 0.08814703675918979 0.04 0.029257314328582147
1 0.7891666666666667 0.3743435858964741 0.0475 0.03375843960990248
1 0.4845833333333333 0.14703675918979744 0.03333333333333333 0.03375843960990248
0 0.18666666666666668 0.34846211552888223 0.029166666666666667 0.023255813953488372
1 0.22625 0.0172543135783946 0.023333333333333334 0.021005251312828207
0 0.375 0.019879969992498126 0.02666666666666667 0.021005251312828207
0 0.8304166666666667 0.18604651162790697 0.019166666666666665 0.015753938484621154
1 0.2608333333333333 0.004876219054763691 0.035 0.009752438109527382
1 0.5404166666666667 0.019129782445611403 0.0225 0.018754688672168042
1 0.8983333333333333 0.7475618904726181 0.04083333333333333 0.02700675168792198
1 0.8158333333333333 0.195423855963991 0.02 0.016504126031507877
1 0.08625 0.1571642910727682 0.021666666666666667 0.019504876219054765
1 0.09458333333333334 0.15078769692423105 0.025 0.0172543135783946
1 0.53375 0.05026256564141035 0.03 0.02175543885971493
1 0.5151166666666667 0.15559639909977493 0.03824166666666667 0.03478619654913728
0 0.2850916666666667 0.48834958739684925 0.04650833333333333 0.031830457614403604
0 0.4641416666666667 0.6762865716429107 0.03395833333333333 0.03231807951987997
1 0.9396083333333333 0.7783345836459115 0.03696666666666667 0.035761440360090026
1 0.9573833333333333 0.7384921230307576 0.047474999999999996 0.03610652663165791
1 0.7947333333333333 0.3442535633908477 0.04024166666666667 0.031087771942985745
