1 0.47074954296160876 0.9864309210526315 0.0356489945155393 0.027138157894736843
1 0.6087751371115173 0.3980263157894737 0.03473491773308958 0.027138157894736843
0 0.25045703839122485 0.9864309210526315 0.031078610603290677 0.02549342105263158
1 0.10603290676416818 0.9420230263157895 0.027422303473491772 0.024671052631578948
1 0.20155393053016454 0.7783717105263158 0.029250457038391225 0.02549342105263158
1 0.7673674588665448 0.9872532894736842 0.0283363802559415 0.023848684210526317
0 0.22257769652650822 0.9851973684210527 0.027422303473491772 0.027138157894736843
1 0.24314442413162707 0.9498355263157895 0.0356489945155393 0.028782894736842105
1 0.3272394881170018 0.9819078947368421 0.03473491773308958 0.029605263157894735
1 0.4264168190127971 0.8663651315789473 0.026508226691042046 0.023026315789473683
1 0.7276051188299817 0.984375 0.0283363802559415 0.028782894736842105
1 0.3829981718464351 0.9938322368421053 0.03473491773308958 0.012335526315789474
1 0.7920475319926874 0.78125 0.03016453382084095 0.027960526315789474
1 0.9840036563071298 0.8910361842105263 0.026508226691042046 0.02549342105263158
1 0.5744972577696527 0.4058388157894737 0.029250457038391225 0.024671052631578948
1 0.9140767824497258 0.9091282894736842 0.0283363802559415 0.02549342105263158
1 0.6037477148080439 0.8622532894736842 0.03473491773308958 0.027138157894736843
1 0.170018281535649 0.9646381578947368 0.033820840950639856 0.03042763157894737
0 0.1723034734917733 0.9399671052631579 0.0283363802559415 0.02549342105263158
1 0.30347349177330896 0.993421052631579 0.037477148080438755 0.013157894736842105
1 0.180073126142596 0.7944078947368421 0.037477148080438755 0.02631578947368421
1 0.7413162705667276 0.803453947368421 0.026508226691042046 0.024671052631578948
1 0.9588665447897623 0.7923519736842105 0.026508226691042046 0.02138157894736842
0 0.6526508226691042 0.7265625 0.027422303473491772 0.02055921052631579
1 0.6074040219378428 0.8396381578947368 0.029250457038391225 0.024671052631578948
1 0.9044789762340036 0.8902138157894737 0.025594149908592323 0.02138157894736842
1 0.6672760511882998 0.7701480263157895 0.022851919561243144 0.02138157894736842
1 0.6480804387568556 0.8009868421052632 0.026508226691042046 0.023848684210526317
1 0.9437842778793418 0.7351973684210527 0.031078610603290677 0.023026315789473683
1 0.16910420475319926 0.7713815789473685 0.029250457038391225 0.023848684210526317
0 0.9661791590493601 0.7738486842105263 0.02376599634369287 0.02138157894736842
1 0.43555758683729434 0.9514802631578947 0.029250457038391225 0.023848684210526317
1 0.46526508226691043 0.8803453947368421 0.022851919561243144 0.02138157894736842
1 0.4606946983546618 0.9095394736842105 0.025594149908592323 0.022203947368421052
1 0.7518281535648994 0.9712171052631579 0.026508226691042046 0.022203947368421052
0 0.6485374771480804 0.7639802631578947 0.022851919561243144 0.018914473684210526
1 0.7943327239488117 0.9243421052631579 0.029250457038391225 0.019736842105263157
0 0.27879341864716634 0.8700657894736842 0.025594149908592323 0.02138157894736842
1 0.3094149908592322 0.9761513157894737 0.0283363802559415 0.024671052631578948
1 0.07084095063985375 0.897203947368421 0.02376599634369287 0.019736842105263157
1 0.5973491773308958 0.4198190789473684 0.03016453382084095 0.027138157894736843
0 0.1969835466179159 0.9584703947368421 0.033820840950639856 0.023848684210526317
1 0.7006398537477148 0.9819078947368421 0.031078610603290677 0.027960526315789474
1 0.29341864716636196 0.8556743421052632 0.025594149908592323 0.019736842105263157
1 0.41453382084095064 0.9905427631578947 0.025594149908592323 0.018092105263157895
1 0.856489945155393 0.9144736842105263 0.02376599634369287 0.023848684210526317
0 0.19881170018281535 0.9370888157894737 0.031078610603290677 0.023848684210526317
1 0.2687385740402194 0.9580592105263158 0.025594149908592323 0.024671052631578948
1 0.5347349177330896 0.9132401315789473 0.021937842778793418 0.02055921052631579
1 0.38711151736745886 0.8597861842105263 0.025594149908592323 0.019736842105263157
1 0.443327239488117 0.8819901315789473 0.027422303473491772 0.022203947368421052
0 0.8697440585009141 0.9732730263157895 0.027422303473491772 0.023026315789473683
0 0.7458866544789763 0.7282072368421053 0.02376599634369287 0.019736842105263157
1 0.7038391224862889 0.9650493421052632 0.029250457038391225 0.017269736842105265
0 0.5703839122486288 0.8992598684210527 0.025594149908592323 0.02138157894736842
1 0.36654478976234006 0.9794407894736842 0.03290676416819013 0.027960526315789474
1 0.389853747714808 0.8988486842105263 0.027422303473491772 0.02138157894736842
1 0.6946983546617916 0.9432565789473685 0.033820840950639856 0.022203947368421052
0 0.8807129798903108 0.8963815789473685 0.026508226691042046 0.02138157894736842
1 0.39259597806215724 0.8766447368421053 0.024680073126142597 0.018914473684210526
1 0.12979890310786105 0.7635690789473685 0.029250457038391225 0.024671052631578948
0 0.3711151736745887 0.6587171052631579 0.021937842778793418 0.017269736842105265
1 0.1476234003656307 0.7808388157894737 0.027422303473491772 0.02549342105263158
0 0.7838208409506399 0.9461348684210527 0.02376599634369287 0.018914473684210526
1 0.6563071297989032 0.7458881578947368 0.029250457038391225 0.02138157894736842
1 0.1686471663619744 0.7491776315789473 0.03016453382084095 0.022203947368421052
0 0.9529250457038391 0.7183388157894737 0.02376599634369287 0.018914473684210526
0 0.8916819012797075 0.912828947368421 0.02376599634369287 0.019736842105263157
1 0.5479890310786106 0.8626644736842105 0.024680073126142597 0.02138157894736842
1 0.7728519195612431 0.9354440789473685 0.029250457038391225 0.02138157894736842
0 0.21663619744058502 0.928453947368421 0.027422303473491772 0.02549342105263158
0 0.44012797074954296 0.899671052631579 0.02102376599634369 0.018092105263157895
0 0.9730347349177331 0.7462993421052632 0.021937842778793418 0.018092105263157895
0 0.6892138939670932 0.9880756578947368 0.0283363802559415 0.022203947368421052
0 0.556672760511883 0.8807565789473685 0.024680073126142597 0.02138157894736842
1 0.193327239488117 0.7578125 0.025594149908592323 0.022203947368421052
0 0.8025594149908593 0.9547697368421053 0.02376599634369287 0.018092105263157895
0 0.623400365630713 0.9490131578947368 0.02376599634369287 0.02055921052631579
0 0.6782449725776966 0.7425986842105263 0.02102376599634369 0.02138157894736842
0 0.7669104204753199 0.7335526315789473 0.026508226691042046 0.022203947368421052
1 0.40356489945155394 0.6299342105263158 0.0283363802559415 0.02138157894736842
0 0.34277879341864714 0.9629934210526315 0.025594149908592323 0.02055921052631579
1 0.33638025594149906 0.2857730263157895 0.024680073126142597 0.017269736842105265
0 0.9245886654478976 0.9905427631578947 0.031078610603290677 0.018914473684210526
0 0.8871115173674589 0.9634046052631579 0.026508226691042046 0.02138157894736842
0 0.9817184643510055 0.7828947368421053 0.018281535648994516 0.018914473684210526
1 0.6238574040219378 0.8071546052631579 0.0283363802559415 0.024671052631578948
1 0.08683729433272395 0.8898026315789473 0.026508226691042046 0.02138157894736842
0 0.4172760511882998 0.8832236842105263 0.02010968921389397 0.017269736842105265
0 0.3921389396709324 0.6459703947368421 0.031078610603290677 0.023848684210526317
1 0.646709323583181 0.7084703947368421 0.026508226691042046 0.022203947368421052
1 0.253199268738574 0.8803453947368421 0.026508226691042046 0.022203947368421052
1 0.3587751371115174 0.9247532894736842 0.025594149908592323 0.014802631578947368
0 0.3080438756855576 0.9379111842105263 0.0283363802559415 0.02055921052631579
0 0.36060329067641683 0.9823190789473685 0.037477148080438755 0.03042763157894737
0 0.7659963436928702 0.7586348684210527 0.025594149908592323 0.02138157894736842
1 0.9373857404021938 0.7652138157894737 0.024680073126142597 0.023026315789473683
0 0.6284277879341865 0.7882401315789473 0.021937842778793418 0.019736842105263157
0 0.3583180987202925 0.6463815789473685 0.02010968921389397 0.018092105263157895
0 0.45018281535648996 0.8647203947368421 0.02376599634369287 0.018092105263157895
0 0.36060329067641683 0.5394736842105263 0.024680073126142597 0.019736842105263157
1 0.3583180987202925 0.936266447368421 0.026508226691042046 0.02138157894736842
1 0.15173674588665448 0.9066611842105263 0.02376599634369287 0.01644736842105263
0 0.79981718464351 0.8223684210526315 0.022851919561243144 0.019736842105263157
0 0.9707495429616088 0.727796052631579 0.022851919561243144 0.019736842105263157
1 0.7824497257769653 0.7569901315789473 0.021937842778793418 0.022203947368421052
1 0.5772394881170019 0.9666940789473685 0.02376599634369287 0.02138157894736842
0 0.6508226691042047 0.782483552631579 0.024680073126142597 0.018914473684210526
0 0.4172760511882998 0.9572368421052632 0.016453382084095063 0.01644736842105263
1 0.43784277879341865 0.944078947368421 0.0356489945155393 0.019736842105263157
1 0.006398537477148081 0.6517269736842105 0.012797074954296161 0.015625
