1 0.15585009140767825 0.9259868421052632 0.04661791590493602 0.04029605263157895
1 0.5585009140767825 0.501233552631579 0.03656307129798903 0.032072368421052634
1 0.5452468007312614 0.6875 0.029250457038391225 0.02549342105263158
1 0.6115173674588665 0.530016447368421 0.029250457038391225 0.02631578947368421
1 0.5607861060329068 0.5497532894736842 0.03290676416819013 0.03042763157894737
1 0.09506398537477148 0.9120065789473685 0.04204753199268738 0.03700657894736842
1 0.5214808043875686 0.6015625 0.038391224862888484 0.03042763157894737
1 0.1430530164533821 0.6385690789473685 0.03473491773308958 0.028782894736842105
1 0.5676416819012797 0.6916118421052632 0.024680073126142597 0.02631578947368421
1 0.1170018281535649 0.9263980263157895 0.03656307129798903 0.03536184210526316
1 0.113345521023766 0.65625 0.031078610603290677 0.027138157894736843
1 0.503199268738574 0.5139802631578947 0.0283363802559415 0.028782894736842105
1 0.13025594149908593 0.5830592105263158 0.0356489945155393 0.02549342105263158
1 0.1293418647166362 0.6032072368421053 0.033820840950639856 0.027138157894736843
1 0.5141681901279708 0.6402138157894737 0.037477148080438755 0.03453947368421053
1 0.546617915904936 0.5867598684210527 0.0356489945155393 0.032072368421052634
1 0.4556672760511883 0.5678453947368421 0.029250457038391225 0.023848684210526317
1 0.27010968921389394 0.21258223684210525 0.02376599634369287 0.02138157894736842
1 0.49725776965265084 0.5842927631578947 0.03290676416819013 0.03125
0 0.2861060329067642 0.22779605263157895 0.026508226691042046 0.02055921052631579
1 0.6023765996343693 0.923108552631579 0.026508226691042046 0.023848684210526317
1 0.08135283363802559 0.8782894736842105 0.044789762340036565 0.038651315789473686
1 0.2874771480804388 0.24383223684210525 0.0283363802559415 0.019736842105263157
1 0.14396709323583182 0.8939144736842105 0.037477148080438755 0.03042763157894737
0 0.5891224862888482 0.9095394736842105 0.02010968921389397 0.018092105263157895
1 0.5950639853747715 0.5415296052631579 0.02376599634369287 0.023026315789473683
1 0.13619744058500913 0.6685855263157895 0.0283363802559415 0.023026315789473683
0 0.5850091407678245 0.5106907894736842 0.022851919561243144 0.02138157894736842
1 0.1590493601462523 0.6747532894736842 0.026508226691042046 0.019736842105263157
