1 0.045 0.0690172543135784 0.0675 0.06526631657914479
1 0.04 0.12603150787696923 0.07 0.056264066016504126
1 0.3145833333333333 0.17104276069017255 0.08666666666666667 0.06601650412603151
1 0.23916666666666667 0.1695423855963991 0.06666666666666667 0.06976744186046512
1 0.01875 0.16316579144786197 0.035833333333333335 0.047261815453863466
1 0.5333333333333333 0.159039759939985 0.051666666666666666 0.046511627906976744
0 0.3958333333333333 0.1072768192048012 0.043333333333333335 0.04051012753188297
0 0.008333333333333333 0.0671417854463616 0.016666666666666666 0.035258814703675916
1 0.5075 0.020255063765941484 0.0525 0.0345086271567892
0 0.01375 0.09827456864216054 0.02666666666666667 0.03900975243810953
1 0.45 0.11665416354088522 0.055 0.03825956489122281
0 0.43534999999999996 0.18199549887471866 0.03700833333333333 0.025888972243060762
