1 0.29875 0.6147786946736684 0.0575 0.04426106526631658
1 0.4683333333333333 0.13653413353338334 0.06916666666666667 0.058514628657164294
1 0.42 0.06301575393848462 0.08166666666666667 0.07126781695423856
1 0.027083333333333334 0.9392348087021756 0.049166666666666664 0.05101275318829707
0 0.5008333333333334 0.015753938484621154 0.0625 0.03150787696924231
0 0.4791666666666667 0.04088522130532633 0.06833333333333333 0.04876219054763691
1 0.5470833333333334 0.1541635408852213 0.0625 0.05401350337584396
1 0.6675 0.37209302325581395 0.06666666666666667 0.05101275318829707
1 0.36791666666666667 0.03075768942235559 0.07416666666666667 0.058514628657164294
1 0.48333333333333334 0.07539384846211553 0.056666666666666664 0.04126031507876969
1 0.9170833333333334 0.012003000750187547 0.06416666666666666 0.024006001500375095
1 0.011666666666666667 0.01800450112528132 0.023333333333333334 0.035258814703675916
0 0.5475 0.02625656414103526 0.06166666666666667 0.051762940735183796
1 0.6204166666666666 0.3612153038259565 0.0425 0.04126031507876969
1 0.009166666666666667 0.10427606901725431 0.018333333333333333 0.0345086271567892
0 0.43125 0.15453863465866466 0.049166666666666664 0.047261815453863466
0 0.4429166666666667 0.19279819954988747 0.06 0.03975993998499625
1 0.14541666666666667 0.7153038259564891 0.03666666666666667 0.030007501875468866
1 0.69 0.3555888972243061 0.0425 0.04801200300075019
1 0.42875 0.2059264816204051 0.065 0.037509377344336084
0 0.53625 0.1005251312828207 0.04833333333333333 0.03825956489122281
1 0.53375 0.06376594148537135 0.0475 0.04051012753188297
1 0.40958333333333335 0.13953488372093023 0.04083333333333333 0.047261815453863466
1 0.19875 0.5671417854463616 0.0325 0.02175543885971493
1 0.4125 0.007501875468867217 0.049166666666666664 0.015003750937734433
1 0.9558333333333333 0.36834208552138037 0.0375 0.0345086271567892
1 0.01 0.9673668417104276 0.0175 0.037509377344336084
1 0.5904166666666667 0.40397599399849965 0.035 0.0277569392348087
0 0.5036666666666666 0.11083270817704427 0.05583333333333333 0.04882970742685672
0 0.5601 0.12325581395348838 0.045625 0.034111027756939236
0 0.4904 0.15894223555888973 0.041591666666666666 0.037426856714178544
