1 0.16208333333333333 0.16504126031507876 0.0575 0.05401350337584396
0 0.5325 0.9853713428357089 0.045 0.029257314328582147
1 0.5733333333333334 0.8975993998499625 0.051666666666666666 0.04576144036009002
1 0.06666666666666667 0.15341335333833458 0.049166666666666664 0.047261815453863466
0 0.9020833333333333 0.36834208552138037 0.025 0.02175543885971493
1 0.36333333333333334 0.9118529632408102 0.058333333333333334 0.046511627906976744
1 0.4925 0.9298574643660915 0.050833333333333335 0.0450112528132033
1 0.5925 0.9369842460615154 0.0475 0.04126031507876969
1 0.10958333333333334 0.1714178544636159 0.04833333333333333 0.03900975243810953
1 0.4920833333333333 0.8094523630907727 0.03166666666666667 0.028507126781695424
1 0.3425 0.6552888222055514 0.05583333333333333 0.04426106526631658
1 0.30416666666666664 0.859714928732183 0.04583333333333333 0.05026256564141035
0 0.40541666666666665 0.8878469617404351 0.041666666666666664 0.04276069017254314
0 0.3695833333333333 0.8728432108027007 0.04 0.033008252063015754
1 0.5204166666666666 0.21605401350337583 0.029166666666666667 0.025506376594148537
1 0.92125 0.4512378094523631 0.02666666666666667 0.024756189047261814
1 0.3333333333333333 0.8743435858964741 0.04416666666666667 0.046511627906976744
1 0.5416666666666666 0.9294823705926482 0.04583333333333333 0.037509377344336084
1 0.5054166666666666 0.195423855963991 0.023333333333333334 0.025506376594148537
0 0.8775 0.34921230307576895 0.0275 0.02250562640660165
1 0.5545833333333333 0.9591147786946737 0.0425 0.03825956489122281
1 0.5054166666666666 0.9684921230307577 0.04416666666666667 0.03375843960990248
1 0.16041666666666668 0.8469617404351087 0.034166666666666665 0.03075768942235559
1 0.8379166666666666 0.6635408852213053 0.035 0.03075768942235559
1 0.16333333333333333 0.3825956489122281 0.03 0.02700675168792198
1 0.08375 0.9913728432108027 0.03 0.0172543135783946
1 0.30791666666666667 0.6676669167291823 0.03666666666666667 0.04576144036009002
1 0.9320833333333334 0.3799699924981245 0.025 0.025506376594148537
1 0.04625 0.9939984996249063 0.030833333333333334 0.012003000750187547
1 0.3825 0.8503675918979745 0.058333333333333334 0.03669917479369843
1 0.4245833333333333 0.9062265566391597 0.035 0.03375843960990248
0 0.4979166666666667 0.8825956489122281 0.0325 0.0277569392348087
1 0.18375 0.8375843960990248 0.024166666666666666 0.024006001500375095
1 0.49166666666666664 0.9894973743435859 0.043333333333333335 0.021005251312828207
1 0.6770833333333334 0.5097524381095274 0.03166666666666667 0.02175543885971493
0 0.5416666666666666 0.22243060765191297 0.023333333333333334 0.02250562640660165
0 0.5725 0.9872468117029257 0.03916666666666667 0.025506376594148537
0 0.9208333333333333 0.37396849212303074 0.018333333333333333 0.01800450112528132
1 0.4820833333333333 0.20067516879219804 0.034166666666666665 0.028507126781695424
1 0.485 0.18342085521380344 0.03 0.01800450112528132
1 0.13541666666666666 0.3777194298574644 0.035 0.03150787696924231
1 0.5379166666666667 0.6136534133533383 0.02666666666666667 0.025506376594148537
0 0.8720833333333333 0.367966991747937 0.019166666666666665 0.0172543135783946
1 0.9429166666666666 0.4467366841710428 0.03166666666666667 0.03600900225056264
1 0.5879166666666666 0.9718679669917479 0.0325 0.029257314328582147
1 0.46208333333333335 0.2175543885971493 0.020833333333333332 0.01800450112528132
0 0.49 0.8503375843960991 0.025833333333333333 0.0277569392348087
1 0.8989999999999999 0.35163540885221306 0.026983333333333335 0.022190547636909225
0 0.9199250000000001 0.3572468117029257 0.018333333333333333 0.014216054013503376
0 0.6074666666666667 0.9142535633908477 0.0353 0.034186046511627904
0 0.6087583333333333 0.9507726931732934 0.025541666666666664 0.035483870967741936
