1 0.5641666666666667 0.21117779444861215 0.058333333333333334 0.058514628657164294
1 0.92375 0.5900225056264066 0.05333333333333334 0.0450112528132033
1 0.1325 0.722430607651913 0.0575 0.04876219054763691
1 0.29291666666666666 0.49962490622655664 0.04833333333333333 0.03900975243810953
0 0.16166666666666665 0.4414853713428357 0.0375 0.03150787696924231
0 0.5133333333333333 0.2355588897224306 0.056666666666666664 0.0450112528132033
1 0.21541666666666667 0.11290322580645161 0.05333333333333334 0.0450112528132033
1 0.4504166666666667 0.23293323330832708 0.07 0.05251312828207052
0 0.9254166666666667 0.4898724681170293 0.043333333333333335 0.03600900225056264
0 0.041666666666666664 0.6987996999249813 0.04583333333333333 0.042010502625656414
0 0.08083333333333333 0.7119279819954989 0.0475 0.04126031507876969
1 0.12375 0.5371342835708928 0.050833333333333335 0.0450112528132033
1 0.04541666666666667 0.6065266316579144 0.03333333333333333 0.028507126781695424
0 0.52125 0.08814703675918979 0.05416666666666667 0.047261815453863466
0 0.51375 0.19242310577644411 0.05333333333333334 0.046511627906976744
1 0.15583333333333332 0.3488372093023256 0.03166666666666667 0.028507126781695424
0 0.9775 0.5521380345086272 0.035833333333333335 0.03225806451612903
1 0.2708333333333333 0.09789947486871718 0.043333333333333335 0.047261815453863466
0 0.17708333333333334 0.5225056264066017 0.04 0.037509377344336084
1 0.04833333333333333 0.012753188297074268 0.05583333333333333 0.025506376594148537
0 0.08625 0.6534133533383346 0.034166666666666665 0.03225806451612903
1 0.12 0.6841710427606902 0.041666666666666664 0.03825956489122281
0 0.9533333333333334 0.5277569392348087 0.04083333333333333 0.033008252063015754
0 0.9708333333333333 0.4898724681170293 0.034166666666666665 0.03375843960990248
0 0.17416666666666666 0.3919729932483121 0.04083333333333333 0.029257314328582147
1 0.8874083333333335 0.5503975993998499 0.0349 0.04101275318829708
0 0.8979166666666667 0.5150037509377344 0.03333333333333333 0.03225806451612903
1 0.30083333333333334 0.09527381845461365 0.04583333333333333 0.056264066016504126
0 0.22458333333333333 0.33495873968492124 0.035 0.029257314328582147
1 0.12666666666666668 0.4384846211552888 0.03916666666666667 0.0345086271567892
0 0.18791666666666668 0.3574643660915229 0.03916666666666667 0.04276069017254314
0 0.14125 0.37396849212303074 0.034166666666666665 0.03150787696924231
0 0.055 0.667291822955739 0.04 0.0345086271567892
1 0.14791666666666667 0.47261815453863465 0.041666666666666664 0.02700675168792198
0 0.9670833333333333 0.5798949737434359 0.03333333333333333 0.02625656414103526
1 0.4275 0.21117779444861215 0.05583333333333333 0.047261815453863466
0 0.17208333333333334 0.3304576144036009 0.035 0.023255813953488372
0 0.18666666666666668 0.21380345086271568 0.03666666666666667 0.029257314328582147
0 0.12458333333333334 0.20892723180795197 0.035 0.0345086271567892
0 0.9433333333333334 0.5581395348837209 0.0275 0.02625656414103526
0 0.9191666666666667 0.5510127531882971 0.03 0.03225806451612903
0 0.16791666666666666 0.41597899474868716 0.030833333333333334 0.02250562640660165
1 0.014166666666666666 0.011627906976744186 0.028333333333333332 0.023255813953488372
0 0.05541666666666667 0.6354088522130532 0.0425 0.03600900225056264
0 0.9254166666666667 0.5198799699924981 0.0275 0.025506376594148537
0 0.14333333333333334 0.4036009002250563 0.029166666666666667 0.02625656414103526
0 0.28541666666666665 0.5240060015003751 0.035 0.030007501875468866
1 0.1425 0.25993998499624904 0.028333333333333332 0.030007501875468866
0 0.05458333333333333 0.7314328582145536 0.0375 0.028507126781695424
0 0.26125 0.12978244561140284 0.035833333333333335 0.024006001500375095
0 0.46166666666666667 0.18829707426856715 0.035 0.033008252063015754
1 0.11666666666666667 0.2614403600900225 0.02666666666666667 0.030007501875468866
1 0.17958333333333334 0.2929482370592648 0.0225 0.020255063765941484
0 0.19448333333333334 0.24725431357839459 0.035416666666666666 0.031305326331582894
0 0.09570833333333333 0.2340285071267817 0.03793333333333333 0.03300075018754689
0 0.15064166666666667 0.21003750937734436 0.036833333333333336 0.020202550637659415
0 0.18463333333333334 0.7036684171042761 0.025108333333333333 0.039407351837959494
0 0.27723333333333333 0.5806376594148537 0.039933333333333335 0.04239309827456864
0 0.24339999999999998 0.5970967741935483 0.03635 0.03310577644411103
0 0.26871666666666666 0.6131357839459864 0.030716666666666666 0.031410352588147034
0 0.080625 0.5586871717929482 0.040591666666666665 0.043525881470367594
0 0.04280833333333333 0.5827456864216054 0.039975 0.026916729182295575
0 0.035541666666666666 0.5593923480870218 0.04575833333333333 0.030862715678919732
0 0.9900749999999999 0.5117779444861216 0.01985 0.03834958739684921
0 0.99125 0.47696174043510875 0.017508333333333334 0.02921230307576894
1 0.9006166666666666 0.4819579894973744 0.034741666666666664 0.029354838709677422
0 0.8279916666666667 0.10223555888972242 0.03523333333333333 0.03560390097524381
0 0.9627166666666667 0.053000750187546894 0.03365 0.0431582895723931
0 0.9867833333333335 0.047636909227306824 0.026441666666666665 0.042648162040510126
