1 0.16375 0.2843210802700675 0.03833333333333333 0.03675918979744936
1 0.3858333333333333 0.1942985746436609 0.04583333333333333 0.03825956489122281
1 0.2075 0.13203300825206302 0.04583333333333333 0.0450112528132033
1 0.41041666666666665 0.3439609902475619 0.043333333333333335 0.04126031507876969
1 0.18083333333333335 0.20855213803450862 0.04583333333333333 0.03825956489122281
1 0.9204166666666667 0.3372093023255814 0.0625 0.04801200300075019
1 0.17791666666666667 0.3124531132783196 0.0375 0.03225806451612903
1 0.4583333333333333 0.3840960240060015 0.043333333333333335 0.042010502625656414
0 0.18541666666666667 0.028132033008252063 0.03916666666666667 0.035258814703675916
1 0.955 0.18229557389347337 0.051666666666666666 0.05101275318829707
1 0.17625 0.122655663915979 0.043333333333333335 0.03975993998499625
1 0.65375 0.31657914478619653 0.04083333333333333 0.03600900225056264
1 0.5429166666666667 0.2828207051762941 0.03666666666666667 0.03150787696924231
0 0.20708333333333334 0.1811702925731433 0.04 0.03375843960990248
1 0.49875 0.025881470367591898 0.04083333333333333 0.04276069017254314
0 0.39916666666666667 0.22618154538634658 0.03833333333333333 0.037509377344336084
1 0.9594749999999999 0.07333083270817704 0.05876666666666666 0.0395198799699925
1 0.9833333333333333 0.056264066016504126 0.0325 0.060765191297824456
0 0.43324166666666664 0.35855213803450864 0.033791666666666664 0.022603150787696924
1 0.4454166666666667 0.3413353338334584 0.03 0.02700675168792198
1 0.9491666666666667 0.31057764441110275 0.03833333333333333 0.04051012753188297
1 0.2225 0.22018004501125282 0.03833333333333333 0.035258814703675916
0 0.48 0.046511627906976744 0.0475 0.035258814703675916
1 0.43416666666666665 0.3919729932483121 0.035 0.033008252063015754
0 0.5473666666666667 0.016856714178544636 0.03816666666666666 0.029924981245311327
1 0.5783333333333334 0.015378844711177795 0.035 0.024006001500375095
0 0.975 0.2996999249812453 0.0325 0.0345086271567892
0 0.9725 0.15828957239309827 0.04666666666666667 0.03975993998499625
0 0.38916666666666666 0.40472618154538637 0.030833333333333334 0.03150787696924231
1 0.50875 0.3522130532633158 0.035833333333333335 0.03375843960990248
0 0.4429166666666667 0.01387846961740435 0.04083333333333333 0.0277569392348087
1 0.5220833333333333 0.030382595648912228 0.023333333333333334 0.028507126781695424
0 0.4270833333333333 0.035258814703675916 0.04416666666666667 0.033008252063015754
1 0.60375 0.3158289572393098 0.0275 0.024006001500375095
1 0.39416666666666667 0.04463615903975994 0.0325 0.03375843960990248
1 0.4791666666666667 0.25618904726181546 0.0275 0.024006001500375095
0 0.26 0.2175543885971493 0.02666666666666667 0.028507126781695424
1 0.3675 0.17291822955738934 0.019166666666666665 0.033008252063015754
0 0.18541666666666667 0.006751687921980495 0.03666666666666667 0.01350337584396099
0 0.24083333333333334 0.3735933983495874 0.02666666666666667 0.02700675168792198
1 0.5783333333333334 0.14516129032258066 0.025833333333333333 0.02175543885971493
1 0.29833333333333334 0.1436609152288072 0.021666666666666667 0.019504876219054765
0 0.16422499999999998 0.23248312078019504 0.028175000000000002 0.02156039009752438
0 0.19041666666666668 0.2348087021755439 0.028333333333333332 0.023255813953488372
1 0.20375 0.3049512378094524 0.020833333333333332 0.020255063765941484
0 0.20978333333333335 0.28070517629407354 0.023116666666666664 0.027096774193548386
1 0.23166666666666666 0.24681170292573143 0.029166666666666667 0.02700675168792198
1 0.5329166666666667 0.04838709677419355 0.025833333333333333 0.02250562640660165
0 0.225 0.16691672918229558 0.020833333333333332 0.021005251312828207
1 0.445 0.41410352588147037 0.025 0.02175543885971493
0 0.23166666666666666 0.30795198799699924 0.02666666666666667 0.02250562640660165
0 0.6196916666666666 0.3563990997749437 0.03739166666666666 0.03380345086271568
0 0.628875 0.2798424606151538 0.0328 0.03399099774943736
1 0.990875 0.20232558139534884 0.01825 0.06669917479369843
0 0.15304166666666666 0.20228057014253562 0.02763333333333333 0.034823705926481624
0 0.10805 0.23260315078769692 0.019458333333333334 0.019347336834208553
0 0.10109166666666666 0.2172018004501125 0.019183333333333333 0.021687921980495125
0 0.11125 0.21351837959489872 0.021775 0.029047261815453862
0 0.23253333333333334 0.28605401350337584 0.025708333333333333 0.024366091522880717
