1 0.09597806215722121 0.04317434210526316 0.029250457038391225 0.02549342105263158
1 0.04524680073126142 0.15254934210526316 0.03016453382084095 0.02631578947368421
1 0.0283363802559415 0.13692434210526316 0.027422303473491772 0.023848684210526317
1 0.1329981718464351 0.04194078947368421 0.026508226691042046 0.027960526315789474
1 0.21663619744058502 0.012335526315789474 0.025594149908592323 0.023026315789473683
1 0.38391224862888484 0.005345394736842105 0.0283363802559415 0.01069078947368421
1 0.11517367458866545 0.06126644736842105 0.027422303473491772 0.023026315789473683
1 0.12248628884826325 0.11924342105263158 0.03290676416819013 0.03125
1 0.9287020109689214 0.20682565789473684 0.022851919561243144 0.017269736842105265
1 0.08820840950639854 0.08429276315789473 0.03016453382084095 0.027138157894736843
1 0.14990859232175502 0.12582236842105263 0.024680073126142597 0.022203947368421052
1 0.8619744058500914 0.28618421052631576 0.02376599634369287 0.019736842105263157
1 0.1526508226691042 0.14432565789473684 0.031992687385740404 0.022203947368421052
1 0.8615173674588665 0.013569078947368422 0.02102376599634369 0.019736842105263157
1 0.7454296160877514 0.15625 0.026508226691042046 0.01644736842105263
1 0.5105118829981719 0.4263980263157895 0.033820840950639856 0.028782894736842105
1 0.7819926873857403 0.11636513157894737 0.02376599634369287 0.02055921052631579
1 0.01736745886654479 0.15254934210526316 0.025594149908592323 0.022203947368421052
1 0.6138025594149908 0.078125 0.024680073126142597 0.02138157894736842
1 0.8441499085923218 0.2709703947368421 0.02102376599634369 0.018914473684210526
1 0.08638025594149909 0.06085526315789474 0.026508226691042046 0.019736842105263157
0 0.8628884826325411 0.2680921052631579 0.019195612431444242 0.015625
1 0.5141681901279708 0.453125 0.025594149908592323 0.02138157894736842
1 0.9483546617915904 0.039473684210526314 0.016453382084095063 0.015625
1 0.8980804387568556 0.2779605263157895 0.019195612431444242 0.01644736842105263
