1 0.5991666666666666 0.7614403600900225 0.059166666666666666 0.05701425356339085
1 0.5454166666666667 0.7614403600900225 0.0625 0.058514628657164294
1 0.5766666666666667 0.7021755438859715 0.06333333333333334 0.05326331582895724
1 0.5545833333333333 0.8169542385596399 0.06 0.05401350337584396
0 0.7466666666666667 0.2981995498874719 0.0425 0.037509377344336084
0 0.6429166666666667 0.532258064516129 0.045 0.037509377344336084
1 0.46375 0.694298574643661 0.043333333333333335 0.05476369092273068
0 0.68375 0.7565641410352588 0.043333333333333335 0.04126031507876969
0 0.6516666666666666 0.7794448612153039 0.05333333333333334 0.04576144036009002
0 0.4995833333333333 0.7190547636909227 0.05416666666666667 0.0450112528132033
0 0.81875 0.2528132033008252 0.041666666666666664 0.0345086271567892
0 0.5704166666666667 0.5543885971492873 0.050833333333333335 0.04276069017254314
0 0.49541666666666667 0.6815453863465867 0.04583333333333333 0.04051012753188297
0 0.67125 0.6282820705176294 0.04 0.037509377344336084
0 0.6804166666666667 0.5442610652663166 0.03916666666666667 0.03600900225056264
0 0.6329166666666667 0.6256564141035259 0.045 0.03975993998499625
0 0.56375 0.6605401350337584 0.051666666666666666 0.04051012753188297
0 0.6456416666666667 0.31742685671417853 0.03455 0.04070517629407352
0 0.6096583333333334 0.47665416354088525 0.04295833333333333 0.024163540885221307
0 0.6129166666666667 0.45573893473368343 0.045 0.03825956489122281
1 0.4995833333333333 0.7595648912228057 0.0475 0.03900975243810953
0 0.6516666666666666 0.5641410352588146 0.0425 0.03150787696924231
0 0.68 0.3034508627156789 0.04 0.037509377344336084
0 0.5741666666666667 0.6271567891972993 0.045 0.04051012753188297
0 0.64375 0.7389347336834209 0.05333333333333334 0.04351087771942986
0 0.5695833333333333 0.5930232558139535 0.049166666666666664 0.04351087771942986
0 0.83375 0.23293323330832708 0.03333333333333333 0.0277569392348087
0 0.47458333333333336 0.8390847711927982 0.04833333333333333 0.042010502625656414
1 0.5875 0.7985746436609152 0.051666666666666666 0.042010502625656414
1 0.49291666666666667 0.8015753938484621 0.04833333333333333 0.0450112528132033
1 0.65125 0.7209302325581395 0.05 0.033008252063015754
0 0.6016666666666667 0.6012753188297074 0.043333333333333335 0.04276069017254314
1 0.611225 0.6444336084021005 0.047400000000000005 0.038664666166541635
1 0.6232166666666666 0.6794223555888972 0.056975000000000005 0.04136534133533384
1 0.5985083333333333 0.8330232558139535 0.045566666666666665 0.03813953488372093
0 0.509225 0.8651837959489872 0.03745833333333334 0.03518379594898725
0 0.5389916666666666 0.5778694673668416 0.03141666666666667 0.0377344336084021
0 0.4832 0.6482670667666917 0.044408333333333334 0.035708927231807956
0 0.6301666666666667 0.5851837959489872 0.036783333333333335 0.03820705176294074
0 0.6658333333333334 0.5916804201050263 0.03991666666666666 0.03466616654163541
0 0.684775 0.5759189797449362 0.03454166666666667 0.03974493623405851
0 0.7133583333333333 0.5876069017254313 0.03925833333333333 0.03714178544636159
0 0.6305000000000001 0.42083270817704427 0.04006666666666667 0.03762940735183796
0 0.59235 0.4358814703675919 0.04505833333333333 0.02641410352588147
0 0.6544916666666667 0.48043510877719425 0.03298333333333333 0.04115528882220555
0 0.6925833333333333 0.28308327081770446 0.034425000000000004 0.024163540885221307
0 0.6192333333333334 0.32391597899474867 0.028016666666666665 0.0350112528132033
0 0.6495166666666666 0.2850337584396099 0.044 0.026879219804951237
1 0.9346749999999999 0.14609902475618905 0.030858333333333335 0.04526631657914479
1 0.8680666666666668 0.1567741935483871 0.03401666666666667 0.02768192048012003
0 0.62875 0.0195873968492123 0.033141666666666666 0.03918229557389347
