1 0.0375 0.13090772693173294 0.03666666666666667 0.02625656414103526
0 0.3329166666666667 0.27831957989497375 0.035 0.03075768942235559
1 0.46375 0.31957989497374345 0.04416666666666667 0.03900975243810953
1 0.022916666666666665 0.21305326331582897 0.030833333333333334 0.02625656414103526
1 0.90625 0.035258814703675916 0.043333333333333335 0.04351087771942986
1 0.06208333333333333 0.11627906976744186 0.02666666666666667 0.02700675168792198
1 0.6970833333333334 0.43360840210052515 0.045 0.035258814703675916
1 0.6675 0.4054763690922731 0.0475 0.04276069017254314
1 0.38208333333333333 0.367966991747937 0.03166666666666667 0.03600900225056264
1 0.025833333333333333 0.15603900975243812 0.035833333333333335 0.03075768942235559
1 0.85625 0.07989497374343586 0.03833333333333333 0.030007501875468866
0 0.35333333333333333 0.2618154538634659 0.028333333333333332 0.02250562640660165
1 0.49833333333333335 0.24193548387096775 0.034166666666666665 0.02625656414103526
1 0.8804166666666666 0.10765191297824456 0.035833333333333335 0.04276069017254314
1 0.6533333333333333 0.43810952738184544 0.03833333333333333 0.03375843960990248
1 0.9779166666666667 0.2243060765191298 0.0225 0.019504876219054765
1 0.04625 0.59152288072018 0.028333333333333332 0.02250562640660165
1 0.5533333333333333 0.08664666166541636 0.025833333333333333 0.019504876219054765
1 0.8920833333333333 0.28169542385596397 0.019166666666666665 0.016504126031507877
1 0.011666666666666667 0.6432858214553638 0.023333333333333334 0.03075768942235559
1 0.315 0.03075768942235559 0.024166666666666666 0.021005251312828207
0 0.845675 0.3293023255813953 0.03311666666666667 0.026811702925731436
1 0.7129166666666666 0.39797449362340587 0.0375 0.03225806451612903
1 0.9245833333333333 0.35258814703675917 0.020833333333333332 0.0172543135783946
1 0.5358333333333334 0.07651912978244561 0.019166666666666665 0.016504126031507877
1 0.33375 0.01687921980495124 0.019166666666666665 0.015753938484621154
1 0.8579166666666667 0.11815453863465866 0.03916666666666667 0.03600900225056264
1 0.3425 0.2374343585896474 0.0275 0.024006001500375095
1 0.8491666666666666 0.0172543135783946 0.04833333333333333 0.0345086271567892
1 0.95375 0.2914478619654914 0.021666666666666667 0.01800450112528132
1 0.04583333333333333 0.17854463615903976 0.024166666666666666 0.02250562640660165
1 0.9679166666666666 0.28394598649662417 0.018333333333333333 0.018754688672168042
1 0.6683333333333333 0.37959489872468116 0.04416666666666667 0.025506376594148537
1 0.6395833333333333 0.40472618154538637 0.029166666666666667 0.035258814703675916
0 0.7933333333333333 0.204801200300075 0.025833333333333333 0.02700675168792198
1 0.3883333333333333 0.39647411852963244 0.024166666666666666 0.02250562640660165
0 0.8154166666666667 0.20255063765941486 0.0225 0.02250562640660165
1 0.03666666666666667 0.6384096024006002 0.02666666666666667 0.018754688672168042
1 0.34208333333333335 0.29444861215303825 0.03333333333333333 0.023255813953488372
1 0.39958333333333335 0.4036009002250563 0.03333333333333333 0.02700675168792198
1 0.8591666666666666 0.4808702175543886 0.0275 0.02700675168792198
0 0.83 0.21792948237059265 0.028333333333333332 0.024756189047261814
1 0.034583333333333334 0.0690172543135784 0.018333333333333333 0.0172543135783946
1 0.56875 0.2243060765191298 0.028333333333333332 0.02175543885971493
1 0.015 0.6759189797449362 0.0175 0.025506376594148537
1 0.87875 0.2861965491372843 0.0175 0.015003750937734433
