1 0.19208333333333333 0.28394598649662417 0.08833333333333333 0.072768192048012
1 0.22125 0.22168042010502625 0.07916666666666666 0.06976744186046512
1 0.28875 0.218304576144036 0.07583333333333334 0.06451612903225806
1 0.9741666666666666 0.3102025506376594 0.04833333333333333 0.047261815453863466
1 0.4895833333333333 0.47449362340585144 0.0725 0.060765191297824456
1 0.2725 0.32558139534883723 0.0625 0.05026256564141035
1 0.315 0.2846961740435109 0.05583333333333333 0.04351087771942986
1 0.5125 0.885596399099775 0.07583333333333334 0.06601650412603151
0 0.5575 0.39984996249062266 0.051666666666666666 0.04051012753188297
0 0.155 0.2040510127531883 0.056666666666666664 0.046511627906976744
0 0.6179166666666667 0.4722430607651913 0.0525 0.03600900225056264
1 0.9358333333333333 0.051762940735183796 0.05 0.042010502625656414
1 0.4525 0.8998499624906227 0.065 0.06676669167291822
0 0.44958333333333333 0.23068267066766693 0.0375 0.03225806451612903
1 0.034583333333333334 0.3094523630907727 0.060833333333333336 0.04951237809452363
1 0.2704166666666667 0.25468867216804203 0.058333333333333334 0.05476369092273068
1 0.2891666666666667 0.9808702175543886 0.06166666666666667 0.03675918979744936
0 0.5091666666666667 0.39309827456864216 0.05 0.0450112528132033
1 0.8304166666666667 0.18454613653413354 0.04 0.03075768942235559
1 0.5591666666666667 0.47861965491372843 0.06916666666666667 0.046511627906976744
1 0.19416666666666665 0.6676669167291823 0.055 0.04576144036009002
1 0.47583333333333333 0.4212303075768942 0.06 0.0555138784696174
1 0.4475 0.26556639159789946 0.04 0.037509377344336084
1 0.3095833333333333 0.10952738184546136 0.06833333333333333 0.04876219054763691
0 0.9683333333333334 0.38072018004501124 0.04083333333333333 0.03600900225056264
0 0.23458333333333334 0.9718679669917479 0.06 0.05251312828207052
1 0.5441666666666667 0.4392348087021755 0.0675 0.05026256564141035
1 0.1525 0.159039759939985 0.06833333333333333 0.05401350337584396
1 0.16291666666666665 0.505251312828207 0.050833333333333335 0.04126031507876969
0 0.95375 0.3390847711927982 0.03333333333333333 0.03375843960990248
1 0.29875 0.5716429107276819 0.04 0.035258814703675916
1 0.05458333333333333 0.14778694673668416 0.04416666666666667 0.03825956489122281
1 0.5629166666666666 0.3529632408102025 0.06583333333333333 0.0555138784696174
1 0.145 0.034133533383345835 0.06833333333333333 0.0555138784696174
1 0.5054166666666666 0.9298574643660915 0.058333333333333334 0.04126031507876969
1 0.18875 0.1706676669167292 0.08333333333333333 0.05251312828207052
1 0.9829166666666667 0.7284321080270068 0.03166666666666667 0.028507126781695424
1 0.5295833333333333 0.8417104276069017 0.07583333333333334 0.05476369092273068
0 0.9358333333333333 0.4587396849212303 0.04416666666666667 0.033008252063015754
1 0.3416666666666667 0.061140285071267814 0.059166666666666666 0.04801200300075019
0 0.29625 0.015003750937734433 0.058333333333333334 0.030007501875468866
0 0.26458333333333334 0.5693923480870218 0.03833333333333333 0.0345086271567892
0 0.9391666666666667 0.490622655663916 0.04416666666666667 0.03675918979744936
1 0.12208333333333334 0.22730682670667668 0.04666666666666667 0.03975993998499625
0 0.4504166666666667 0.6376594148537135 0.0475 0.04126031507876969
0 0.12791666666666668 0.27419354838709675 0.059166666666666666 0.05701425356339085
1 0.25916666666666666 0.03488372093023256 0.08416666666666667 0.06676669167291822
0 0.9845833333333334 0.41072768192048015 0.03 0.03975993998499625
0 0.9404166666666667 0.3852213053263316 0.035833333333333335 0.03225806451612903
0 0.04791666666666667 0.04351087771942986 0.0325 0.0277569392348087
0 0.4504166666666667 0.6706676669167292 0.04 0.03225806451612903
1 0.48125 0.2719429857464366 0.04083333333333333 0.03225806451612903
1 0.41875 0.20330082520630158 0.0475 0.035258814703675916
1 0.07916666666666666 0.2040510127531883 0.035833333333333335 0.03900975243810953
0 0.17041666666666666 0.23668417104276068 0.03833333333333333 0.03150787696924231
0 0.9004166666666666 0.4782445611402851 0.0325 0.03075768942235559
0 0.4382166666666667 0.9742160540135034 0.05393333333333333 0.04743435858964741
0 0.4925 0.9789947486871718 0.06 0.042010502625656414
1 0.34291666666666665 0.02250562640660165 0.0475 0.0450112528132033
1 0.845 0.7160540135033758 0.03333333333333333 0.02250562640660165
1 0.19166666666666668 0.7115528882220555 0.043333333333333335 0.037509377344336084
0 0.30833333333333335 0.47186796699174793 0.03916666666666667 0.02700675168792198
1 0.1025 0.20705176294073518 0.0425 0.03825956489122281
1 0.24833333333333332 0.5937734433608403 0.04416666666666667 0.03225806451612903
1 0.40166666666666667 0.9092273068267067 0.060833333333333336 0.06601650412603151
1 0.9933333333333333 0.35258814703675917 0.013333333333333334 0.0345086271567892
1 0.22416666666666665 0.7486871717929482 0.051666666666666666 0.04801200300075019
1 0.16958333333333334 0.31732933233308325 0.06916666666666667 0.04951237809452363
1 0.5070833333333333 0.5146286571642911 0.04666666666666667 0.03375843960990248
0 0.06291666666666666 0.014253563390847712 0.06416666666666666 0.0277569392348087
0 0.41625 0.26669167291822954 0.03333333333333333 0.028507126781695424
0 0.9075 0.40660165041260315 0.051666666666666666 0.0450112528132033
1 0.6670833333333334 0.3529632408102025 0.03166666666666667 0.03975993998499625
1 0.41833333333333333 0.8619654913728432 0.075 0.0450112528132033
1 0.9654166666666667 0.42085521380345087 0.02666666666666667 0.03150787696924231
1 0.1425 0.7483120780195048 0.09333333333333334 0.0690172543135784
1 0.065 0.06939234808702176 0.03333333333333333 0.03825956489122281
1 0.4979166666666667 0.3150787696924231 0.04583333333333333 0.035258814703675916
0 0.5575 0.9174793698424606 0.03833333333333333 0.03825956489122281
1 0.58125 0.8769692423105776 0.0375 0.04951237809452363
0 0.93375 0.359714928732183 0.04416666666666667 0.03825956489122281
0 0.2808333333333333 0.9564891222805701 0.041666666666666664 0.02700675168792198
1 0.9070833333333334 0.4069767441860465 0.049166666666666664 0.04276069017254314
0 0.16208333333333333 0.4752438109527382 0.0375 0.0277569392348087
0 0.42083333333333334 0.2385596399099775 0.0375 0.030007501875468866
1 0.016666666666666666 0.07989497374343586 0.03166666666666667 0.03975993998499625
0 0.20791666666666667 0.04088522130532633 0.041666666666666664 0.0450112528132033
