1 0.10054844606946983 0.24917763157894737 0.031078610603290677 0.03125
1 0.5521023765996343 0.31085526315789475 0.04021937842778794 0.033717105263157895
1 0.5850091407678245 0.05098684210526316 0.026508226691042046 0.024671052631578948
0 0.4117915904936015 0.15213815789473684 0.031992687385740404 0.03042763157894737
1 0.3391224862888483 0.12212171052631579 0.037477148080438755 0.029605263157894735
1 0.26828153564899454 0.09662828947368421 0.029250457038391225 0.023848684210526317
1 0.7367458866544789 0.0756578947368421 0.022851919561243144 0.02055921052631579
1 0.08683729433272395 0.6089638157894737 0.029250457038391225 0.02631578947368421
1 0.29250457038391225 0.013569078947368422 0.026508226691042046 0.024671052631578948
1 0.1206581352833638 0.16159539473684212 0.031078610603290677 0.028782894736842105
1 0.013711151736745886 0.28988486842105265 0.024680073126142597 0.029605263157894735
1 0.7440585009140768 0.2138157894736842 0.03656307129798903 0.029605263157894735
1 0.03793418647166362 0.9851973684210527 0.029250457038391225 0.027960526315789474
1 0.9684643510054844 0.39761513157894735 0.031992687385740404 0.028782894736842105
1 0.9574954296160878 0.44243421052631576 0.03473491773308958 0.029605263157894735
1 0.3670018281535649 0.5308388157894737 0.031078610603290677 0.032072368421052634
0 0.44972577696526506 0.2713815789473684 0.0283363802559415 0.027138157894736843
1 0.8139853747714808 0.46011513157894735 0.029250457038391225 0.02549342105263158
1 0.5027422303473492 0.24876644736842105 0.03656307129798903 0.032072368421052634
1 0.7399451553930531 0.3001644736842105 0.029250457038391225 0.029605263157894735
1 0.02330895795246801 0.8828125 0.031078610603290677 0.028782894736842105
1 0.9817184643510055 0.3569078947368421 0.033820840950639856 0.03125
0 0.4876599634369287 0.18544407894736842 0.0283363802559415 0.024671052631578948
1 0.7349177330895795 0.11307565789473684 0.026508226691042046 0.023026315789473683
1 0.015082266910420476 0.9905427631578947 0.0283363802559415 0.018914473684210526
0 0.4725776965265082 0.2611019736842105 0.031992687385740404 0.028782894736842105
1 0.055758683729433274 0.16529605263157895 0.0356489945155393 0.027138157894736843
0 0.6585923217550275 0.0390625 0.022851919561243144 0.02138157894736842
1 0.4405850091407678 0.328125 0.03016453382084095 0.028782894736842105
1 0.906764168190128 0.016036184210526317 0.027422303473491772 0.022203947368421052
1 0.06672760511882998 0.6274671052631579 0.03290676416819013 0.028782894736842105
1 0.9780621572212066 0.5160361842105263 0.031078610603290677 0.027960526315789474
1 0.3240402193784278 0.5921052631578947 0.03473491773308958 0.03042763157894737
1 0.7180073126142597 0.08552631578947369 0.022851919561243144 0.019736842105263157
1 0.7957038391224863 0.36101973684210525 0.03473491773308958 0.028782894736842105
0 0.2664533820840951 0.3902138157894737 0.027422303473491772 0.023026315789473683
1 0.28016453382084094 0.11595394736842106 0.026508226691042046 0.022203947368421052
1 0.8254113345521024 0.3046875 0.03656307129798903 0.03125
0 0.3080438756855576 0.3770559210526316 0.03016453382084095 0.02631578947368421
1 0.6727605118829981 0.05921052631578947 0.027422303473491772 0.023848684210526317
1 0.07906764168190128 0.038240131578947366 0.026508226691042046 0.023848684210526317
1 0.7591407678244972 0.1069078947368421 0.026508226691042046 0.023848684210526317
1 0.0283363802559415 0.20106907894736842 0.03290676416819013 0.03700657894736842
1 0.8391224862888482 0.4576480263157895 0.029250457038391225 0.028782894736842105
1 0.12202925045703839 0.06044407894736842 0.025594149908592323 0.02138157894736842
0 0.46617915904936014 0.171875 0.03290676416819013 0.02631578947368421
1 0.350091407678245 0.5513980263157895 0.03473491773308958 0.027960526315789474
1 0.8148994515539305 0.031661184210526314 0.026508226691042046 0.022203947368421052
1 0.6288848263254113 0.06126644736842105 0.02376599634369287 0.02055921052631579
1 0.30210237659963435 0.07976973684210527 0.026508226691042046 0.022203947368421052
1 0.6416819012797075 0.09087171052631579 0.022851919561243144 0.022203947368421052
1 0.06809872029250456 0.09868421052631579 0.029250457038391225 0.027960526315789474
1 0.07998171846435101 0.21792763157894737 0.024680073126142597 0.02549342105263158
1 0.06627056672760512 0.06332236842105263 0.031992687385740404 0.02549342105263158
0 0.376599634369287 0.6936677631578947 0.025594149908592323 0.02549342105263158
1 0.9181901279707495 0.4185855263157895 0.03656307129798903 0.03453947368421053
0 0.35740402193784276 0.7068256578947368 0.0283363802559415 0.023848684210526317
1 0.15996343692870202 0.16282894736842105 0.024680073126142597 0.022203947368421052
1 0.26508226691042047 0.140625 0.031992687385740404 0.03042763157894737
0 0.47486288848263253 0.08922697368421052 0.029250457038391225 0.023848684210526317
0 0.6416819012797075 0.04276315789473684 0.02376599634369287 0.022203947368421052
0 0.6238574040219378 0.171875 0.038391224862888484 0.03125
1 0.9853747714808044 0.10320723684210527 0.02376599634369287 0.02055921052631579
1 0.09506398537477148 0.9099506578947368 0.03290676416819013 0.029605263157894735
1 0.04021937842778794 0.9017269736842105 0.031078610603290677 0.029605263157894735
1 0.0356489945155393 0.27960526315789475 0.025594149908592323 0.02549342105263158
1 0.49314442413162707 0.054276315789473686 0.027422303473491772 0.019736842105263157
0 0.28153564899451555 0.05879934210526316 0.02102376599634369 0.02055921052631579
1 0.8912248628884827 0.02919407894736842 0.026508226691042046 0.02138157894736842
0 0.8747714808043876 0.2709703947368421 0.03930530164533821 0.033717105263157895
1 0.783363802559415 0.007401315789473684 0.0283363802559415 0.014802631578947368
1 0.06398537477148081 0.21217105263157895 0.027422303473491772 0.02549342105263158
1 0.29890310786106034 0.0990953947368421 0.0283363802559415 0.02549342105263158
1 0.6988117001828154 0.021792763157894735 0.0283363802559415 0.02549342105263158
1 0.5447897623400365 0.2824835526315789 0.044789762340036565 0.029605263157894735
1 0.9446983546617916 0.40789473684210525 0.025594149908592323 0.02631578947368421
1 0.7157221206581352 0.38199013157894735 0.03473491773308958 0.029605263157894735
0 0.6211151736745887 0.07853618421052631 0.02376599634369287 0.018914473684210526
1 0.8295246800731262 0.3569078947368421 0.029250457038391225 0.02549342105263158
0 0.8898537477148081 0.30550986842105265 0.03473491773308958 0.03042763157894737
1 0.36654478976234006 0.16735197368421054 0.025594149908592323 0.022203947368421052
0 0.3880255941499086 0.15953947368421054 0.026508226691042046 0.02549342105263158
1 0.09323583180987204 0.10115131578947369 0.024680073126142597 0.022203947368421052
1 0.7431444241316271 0.0069901315789473685 0.031992687385740404 0.013980263157894737
1 0.028793418647166363 0.30098684210526316 0.024680073126142597 0.02138157894736842
1 0.606489945155393 0.09457236842105263 0.019195612431444242 0.023026315789473683
1 0.12248628884826325 0.09703947368421052 0.031992687385740404 0.03125
1 0.8505484460694699 0.2948190789473684 0.031078610603290677 0.03289473684210526
0 0.04936014625228519 0.22861842105263158 0.024680073126142597 0.022203947368421052
1 0.10831809872029251 0.046463815789473686 0.026508226691042046 0.02138157894736842
0 0.4826325411334552 0.28536184210526316 0.03473491773308958 0.029605263157894735
1 0.5260511882998172 0.3569078947368421 0.031078610603290677 0.03289473684210526
1 0.13939670932358317 0.07319078947368421 0.024680073126142597 0.019736842105263157
1 0.12751371115173674 0.9136513157894737 0.03290676416819013 0.02631578947368421
1 0.8313528336380256 0.2631578947368421 0.03930530164533821 0.027138157894736843
1 0.06535648994515539 0.2450657894736842 0.02376599634369287 0.022203947368421052
1 0.13985374771480805 0.7775493421052632 0.029250457038391225 0.027138157894736843
1 0.486745886654479 0.039473684210526314 0.019195612431444242 0.017269736842105265
0 0.3290676416819013 0.46504934210526316 0.029250457038391225 0.023848684210526317
0 0.7609689213893968 0.2857730263157895 0.038391224862888484 0.03289473684210526
1 0.19424131627056673 0.006578947368421052 0.031078610603290677 0.013157894736842105
0 0.43007312614259596 0.08100328947368421 0.022851919561243144 0.02055921052631579
0 0.5429616087751371 0.21546052631578946 0.027422303473491772 0.023848684210526317
0 0.529707495429616 0.18503289473684212 0.031992687385740404 0.02631578947368421
0 0.340036563071298 0.5748355263157895 0.03016453382084095 0.024671052631578948
0 0.8354661791590493 0.23766447368421054 0.03290676416819013 0.027138157894736843
1 0.676416819012797 0.08018092105263158 0.021937842778793418 0.02055921052631579
1 0.09095063985374771 0.05674342105263158 0.026508226691042046 0.023026315789473683
0 0.26188299817184646 0.06085526315789474 0.02102376599634369 0.02138157894736842
1 0.22074954296160879 0.18133223684210525 0.024680073126142597 0.02055921052631579
0 0.5077696526508226 0.20065789473684212 0.031992687385740404 0.023848684210526317
0 0.32084095063985374 0.5037006578947368 0.02102376599634369 0.02138157894736842
0 0.34643510054844606 0.15871710526315788 0.024680073126142597 0.02138157894736842
0 0.6142595978062158 0.0390625 0.024680073126142597 0.019736842105263157
0 0.30255941499085925 0.054276315789473686 0.025594149908592323 0.023026315789473683
1 0.4753199268738574 0.14967105263157895 0.027422303473491772 0.019736842105263157
0 0.4579524680073126 0.07606907894736842 0.025594149908592323 0.02055921052631579
1 0.9346435100548446 0.4449013157894737 0.026508226691042046 0.02631578947368421
0 0.05621572212065813 0.6036184210526315 0.026508226691042046 0.023848684210526317
1 0.6156307129798904 0.007401315789473684 0.03016453382084095 0.014802631578947368
0 0.8021023765996343 0.27754934210526316 0.03016453382084095 0.027960526315789474
1 0.0850091407678245 0.07442434210526316 0.027422303473491772 0.02631578947368421
0 0.5635283363802559 0.22861842105263158 0.03016453382084095 0.027960526315789474
0 0.010054844606946984 0.22080592105263158 0.02010968921389397 0.022203947368421052
0 0.29250457038391225 0.39432565789473684 0.025594149908592323 0.024671052631578948
0 0.7925045703839122 0.44942434210526316 0.022851919561243144 0.02055921052631579
1 0.5036563071297989 0.3536184210526316 0.03016453382084095 0.03618421052631579
0 0.4670932358318099 0.3314144736842105 0.027422303473491772 0.024671052631578948
1 0.36517367458866545 0.6632401315789473 0.026508226691042046 0.022203947368421052
1 0.14396709323583182 0.08922697368421052 0.022851919561243144 0.023026315789473683
0 0.0763254113345521 0.26151315789473684 0.025594149908592323 0.02055921052631579
1 0.12797074954296161 0.9370888157894737 0.03290676416819013 0.028782894736842105
0 0.34643510054844606 0.44243421052631576 0.022851919561243144 0.024671052631578948
1 0.9926873857404022 0.5361842105263158 0.014625228519195612 0.03125
0 0.463436928702011 0.19695723684210525 0.03016453382084095 0.024671052631578948
1 0.9926873857404022 0.5041118421052632 0.014625228519195612 0.03289473684210526
0 0.6238574040219378 0.09745065789473684 0.024680073126142597 0.02138157894736842
0 0.8002742230347349 0.12171052631578948 0.029250457038391225 0.02138157894736842
0 0.041590493601462525 0.24835526315789475 0.024680073126142597 0.022203947368421052
1 0.7152650822669104 0.24095394736842105 0.03016453382084095 0.02631578947368421
0 0.7993601462522852 0.08552631578947369 0.0283363802559415 0.023848684210526317
0 0.5708409506398537 0.18996710526315788 0.03016453382084095 0.02549342105263158
1 0.5109689213893968 0.22409539473684212 0.031992687385740404 0.027138157894736843
0 0.44424131627056673 0.12047697368421052 0.021937842778793418 0.018092105263157895
1 0.8784277879341865 0.01274671052631579 0.021937842778793418 0.02055921052631579
1 0.6741316270566727 0.011513157894736841 0.025594149908592323 0.02055921052631579
0 0.6101462522851919 0.05016447368421053 0.025594149908592323 0.023848684210526317
1 0.8126142595978062 0.052220394736842105 0.02010968921389397 0.018092105263157895
1 0.17687385740402195 0.12952302631578946 0.02376599634369287 0.018092105263157895
1 0.7659963436928702 0.3203125 0.03473491773308958 0.02549342105263158
0 0.453382084095064 0.23972039473684212 0.0356489945155393 0.02549342105263158
0 0.7554844606946983 0.13116776315789475 0.03016453382084095 0.023026315789473683
0 0.35283363802559414 0.6825657894736842 0.03290676416819013 0.027960526315789474
1 0.4369287020109689 0.21011513157894737 0.027422303473491772 0.023848684210526317
0 0.5539305301645339 0.3548519736842105 0.025594149908592323 0.02138157894736842
1 0.44012797074954296 0.1924342105263158 0.022851919561243144 0.02055921052631579
0 0.329981718464351 0.6936677631578947 0.031078610603290677 0.03042763157894737
1 0.17413162705667276 0.15172697368421054 0.018281535648994516 0.015625
1 0.723491773308958 0.014802631578947368 0.026508226691042046 0.024671052631578948
1 0.3797989031078611 0.6546052631578947 0.019195612431444242 0.019736842105263157
1 0.629798903107861 0.1953125 0.03290676416819013 0.024671052631578948
1 0.7774223034734917 0.25863486842105265 0.0356489945155393 0.029605263157894735
1 0.24817184643510054 0.06373355263157894 0.018281535648994516 0.023026315789473683
0 0.45749542961608775 0.031661184210526314 0.02376599634369287 0.02138157894736842
1 0.8222120658135283 0.4399671052631579 0.025594149908592323 0.018914473684210526
1 0.7248628884826326 0.45600328947368424 0.021937842778793418 0.02055921052631579
1 0.2687385740402194 0.013157894736842105 0.024680073126142597 0.022203947368421052
0 0.35420475319926875 0.13980263157894737 0.0283363802559415 0.022203947368421052
0 0.10923217550274222 0.07483552631578948 0.024680073126142597 0.023848684210526317
1 0.06307129798903108 0.8992598684210527 0.027422303473491772 0.032072368421052634
0 0.2573126142595978 0.4083059210526316 0.027422303473491772 0.023848684210526317
0 0.2961608775137112 0.5135690789473685 0.0283363802559415 0.02055921052631579
0 0.46846435100548445 0.10238486842105263 0.029250457038391225 0.02138157894736842
1 0.6010054844606947 0.06907894736842106 0.022851919561243144 0.02138157894736842
0 0.33226691042047535 0.4387335526315789 0.027422303473491772 0.028782894736842105
0 0.45109689213893966 0.13692434210526316 0.021937842778793418 0.018914473684210526
1 0.9899451553930531 0.09703947368421052 0.02010968921389397 0.023026315789473683
0 0.3103290676416819 0.6932565789473685 0.01736745886654479 0.023026315789473683
1 0.81672760511883 0.3745888157894737 0.026508226691042046 0.022203947368421052
1 0.03336380255941499 0.2689144736842105 0.027422303473491772 0.022203947368421052
1 0.9428702010968921 0.328125 0.025594149908592323 0.02631578947368421
1 0.6590493601462523 0.08675986842105263 0.02010968921389397 0.018914473684210526
1 0.07175502742230347 0.21546052631578946 0.026508226691042046 0.027960526315789474
0 0.783363802559415 0.13733552631578946 0.024680073126142597 0.02138157894736842
1 0.45612431444241314 0.34745065789473684 0.027422303473491772 0.018092105263157895
1 0.30210237659963435 0.1225328947368421 0.02376599634369287 0.01644736842105263
0 0.007312614259597806 0.12746710526315788 0.014625228519195612 0.023848684210526317
1 0.4108775137111517 0.17886513157894737 0.031078610603290677 0.02631578947368421
