1 0.979890310786106 0.2870065789473684 0.031078610603290677 0.024671052631578948
1 0.7490859232175503 0.40707236842105265 0.02376599634369287 0.02138157894736842
1 0.5374771480804388 0.9893092105263158 0.031992687385740404 0.02138157894736842
1 0.1206581352833638 0.7240953947368421 0.031992687385740404 0.02631578947368421
1 0.7225776965265083 0.6681743421052632 0.033820840950639856 0.02549342105263158
1 0.08912248628884827 0.2833059210526316 0.025594149908592323 0.019736842105263157
1 0.5996343692870201 0.7171052631578947 0.03290676416819013 0.02631578947368421
1 0.6535648994515539 0.7586348684210527 0.024680073126142597 0.022203947368421052
1 0.44789762340036565 0.9576480263157895 0.02376599634369287 0.022203947368421052
1 0.34095063985374774 0.9140625 0.0283363802559415 0.023848684210526317
1 0.7376599634369287 0.9580592105263158 0.031992687385740404 0.02549342105263158
1 0.9191042047531993 0.5805921052631579 0.03290676416819013 0.022203947368421052
1 0.24542961608775138 0.8873355263157895 0.0283363802559415 0.02055921052631579
1 0.35420475319926875 0.4740953947368421 0.026508226691042046 0.022203947368421052
1 0.5283363802559415 0.9115953947368421 0.026508226691042046 0.024671052631578948
1 0.33180987202925044 0.26973684210526316 0.033820840950639856 0.027960526315789474
1 0.2563985374771481 0.8692434210526315 0.027422303473491772 0.02631578947368421
1 0.7938756855575868 0.9259868421052632 0.025594149908592323 0.02055921052631579
1 0.7705667276051188 0.41776315789473684 0.026508226691042046 0.02055921052631579
1 0.04524680073126142 0.5197368421052632 0.02010968921389397 0.017269736842105265
1 0.8345521023765996 0.7553453947368421 0.0283363802559415 0.02138157894736842
1 0.7175502742230347 0.4144736842105263 0.027422303473491772 0.02138157894736842
1 0.8062157221206582 0.9009046052631579 0.024680073126142597 0.02138157894736842
1 0.7842778793418648 0.5086348684210527 0.026508226691042046 0.022203947368421052
1 0.7061243144424132 0.9584703947368421 0.027422303473491772 0.023026315789473683
1 0.9090493601462523 0.6052631578947368 0.03016453382084095 0.024671052631578948
1 0.7257769652650823 0.4876644736842105 0.031992687385740404 0.02631578947368421
1 0.696983546617916 0.38692434210526316 0.0283363802559415 0.02055921052631579
1 0.29981718464351004 0.9708059210526315 0.026508226691042046 0.024671052631578948
1 0.09140767824497258 0.7541118421052632 0.029250457038391225 0.024671052631578948
1 0.0923217550274223 0.7779605263157895 0.026508226691042046 0.024671052631578948
1 0.9474405850091407 0.9745065789473685 0.029250457038391225 0.023848684210526317
1 0.07541133455210237 0.7129934210526315 0.0356489945155393 0.03289473684210526
1 0.6910420475319927 0.36225328947368424 0.024680073126142597 0.018092105263157895
1 0.10511882998171847 0.3059210526315789 0.024680073126142597 0.01644736842105263
1 0.4373857404021938 0.03495065789473684 0.022851919561243144 0.019736842105263157
1 0.75 0.24958881578947367 0.024680073126142597 0.02055921052631579
1 0.946983546617916 0.602796052631579 0.03016453382084095 0.024671052631578948
1 0.31352833638025596 0.665296052631579 0.033820840950639856 0.027138157894736843
1 0.5840950639853748 0.8622532894736842 0.0283363802559415 0.023848684210526317
1 0.46206581352833637 0.9226973684210527 0.024680073126142597 0.019736842105263157
1 0.9698354661791591 0.8379934210526315 0.025594149908592323 0.02055921052631579
1 0.6156307129798904 0.9358552631578947 0.026508226691042046 0.022203947368421052
1 0.0872943327239488 0.3034539473684211 0.019195612431444242 0.01644736842105263
1 0.7010968921389397 0.3392269736842105 0.025594149908592323 0.019736842105263157
1 0.6736745886654479 0.7639802631578947 0.02102376599634369 0.018092105263157895
1 0.38482632541133455 0.49054276315789475 0.021937842778793418 0.018092105263157895
1 0.9328153564899452 0.9901315789473685 0.037477148080438755 0.019736842105263157
1 0.7577696526508226 0.5189144736842105 0.025594149908592323 0.02055921052631579
1 0.746800731261426 0.537828947368421 0.0283363802559415 0.023026315789473683
1 0.6307129798903108 0.844983552631579 0.027422303473491772 0.019736842105263157
1 0.5877513711151737 0.41899671052631576 0.021937842778793418 0.018914473684210526
1 0.3569469835466179 0.9802631578947368 0.024680073126142597 0.02055921052631579
1 0.8610603290676416 0.7035361842105263 0.03016453382084095 0.02631578947368421
1 0.7897623400365631 0.5707236842105263 0.0283363802559415 0.02138157894736842
1 0.9113345521023766 0.3071546052631579 0.026508226691042046 0.02138157894736842
1 0.6078610603290676 0.8560855263157895 0.027422303473491772 0.023026315789473683
1 0.42778793418647165 0.959703947368421 0.022851919561243144 0.019736842105263157
1 0.35054844606946983 0.993421052631579 0.02376599634369287 0.013157894736842105
1 0.6224862888482633 0.5 0.024680073126142597 0.022203947368421052
1 0.966636197440585 0.993421052631579 0.03656307129798903 0.013157894736842105
1 0.8126142595978062 0.5805921052631579 0.024680073126142597 0.02138157894736842
1 0.1170018281535649 0.7672697368421053 0.031078610603290677 0.02631578947368421
1 0.7477148080438757 0.6916118421052632 0.025594149908592323 0.023026315789473683
1 0.6782449725776966 0.3536184210526316 0.022851919561243144 0.019736842105263157
1 0.3075868372943327 0.9905427631578947 0.022851919561243144 0.018092105263157895
1 0.48857404021937845 0.8980263157894737 0.021937842778793418 0.018092105263157895
1 0.7824497257769653 0.5855263157894737 0.0283363802559415 0.023848684210526317
1 0.6855575868372943 0.4058388157894737 0.025594149908592323 0.022203947368421052
1 0.3203839122486289 0.9724506578947368 0.024680073126142597 0.018914473684210526
1 0.1183729433272395 0.7898848684210527 0.031078610603290677 0.023026315789473683
1 0.7404021937842779 0.4691611842105263 0.0283363802559415 0.02055921052631579
1 0.2806215722120658 0.8782894736842105 0.022851919561243144 0.02055921052631579
1 0.027879341864716637 0.5254934210526315 0.015539305301645339 0.014802631578947368
0 0.2577696526508227 0.6480263157894737 0.019195612431444242 0.017269736842105265
1 0.1293418647166362 0.6829769736842105 0.029250457038391225 0.028782894736842105
1 0.9145338208409507 0.9720394736842105 0.0356489945155393 0.03042763157894737
1 0.873400365630713 0.9161184210526315 0.026508226691042046 0.02138157894736842
1 0.37614259597806216 0.47245065789473684 0.02010968921389397 0.018914473684210526
1 0.4319012797074954 0.060032894736842105 0.02102376599634369 0.018914473684210526
1 0.5671846435100548 0.42105263157894735 0.025594149908592323 0.023848684210526317
1 0.649908592321755 0.6221217105263158 0.031992687385740404 0.027138157894736843
1 0.6887568555758684 0.7528782894736842 0.027422303473491772 0.02055921052631579
1 0.13208409506398539 0.7467105263157895 0.026508226691042046 0.024671052631578948
1 0.5946069469835467 0.7989309210526315 0.022851919561243144 0.018092105263157895
1 0.5927787934186471 0.9263980263157895 0.024680073126142597 0.02055921052631579
1 0.8240402193784278 0.7413651315789473 0.02376599634369287 0.018092105263157895
1 0.643510054844607 0.5115131578947368 0.027422303473491772 0.018914473684210526
1 0.930073126142596 0.6188322368421053 0.029250457038391225 0.023848684210526317
1 0.21892138939670933 0.8861019736842105 0.0283363802559415 0.027960526315789474
1 0.32769652650822667 0.9864309210526315 0.02376599634369287 0.018914473684210526
1 0.2509140767824497 0.9046052631578947 0.03016453382084095 0.023026315789473683
1 0.7458866544789763 0.42475328947368424 0.026508226691042046 0.018914473684210526
1 0.5095978062157221 0.6677631578947368 0.029250457038391225 0.023848684210526317
1 0.7705667276051188 0.25699013157894735 0.016453382084095063 0.013980263157894737
1 0.4725776965265082 0.9025493421052632 0.018281535648994516 0.015625
1 0.5680987202925045 0.4041940789473684 0.022851919561243144 0.017269736842105265
1 0.6197440585009141 0.8861019736842105 0.021937842778793418 0.018092105263157895
1 0.24223034734917734 0.6435032894736842 0.025594149908592323 0.02549342105263158
1 0.590036563071298 0.9366776315789473 0.0283363802559415 0.023848684210526317
1 0.506398537477148 0.29851973684210525 0.02102376599634369 0.018914473684210526
1 0.9616087751371115 0.9605263157894737 0.02376599634369287 0.02055921052631579
0 0.23446069469835465 0.8729440789473685 0.021937842778793418 0.019736842105263157
1 0.7591407678244972 0.7072368421052632 0.025594149908592323 0.018092105263157895
1 0.7189213893967094 0.9708059210526315 0.025594149908592323 0.02055921052631579
1 0.2696526508226691 0.8597861842105263 0.022851919561243144 0.02055921052631579
1 0.8820840950639853 0.7072368421052632 0.02102376599634369 0.018914473684210526
1 0.10329067641681901 0.7162828947368421 0.022851919561243144 0.019736842105263157
0 0.28382084095063986 0.6558388157894737 0.018281535648994516 0.014802631578947368
1 0.9382998171846435 0.4379111842105263 0.024680073126142597 0.019736842105263157
1 0.10054844606946983 0.7989309210526315 0.029250457038391225 0.022203947368421052
0 0.9227605118829981 0.5633223684210527 0.027422303473491772 0.019736842105263157
0 0.8194698354661791 0.3651315789473684 0.021937842778793418 0.017269736842105265
1 0.5763254113345521 0.6377467105263158 0.0283363802559415 0.019736842105263157
1 0.8884826325411335 0.27631578947368424 0.025594149908592323 0.02138157894736842
1 0.4753199268738574 0.8877467105263158 0.02102376599634369 0.01644736842105263
0 0.8802559414990859 0.6907894736842105 0.02102376599634369 0.017269736842105265
1 0.8053016453382084 0.3918585526315789 0.021937842778793418 0.018092105263157895
0 0.803473491773309 0.514391447368421 0.021937842778793418 0.018092105263157895
0 0.6649908592321755 0.6089638157894737 0.02376599634369287 0.01644736842105263
1 0.6485374771480804 0.49300986842105265 0.022851919561243144 0.019736842105263157
1 0.7650822669104205 0.5419407894736842 0.02010968921389397 0.018914473684210526
0 0.5205667276051188 0.28412828947368424 0.018281535648994516 0.015625
1 0.7408592321755028 0.33305921052631576 0.029250457038391225 0.023026315789473683
1 0.6329981718464351 0.8597861842105263 0.024680073126142597 0.018914473684210526
0 0.6681901279707495 0.7438322368421053 0.02010968921389397 0.01644736842105263
1 0.3263254113345521 0.9930098684210527 0.021937842778793418 0.013980263157894737
1 0.943327239488117 0.9555921052631579 0.025594149908592323 0.017269736842105265
1 0.8304387568555759 0.013569078947368422 0.018281535648994516 0.014802631578947368
1 0.8382084095063985 0.37787828947368424 0.022851919561243144 0.018092105263157895
1 0.14351005484460694 0.7208059210526315 0.02102376599634369 0.023848684210526317
1 0.7152650822669104 0.40213815789473684 0.026508226691042046 0.014802631578947368
1 0.5795246800731262 0.6747532894736842 0.02376599634369287 0.018914473684210526
1 0.33546617915904936 0.4449013157894737 0.025594149908592323 0.019736842105263157
1 0.5301645338208409 0.7072368421052632 0.031992687385740404 0.023026315789473683
0 0.6046617915904936 0.30962171052631576 0.022851919561243144 0.018092105263157895
1 0.5507312614259597 0.05139802631578947 0.01736745886654479 0.015625
1 0.753199268738574 0.9954769736842105 0.027422303473491772 0.009046052631578948
1 0.8459780621572212 0.6866776315789473 0.024680073126142597 0.019736842105263157
1 0.11243144424131626 0.7450657894736842 0.02376599634369287 0.02138157894736842
