1 0.5159963436928702 0.04564144736842105 0.026508226691042046 0.02631578947368421
1 0.25502742230347347 0.10197368421052631 0.031078610603290677 0.027960526315789474
1 0.3436928702010969 0.04893092105263158 0.029250457038391225 0.027960526315789474
1 0.41910420475319926 0.05838815789473684 0.031992687385740404 0.027138157894736843
1 0.23583180987202926 0.011924342105263159 0.029250457038391225 0.023026315789473683
1 0.48811700182815354 0.05057565789473684 0.0283363802559415 0.02631578947368421
1 0.3423217550274223 0.006167763157894737 0.038391224862888484 0.012335526315789474
1 0.533363802559415 0.05304276315789474 0.025594149908592323 0.02055921052631579
1 0.5461608775137111 0.03453947368421053 0.02102376599634369 0.024671052631578948
1 0.2513711151736746 0.02055921052631579 0.02376599634369287 0.023026315789473683
1 0.5319926873857403 0.03289473684210526 0.026508226691042046 0.024671052631578948
1 0.5338208409506399 0.01274671052631579 0.03016453382084095 0.022203947368421052
1 0.3080438756855576 0.004934210526315789 0.04021937842778794 0.009868421052631578
1 0.15813528336380256 0.005756578947368421 0.026508226691042046 0.011513157894736841
