1 0.6675 0.6909227306826706 0.056666666666666664 0.04801200300075019
1 0.6904166666666667 0.6485371342835708 0.0525 0.05101275318829707
1 0.5883333333333334 0.6511627906976745 0.051666666666666666 0.05026256564141035
0 0.5383333333333333 0.7153038259564891 0.043333333333333335 0.03600900225056264
0 0.5645833333333333 0.6864216054013503 0.04 0.037509377344336084
0 0.5470833333333334 0.8158289572393098 0.03916666666666667 0.03375843960990248
0 0.4225 0.9827456864216054 0.03333333333333333 0.03075768942235559
0 0.6216083333333333 0.7004126031507877 0.04049166666666667 0.043690922730682674
0 0.643025 0.6528282070517629 0.048525 0.04035258814703676
0 0.6351666666666667 0.6280420105026256 0.04600833333333333 0.028589647411852964
