1 0.2874771480804388 0.43462171052631576 0.0356489945155393 0.03289473684210526
1 0.11106032906764168 0.7417763157894737 0.027422303473491772 0.02138157894736842
1 0.5009140767824497 0.6097861842105263 0.033820840950639856 0.029605263157894735
0 0.569926873857404 0.8614309210526315 0.019195612431444242 0.015625
1 0.6275137111517367 0.8322368421052632 0.021937842778793418 0.019736842105263157
1 0.8276965265082267 0.936266447368421 0.024680073126142597 0.02138157894736842
1 0.7376599634369287 0.9572368421052632 0.021937842778793418 0.02055921052631579
1 0.8130712979890311 0.6282894736842105 0.025594149908592323 0.022203947368421052
1 0.36745886654478976 0.3125 0.03016453382084095 0.027960526315789474
1 0.0283363802559415 0.5884046052631579 0.02376599634369287 0.024671052631578948
0 0.011425959780621572 0.47574013157894735 0.02102376599634369 0.019736842105263157
1 0.9725776965265083 0.7919407894736842 0.03290676416819013 0.027960526315789474
1 0.273308957952468 0.057154605263157895 0.024680073126142597 0.02138157894736842
1 0.03016453382084095 0.25082236842105265 0.0283363802559415 0.02631578947368421
1 0.33775137111517367 0.31866776315789475 0.033820840950639856 0.027960526315789474
1 0.4835466179159049 0.8392269736842105 0.03016453382084095 0.02549342105263158
1 0.08546617915904936 0.4946546052631579 0.031992687385740404 0.028782894736842105
1 0.25822669104204754 0.9173519736842105 0.031078610603290677 0.027138157894736843
1 0.8327239488117002 0.594983552631579 0.027422303473491772 0.02631578947368421
1 0.009597806215722121 0.2421875 0.019195612431444242 0.02549342105263158
1 0.9044789762340036 0.9041940789473685 0.026508226691042046 0.022203947368421052
1 0.7381170018281535 0.5653782894736842 0.029250457038391225 0.02631578947368421
1 0.25685557586837293 0.9477796052631579 0.031078610603290677 0.02631578947368421
1 0.5228519195612431 0.7660361842105263 0.02376599634369287 0.017269736842105265
1 0.28793418647166363 0.8717105263157895 0.02376599634369287 0.019736842105263157
1 0.9789762340036563 0.5592105263157895 0.027422303473491772 0.024671052631578948
1 0.5553016453382084 0.8560855263157895 0.018281535648994516 0.02138157894736842
1 0.8829981718464351 0.8930921052631579 0.027422303473491772 0.02549342105263158
1 0.1750457038391225 0.5501644736842105 0.027422303473491772 0.023848684210526317
1 0.46846435100548445 0.4029605263157895 0.031078610603290677 0.02549342105263158
1 0.7125228519195612 0.9494243421052632 0.025594149908592323 0.019736842105263157
1 0.29341864716636196 0.0678453947368421 0.02376599634369287 0.02138157894736842
1 0.9017367458866545 0.21669407894736842 0.027422303473491772 0.022203947368421052
1 0.3587751371115174 0.8634868421052632 0.02102376599634369 0.018092105263157895
1 0.3062157221206581 0.8597861842105263 0.021937842778793418 0.022203947368421052
1 0.4689213893967093 0.6056743421052632 0.031992687385740404 0.027960526315789474
1 0.7518281535648994 0.3223684210526316 0.029250457038391225 0.02549342105263158
1 0.9684643510054844 0.22574013157894737 0.021937842778793418 0.02055921052631579
1 0.7769652650822669 0.3199013157894737 0.0283363802559415 0.02549342105263158
0 0.6014625228519196 0.766858552631579 0.01736745886654479 0.014802631578947368
1 0.886654478976234 0.9148848684210527 0.024680073126142597 0.02138157894736842
1 0.28016453382084094 0.08264802631578948 0.024680073126142597 0.02138157894736842
1 0.4282449725776965 0.4555921052631579 0.021937842778793418 0.02138157894736842
1 0.013254113345521023 0.2635690789473684 0.024680073126142597 0.023848684210526317
0 0.9396709323583181 0.2158717105263158 0.02102376599634369 0.014802631578947368
1 0.5260511882998172 0.7845394736842105 0.026508226691042046 0.022203947368421052
1 0.027879341864716637 0.015213815789473685 0.024680073126142597 0.022203947368421052
1 0.34323583180987205 0.8717105263157895 0.02010968921389397 0.018092105263157895
1 0.5987202925045704 0.15583881578947367 0.021937842778793418 0.02138157894736842
1 0.3162705667276051 0.6266447368421053 0.022851919561243144 0.022203947368421052
1 0.9136197440585009 0.19736842105263158 0.02010968921389397 0.018914473684210526
0 0.024223034734917732 0.4864309210526316 0.02102376599634369 0.015625
1 0.453382084095064 0.3848684210526316 0.024680073126142597 0.02055921052631579
1 0.8075868372943327 0.8223684210526315 0.025594149908592323 0.02138157894736842
1 0.14351005484460694 0.7820723684210527 0.02376599634369287 0.022203947368421052
1 0.5054844606946983 0.05879934210526316 0.025594149908592323 0.023848684210526317
0 0.04204753199268738 0.4967105263157895 0.024680073126142597 0.02138157894736842
1 0.05347349177330896 0.8848684210526315 0.033820840950639856 0.023026315789473683
1 0.2020109689213894 0.5448190789473685 0.02376599634369287 0.023848684210526317
1 0.44515539305301643 0.5678453947368421 0.02376599634369287 0.018914473684210526
1 0.7605118829981719 0.5645559210526315 0.022851919561243144 0.023026315789473683
1 0.47943327239488115 0.03412828947368421 0.019195612431444242 0.017269736842105265
0 0.4492687385740402 0.4543585526315789 0.021937842778793418 0.019736842105263157
1 0.38254113345521024 0.7791940789473685 0.022851919561243144 0.019736842105263157
1 0.9917733089579525 0.5719572368421053 0.016453382084095063 0.02631578947368421
1 0.7404021937842779 0.600328947368421 0.027422303473491772 0.02138157894736842
1 0.4186471663619744 0.48807565789473684 0.026508226691042046 0.02138157894736842
1 0.9529250457038391 0.569078947368421 0.029250457038391225 0.023848684210526317
0 0.6096892138939671 0.8256578947368421 0.019195612431444242 0.017269736842105265
1 0.43921389396709326 0.5896381578947368 0.021937842778793418 0.02055921052631579
1 0.41681901279707495 0.12417763157894737 0.02376599634369287 0.02138157894736842
1 0.8811700182815356 0.2660361842105263 0.025594149908592323 0.02138157894736842
1 0.44424131627056673 0.5526315789473685 0.019195612431444242 0.015625
0 0.5278793418647166 0.46587171052631576 0.02102376599634369 0.013980263157894737
1 0.7646252285191956 0.36225328947368424 0.024680073126142597 0.017269736842105265
1 0.4319012797074954 0.3338815789473684 0.02376599634369287 0.019736842105263157
1 0.012340036563071298 0.5904605263157895 0.02010968921389397 0.023848684210526317
1 0.8939670932358318 0.20476973684210525 0.022851919561243144 0.018092105263157895
1 0.5859232175502742 0.8700657894736842 0.018281535648994516 0.018092105263157895
1 0.9049360146252285 0.2734375 0.0283363802559415 0.024671052631578948
1 0.7074954296160878 0.5764802631578947 0.029250457038391225 0.027138157894736843
1 0.0850091407678245 0.733141447368421 0.018281535648994516 0.017269736842105265
1 0.6412248628884827 0.8079769736842105 0.019195612431444242 0.015625
1 0.6224862888482633 0.803453947368421 0.021937842778793418 0.018914473684210526
1 0.9387568555758684 0.04523026315789474 0.02102376599634369 0.018914473684210526
1 0.019195612431444242 0.5723684210526315 0.02010968921389397 0.014802631578947368
1 0.7989031078610603 0.16570723684210525 0.02376599634369287 0.02138157894736842
1 0.7655393053016454 0.49588815789473684 0.027422303473491772 0.023026315789473683
1 0.643510054844607 0.5629111842105263 0.027422303473491772 0.02138157894736842
0 0.5562157221206582 0.43914473684210525 0.022851919561243144 0.018092105263157895
1 0.9913162705667276 0.5217927631578947 0.016453382084095063 0.017269736842105265
1 0.4579524680073126 0.8289473684210527 0.025594149908592323 0.022203947368421052
0 0.70018281535649 0.5460526315789473 0.02376599634369287 0.019736842105263157
1 0.6951553930530164 0.3569078947368421 0.026508226691042046 0.024671052631578948
0 0.6279707495429616 0.3515625 0.018281535648994516 0.015625
1 0.1983546617915905 0.5172697368421053 0.02102376599634369 0.018092105263157895
1 0.010511882998171846 0.8297697368421053 0.018281535648994516 0.023848684210526317
1 0.3807129798903108 0.7491776315789473 0.02010968921389397 0.015625
0 0.21069469835466179 0.28495065789473684 0.02376599634369287 0.019736842105263157
1 0.4296160877513711 0.5608552631578947 0.01736745886654479 0.015625
0 0.15173674588665448 0.7907072368421053 0.016453382084095063 0.014802631578947368
0 0.5137111517367459 0.49588815789473684 0.018281535648994516 0.015625
1 0.8464351005484461 0.6241776315789473 0.022851919561243144 0.02055921052631579
0 0.6361974405850092 0.5394736842105263 0.022851919561243144 0.018092105263157895
0 0.826782449725777 0.15789473684210525 0.018281535648994516 0.013980263157894737
1 0.8953382084095064 0.7027138157894737 0.02010968921389397 0.015625
1 0.21709323583180987 0.29975328947368424 0.02376599634369287 0.019736842105263157
1 0.8551188299817185 0.6056743421052632 0.022851919561243144 0.02138157894736842
0 0.6156307129798904 0.548108552631579 0.021937842778793418 0.018092105263157895
0 0.4113345521023766 0.44161184210526316 0.02010968921389397 0.018914473684210526
1 0.2929616087751371 0.6147203947368421 0.016453382084095063 0.014802631578947368
1 0.653107861060329 0.8351151315789473 0.02102376599634369 0.017269736842105265
1 0.4689213893967093 0.78125 0.022851919561243144 0.019736842105263157
0 0.5872943327239488 0.7648026315789473 0.016453382084095063 0.01644736842105263
0 0.5703839122486288 0.8478618421052632 0.01736745886654479 0.013980263157894737
0 0.6060329067641682 0.8100328947368421 0.02102376599634369 0.017269736842105265
0 0.5370201096892139 0.4473684210526316 0.02376599634369287 0.018092105263157895
0 0.9771480804387569 0.4518914473684211 0.02010968921389397 0.017269736842105265
1 0.007312614259597806 0.6825657894736842 0.013711151736745886 0.028782894736842105
0 0.8377513711151737 0.5748355263157895 0.02010968921389397 0.015625
1 0.47760511882998175 0.587171052631579 0.026508226691042046 0.018092105263157895
1 0.5690127970749543 0.8754111842105263 0.019195612431444242 0.013980263157894737
1 0.37477148080438755 0.7351973684210527 0.021937842778793418 0.017269736842105265
1 0.3688299817184644 0.49506578947368424 0.019195612431444242 0.01644736842105263
1 0.4693784277879342 0.45476973684210525 0.021937842778793418 0.02138157894736842
1 0.9570383912248629 0.5365953947368421 0.0283363802559415 0.018914473684210526
0 0.10054844606946983 0.5945723684210527 0.022851919561243144 0.017269736842105265
1 0.896709323583181 0.3145559210526316 0.025594149908592323 0.02055921052631579
0 0.9606946983546618 0.4350328947368421 0.019195612431444242 0.013980263157894737
0 0.9913162705667276 0.6217105263157895 0.01736745886654479 0.02055921052631579
1 0.8354661791590493 0.40460526315789475 0.02376599634369287 0.017269736842105265
1 0.40447897623400364 0.7286184210526315 0.018281535648994516 0.013157894736842105
0 0.8441499085923218 0.16241776315789475 0.02102376599634369 0.019736842105263157
0 0.061243144424131625 0.4613486842105263 0.02102376599634369 0.018914473684210526
1 0.16179159049360145 0.787828947368421 0.018281535648994516 0.017269736842105265
1 0.4382998171846435 0.852796052631579 0.02010968921389397 0.019736842105263157
0 0.6320840950639853 0.5509868421052632 0.01736745886654479 0.01644736842105263
1 0.8423217550274223 0.30098684210526316 0.02010968921389397 0.019736842105263157
1 0.40447897623400364 0.7623355263157895 0.01736745886654479 0.014802631578947368
1 0.5863802559414991 0.8392269736842105 0.015539305301645339 0.014802631578947368
0 0.9574954296160878 0.5513980263157895 0.02376599634369287 0.017269736842105265
0 0.9360146252285192 0.23231907894736842 0.021937842778793418 0.018092105263157895
1 0.7623400365630713 0.3462171052631579 0.026508226691042046 0.02138157894736842
1 0.4547531992687386 0.5814144736842105 0.019195612431444242 0.017269736842105265
0 0.9803473491773309 0.9876644736842105 0.01736745886654479 0.017269736842105265
0 0.7445155393053017 0.12335526315789473 0.018281535648994516 0.015625
0 0.6096892138939671 0.3458059210526316 0.01736745886654479 0.014802631578947368
1 0.09643510054844608 0.7220394736842105 0.02102376599634369 0.01644736842105263
1 0.8249542961608776 0.17310855263157895 0.021937842778793418 0.018092105263157895
1 0.9538391224862889 0.44942434210526316 0.027422303473491772 0.023848684210526317
1 0.520109689213894 0.046052631578947366 0.018281535648994516 0.01644736842105263
1 0.5269652650822669 0.4897203947368421 0.018281535648994516 0.01644736842105263
0 0.9588665447897623 0.48807565789473684 0.02102376599634369 0.01644736842105263
1 0.5091407678244972 0.7865953947368421 0.015539305301645339 0.015625
1 0.27148080438756855 0.5053453947368421 0.018281535648994516 0.013157894736842105
1 0.04936014625228519 0.5851151315789473 0.018281535648994516 0.01644736842105263
1 0.573583180987203 0.8149671052631579 0.02010968921389397 0.017269736842105265
1 0.8043875685557587 0.3433388157894737 0.021937842778793418 0.02138157894736842
1 0.7861060329067642 0.13199013157894737 0.01736745886654479 0.018914473684210526
0 0.4076782449725777 0.3157894736842105 0.015539305301645339 0.013980263157894737
1 0.9881170018281535 0.5370065789473685 0.02010968921389397 0.018092105263157895
0 0.4172760511882998 0.4231085526315789 0.02010968921389397 0.018914473684210526
0 0.5877513711151737 0.3149671052631579 0.02102376599634369 0.01644736842105263
1 0.1489945155393053 0.5427631578947368 0.021937842778793418 0.018092105263157895
1 0.39351005484460694 0.7401315789473685 0.01736745886654479 0.015625
1 0.600091407678245 0.49629934210526316 0.02376599634369287 0.02138157894736842
0 0.43007312614259596 0.4342105263157895 0.016453382084095063 0.013157894736842105
0 0.4424131627056673 0.41899671052631576 0.018281535648994516 0.017269736842105265
1 0.7865630712979891 0.16159539473684212 0.019195612431444242 0.022203947368421052
1 0.9926873857404022 0.34539473684210525 0.014625228519195612 0.023848684210526317
0 0.5525594149908593 0.8363486842105263 0.018281535648994516 0.015625
1 0.3336380255941499 0.8548519736842105 0.018281535648994516 0.015625
1 0.14122486288848263 0.5838815789473685 0.015539305301645339 0.01644736842105263
1 0.29478976234003657 0.803453947368421 0.019195612431444242 0.014802631578947368
0 0.09369287020109689 0.5756578947368421 0.02010968921389397 0.014802631578947368
1 0.9076782449725777 0.9144736842105263 0.0283363802559415 0.02055921052631579
1 0.8190127970749543 0.3828125 0.024680073126142597 0.019736842105263157
1 0.8391224862888482 0.3589638157894737 0.025594149908592323 0.02055921052631579
0 0.6352833638025595 0.5472861842105263 0.021937842778793418 0.018914473684210526
0 0.6170018281535649 0.4979440789473684 0.015539305301645339 0.017269736842105265
0 0.5447897623400365 0.43256578947368424 0.01736745886654479 0.013980263157894737
1 0.29250457038391225 0.813733552631579 0.02010968921389397 0.014802631578947368
1 0.5457038391224863 0.4152960526315789 0.01736745886654479 0.014802631578947368
