1 0.24862888482632542 0.4428453947368421 0.025594149908592323 0.02138157894736842
1 0.31124314442413165 0.5662006578947368 0.03290676416819013 0.028782894736842105
1 0.23308957952468007 0.4621710526315789 0.0283363802559415 0.023026315789473683
1 0.956581352833638 0.2800164473684211 0.031078610603290677 0.02631578947368421
1 0.37477148080438755 0.578125 0.031992687385740404 0.027138157894736843
1 0.8276965265082267 0.5958059210526315 0.03930530164533821 0.029605263157894735
1 0.30347349177330896 0.8083881578947368 0.037477148080438755 0.029605263157894735
1 0.8340950639853748 0.2138157894736842 0.029250457038391225 0.024671052631578948
1 0.8263254113345521 0.2833059210526316 0.031992687385740404 0.028782894736842105
1 0.95018281535649 0.17434210526315788 0.03290676416819013 0.02549342105263158
1 0.2760511882998172 0.8227796052631579 0.029250457038391225 0.03042763157894737
1 0.7957038391224863 0.3100328947368421 0.03290676416819013 0.028782894736842105
1 0.3016453382084095 0.8310032894736842 0.03473491773308958 0.02631578947368421
1 0.5411334552102377 0.3305921052631579 0.03290676416819013 0.02631578947368421
1 0.7646252285191956 0.2993421052631579 0.031078610603290677 0.027138157894736843
1 0.029707495429616086 0.5365953947368421 0.021937842778793418 0.018092105263157895
1 0.9478976234003657 0.5230263157894737 0.03290676416819013 0.02631578947368421
1 0.9716636197440585 0.29605263157894735 0.027422303473491772 0.02549342105263158
1 0.22486288848263253 0.7438322368421053 0.031078610603290677 0.02631578947368421
1 0.8002742230347349 0.27425986842105265 0.03016453382084095 0.022203947368421052
1 0.9296160877513712 0.16611842105263158 0.029250457038391225 0.024671052631578948
1 0.590036563071298 0.9740953947368421 0.03016453382084095 0.024671052631578948
1 0.34049360146252283 0.5699013157894737 0.03016453382084095 0.03125
1 0.970292504570384 0.18832236842105263 0.0283363802559415 0.023026315789473683
1 0.5914076782449725 0.9942434210526315 0.029250457038391225 0.011513157894736841
1 0.253199268738574 0.6969572368421053 0.029250457038391225 0.02138157894736842
1 0.7815356489945156 0.29317434210526316 0.02010968921389397 0.017269736842105265
1 0.5973491773308958 0.9790296052631579 0.031992687385740404 0.027960526315789474
1 0.4469835466179159 0.49054276315789475 0.021937842778793418 0.018914473684210526
1 0.6042047531992687 0.16611842105263158 0.02010968921389397 0.017269736842105265
