1 0.78875 0.9606151537884471 0.0625 0.058514628657164294
1 0.5070833333333333 0.660165041260315 0.059166666666666666 0.04876219054763691
1 0.305 0.7123030757689423 0.056666666666666664 0.042010502625656414
1 0.5245833333333333 0.6234058514628658 0.049166666666666664 0.03900975243810953
0 0.7404166666666666 0.9718679669917479 0.049166666666666664 0.04276069017254314
1 0.5691666666666667 0.7378094523630908 0.0475 0.04126031507876969
1 0.5670833333333334 0.7018004501125281 0.049166666666666664 0.03600900225056264
1 0.45916666666666667 0.6657914478619655 0.04583333333333333 0.04126031507876969
0 0.62625 0.9591147786946737 0.0375 0.0345086271567892
0 0.5983333333333334 0.8192048012003 0.029166666666666667 0.030007501875468866
1 0.8341666666666666 0.9249812453113279 0.04666666666666667 0.04426106526631658
0 0.5825 0.7918229557389347 0.03916666666666667 0.03225806451612903
1 0.3095833333333333 0.7494373593398349 0.04666666666666667 0.03975993998499625
0 0.3491666666666667 0.7633158289572393 0.03666666666666667 0.03150787696924231
1 0.65125 0.9452363090772693 0.03666666666666667 0.033008252063015754
1 0.27416666666666667 0.735933983495874 0.03666666666666667 0.04051012753188297
0 0.5491666666666667 0.7745686421605401 0.03833333333333333 0.033008252063015754
1 0.7804166666666666 0.7280570142535634 0.03333333333333333 0.030007501875468866
1 0.7379166666666667 0.940735183795949 0.04833333333333333 0.037509377344336084
1 0.24708333333333332 0.6785446361590397 0.03166666666666667 0.0450112528132033
0 0.31833333333333336 0.7876969242310577 0.045 0.0345086271567892
1 0.27125 0.6875468867216804 0.043333333333333335 0.04426106526631658
0 0.46458333333333335 0.6976744186046512 0.03916666666666667 0.030007501875468866
0 0.5266666666666666 0.7093023255813954 0.0375 0.03675918979744936
0 0.5958333333333333 0.7235558889722431 0.03 0.02700675168792198
0 0.575 0.8135783945986497 0.025 0.024756189047261814
1 0.6033333333333334 0.8927231807951987 0.030833333333333334 0.024756189047261814
1 0.61125 0.9332333083270817 0.0425 0.030007501875468866
1 0.47458333333333336 0.6294073518379595 0.05 0.04051012753188297
0 0.37625 0.6140285071267817 0.030833333333333334 0.02700675168792198
1 0.27958333333333335 0.5525131282820706 0.035 0.037509377344336084
1 0.5666666666666667 0.8822205551387847 0.0325 0.030007501875468866
1 0.26916666666666667 0.46999249812453114 0.03166666666666667 0.028507126781695424
0 0.59625 0.9564891222805701 0.03166666666666667 0.03150787696924231
1 0.77625 0.7014253563390848 0.0275 0.024006001500375095
0 0.76 0.7126781695423856 0.025 0.024756189047261814
0 0.4816666666666667 0.6327831957989497 0.0325 0.0277569392348087
1 0.038483333333333335 0.9259039759939985 0.02 0.02175543885971493
0 0.42916666666666664 0.6657914478619655 0.0275 0.025506376594148537
0 0.2675 0.7655663915978995 0.03333333333333333 0.0277569392348087
0 0.62 0.8293323330832708 0.0225 0.018754688672168042
0 0.3084166666666667 0.5811552888222055 0.041341666666666665 0.044838709677419354
0 0.3399916666666667 0.626669167291823 0.03571666666666667 0.03596399099774943
0 0.35256666666666664 0.6494598649662415 0.03805833333333333 0.033143285821455364
