1 0.9657221206581352 0.12623355263157895 0.03473491773308958 0.027960526315789474
1 0.06352833638025594 0.11430921052631579 0.03473491773308958 0.03125
1 0.04524680073126142 0.13692434210526316 0.043875685557586835 0.03536184210526316
1 0.5169104204753199 0.11924342105263158 0.03016453382084095 0.027138157894736843
1 0.7020109689213894 0.05345394736842105 0.03656307129798903 0.032072368421052634
1 0.7230347349177331 0.03782894736842105 0.03290676416819013 0.028782894736842105
1 0.8834552102376599 0.02919407894736842 0.033820840950639856 0.03289473684210526
1 0.9410420475319927 0.06332236842105263 0.03290676416819013 0.027960526315789474
1 0.9492687385740403 0.1435032894736842 0.03290676416819013 0.02631578947368421
1 0.7084095063985375 0.09251644736842106 0.043875685557586835 0.038651315789473686
1 0.5342778793418648 0.37129934210526316 0.025594149908592323 0.028782894736842105
1 0.5351919561243145 0.569078947368421 0.03290676416819013 0.032072368421052634
1 0.34963436928702013 0.4839638157894737 0.021937842778793418 0.022203947368421052
1 0.7184643510054844 0.09539473684210527 0.031078610603290677 0.03289473684210526
1 0.09369287020109689 0.11101973684210527 0.024680073126142597 0.027138157894736843
