0 0.19469835466179158 0.6768092105263158 0.02102376599634369 0.018092105263157895
1 0.3596892138939671 0.39432565789473684 0.051188299817184646 0.03782894736842105
1 0.015082266910420476 0.8877467105263158 0.03016453382084095 0.029605263157894735
1 0.2975319926873857 0.9773848684210527 0.024680073126142597 0.02055921052631579
1 0.23583180987202926 0.5929276315789473 0.0356489945155393 0.03453947368421053
1 0.7161791590493601 0.9490131578947368 0.03930530164533821 0.03289473684210526
1 0.4657221206581353 0.7084703947368421 0.050274223034734916 0.04029605263157895
1 0.48491773308957953 0.6714638157894737 0.04753199268738574 0.04111842105263158
1 0.6106032906764168 0.7524671052631579 0.03930530164533821 0.03125
1 0.06992687385740402 0.8930921052631579 0.029250457038391225 0.023026315789473683
1 0.573126142595978 0.7639802631578947 0.03656307129798903 0.03618421052631579
0 0.08912248628884827 0.9913651315789473 0.024680073126142597 0.017269736842105265
1 0.054844606946983544 0.9736842105263158 0.03290676416819013 0.029605263157894735
1 0.5411334552102377 0.7528782894736842 0.03930530164533821 0.03453947368421053
1 0.06627056672760512 0.719983552631579 0.03016453382084095 0.027138157894736843
1 0.17641681901279707 0.5822368421052632 0.029250457038391225 0.027138157894736843
1 0.7874771480804388 0.9461348684210527 0.031078610603290677 0.028782894736842105
1 0.21480804387568556 0.6891447368421053 0.024680073126142597 0.02138157894736842
1 0.21115173674588666 0.5814144736842105 0.031992687385740404 0.03289473684210526
1 0.6421389396709324 0.9551809210526315 0.03290676416819013 0.02631578947368421
1 0.09414990859232175 0.717516447368421 0.029250457038391225 0.027960526315789474
1 0.22440585009140768 0.734375 0.03016453382084095 0.024671052631578948
1 0.7573126142595978 0.4942434210526316 0.0356489945155393 0.03042763157894737
1 0.22349177330895795 0.6640625 0.022851919561243144 0.02055921052631579
1 0.3916819012797075 0.6509046052631579 0.044789762340036565 0.04111842105263158
1 0.6617915904936015 0.985608552631579 0.038391224862888484 0.027138157894736843
1 0.4337294332723949 0.6805098684210527 0.04936014625228519 0.039473684210526314
0 0.6329981718464351 0.8026315789473685 0.033820840950639856 0.02549342105263158
1 0.06307129798903108 0.6977796052631579 0.027422303473491772 0.024671052631578948
1 0.9136197440585009 0.6488486842105263 0.029250457038391225 0.023848684210526317
1 0.27925045703839124 0.96875 0.025594149908592323 0.02138157894736842
0 0.6092321755027422 0.795641447368421 0.0283363802559415 0.023848684210526317
1 0.9593235831809872 0.7471217105263158 0.037477148080438755 0.02631578947368421
1 0.2463436928702011 0.7072368421052632 0.029250457038391225 0.019736842105263157
0 0.8276965265082267 0.8758223684210527 0.02376599634369287 0.022203947368421052
1 0.7682815356489945 0.9354440789473685 0.0356489945155393 0.03125
0 0.11197440585009141 0.9921875 0.026508226691042046 0.015625
0 0.4319012797074954 0.6443256578947368 0.031078610603290677 0.02631578947368421
1 0.7052102376599635 0.9708059210526315 0.03656307129798903 0.029605263157894735
1 0.05621572212065813 0.6714638157894737 0.025594149908592323 0.02549342105263158
0 0.45978062157221206 0.6533717105263158 0.031078610603290677 0.028782894736842105
0 0.09506398537477148 0.6665296052631579 0.027422303473491772 0.024671052631578948
1 0.6741316270566727 0.9588815789473685 0.033820840950639856 0.028782894736842105
1 0.18784277879341865 0.6944901315789473 0.024680073126142597 0.02055921052631579
0 0.07952468007312614 0.9379111842105263 0.025594149908592323 0.022203947368421052
1 0.07678244972577697 0.8733552631578947 0.029250457038391225 0.022203947368421052
1 0.6453382084095064 0.9383223684210527 0.033820840950639856 0.017269736842105265
0 0.7774223034734917 0.6291118421052632 0.03473491773308958 0.024671052631578948
0 0.6325411334552102 0.7750822368421053 0.037477148080438755 0.028782894736842105
1 0.7769652650822669 0.0990953947368421 0.027422303473491772 0.027138157894736843
0 0.15310786106032906 0.5818256578947368 0.025594149908592323 0.022203947368421052
0 0.6631627056672761 0.6381578947368421 0.021937842778793418 0.018092105263157895
1 0.12797074954296161 0.9214638157894737 0.019195612431444242 0.019736842105263157
1 0.7097806215722121 0.6052631578947368 0.031078610603290677 0.023848684210526317
0 0.10603290676416818 0.5958059210526315 0.022851919561243144 0.018914473684210526
0 0.7705667276051188 0.6040296052631579 0.03016453382084095 0.02549342105263158
0 0.037477148080438755 0.90625 0.024680073126142597 0.022203947368421052
1 0.5361060329067642 0.7828947368421053 0.033820840950639856 0.02631578947368421
0 0.08226691042047532 0.7006578947368421 0.02376599634369287 0.02055921052631579
1 0.6307129798903108 0.9732730263157895 0.024680073126142597 0.022203947368421052
1 0.4250457038391225 0.7105263157894737 0.031992687385740404 0.029605263157894735
1 0.2609689213893967 0.719983552631579 0.026508226691042046 0.023026315789473683
0 0.17778793418647165 0.6780427631578947 0.019195612431444242 0.018092105263157895
0 0.3578610603290676 0.4465460526315789 0.031078610603290677 0.02631578947368421
0 0.4282449725776965 0.6245888157894737 0.038391224862888484 0.02631578947368421
1 0.7472577696526508 0.5518092105263158 0.0283363802559415 0.024671052631578948
0 0.0740402193784278 0.6661184210526315 0.02010968921389397 0.02055921052631579
1 0.7769652650822669 0.7935855263157895 0.03016453382084095 0.02055921052631579
1 0.07495429616087751 0.9572368421052632 0.025594149908592323 0.02055921052631579
1 0.011882998171846435 0.8125 0.02010968921389397 0.018092105263157895
0 0.8071297989031079 0.10731907894736842 0.033820840950639856 0.029605263157894735
0 0.3793418647166362 0.4407894736842105 0.02376599634369287 0.023026315789473683
1 0.2819926873857404 0.7261513157894737 0.021937842778793418 0.018914473684210526
0 0.11974405850091407 0.5851151315789473 0.02010968921389397 0.017269736842105265
1 0.9762340036563071 0.7693256578947368 0.021937842778793418 0.019736842105263157
0 0.31444241316270566 0.9872532894736842 0.021937842778793418 0.019736842105263157
1 0.09277879341864717 0.8922697368421053 0.02010968921389397 0.018914473684210526
1 0.8395795246800731 0.8643092105263158 0.0283363802559415 0.01644736842105263
0 0.5127970749542962 0.7524671052631579 0.027422303473491772 0.023026315789473683
1 0.943327239488117 0.6245888157894737 0.03290676416819013 0.02138157894736842
1 0.1686471663619744 0.5970394736842105 0.025594149908592323 0.018914473684210526
0 0.7312614259597806 0.9786184210526315 0.0283363802559415 0.024671052631578948
0 0.4113345521023766 0.6640625 0.031078610603290677 0.02549342105263158
0 0.6787020109689214 0.6435032894736842 0.02010968921389397 0.019736842105263157
