0 0.0635697 0.0606936 0.0244499 0.0242775
1 0.117359 0.115029 0.0415648 0.033526
1 0.129584 0.137572 0.0391198 0.0323699
0 0.184597 0.165318 0.0220049 0.0208092
1 0.0831296 0.209249 0.0268949 0.0184971
1 0.0843521 0.236994 0.0293399 0.0208092
1 0.641809 0.315607 0.0342298 0.0323699
1 0.454156 0.32659 0.0281174 0.0265896
1 0.43154 0.32948 0.0171149 0.0184971
1 0.389976 0.327746 0.0220049 0.0196532
1 0.369804 0.346243 0.0207824 0.0219653
1 0.380807 0.359538 0.0256724 0.016185
1 0.397922 0.347399 0.0207824 0.0196532
1 0.453545 0.388439 0.0268949 0.0277457
1 0.415648 0.372832 0.0244499 0.0265896
0 0.459658 0.415607 0.0293399 0.033526
0 0.488386 0.415607 0.0330073 0.033526
0 0.405868 0.504624 0.0244499 0.0219653
0 0.46577 0.491908 0.0366748 0.0381503
0 0.454768 0.519653 0.0342298 0.033526
0 0.424817 0.520231 0.0305623 0.0346821
0 0.474939 0.528324 0.0207824 0.0346821
0 0.448044 0.542197 0.0354523 0.0231214
0 0.49511 0.534104 0.0342298 0.0369942
0 0.54401 0.522543 0.0293399 0.0300578
0 0.545232 0.546821 0.0342298 0.0300578
0 0.51467 0.549133 0.0268949 0.0277457
1 0.516504 0.510983 0.0452323 0.0439306
1 0.52934 0.567052 0.0244499 0.0219653
1 0.468826 0.56185 0.0378973 0.0416185
1 0.501834 0.579191 0.0452323 0.0508671
1 0.479218 0.598266 0.0391198 0.0381503
1 0.523227 0.59422 0.0293399 0.0369942
0 0.363081 0.446821 0.0195599 0.017341
0 0.345966 0.438728 0.0171149 0.0104046
0 0.3478 0.42659 0.0183374 0.016185
0 0.301345 0.423699 0.0158924 0.0150289
0 0.317848 0.420809 0.0171149 0.016185
0 0.290342 0.417341 0.0232274 0.0208092
1 0.295844 0.399422 0.0220049 0.017341
0 0.300733 0.449133 0.0195599 0.0127168
0 0.283007 0.436994 0.0134474 0.0138728
0 0.291565 0.442197 0.0134474 0.0150289
0 0.265892 0.427746 0.0158924 0.00924855
1 0.287897 0.201156 0.0183374 0.0208092
0 0.188875 0.463006 0.0354523 0.033526
0 0.162592 0.484393 0.0317848 0.0323699
0 0.150978 0.456647 0.0378973 0.0369942
1 0.132641 0.481503 0.0403423 0.0381503
0 0.117971 0.451445 0.0330073 0.0289017
0 0.138142 0.510983 0.0268949 0.0254335
0 0.104523 0.499422 0.0330073 0.0393064
0 0.133252 0.554913 0.0366748 0.0346821
1 0.119804 0.527746 0.0488998 0.0427746
1 0.137531 0.57341 0.0330073 0.0254335
1 0.107579 0.56474 0.0366748 0.0381503
0 0.0776284 0.586127 0.0305623 0.0277457
1 0.059291 0.479769 0.0158924 0.0138728
1 0.0678484 0.502312 0.0330073 0.0312139
0 0.0323961 0.504046 0.0305623 0.0277457
1 0.115526 0.976301 0.0305623 0.0289017
1 0.129584 0.959538 0.0268949 0.0277457
1 0.1522 0.755491 0.0330073 0.0289017
1 0.141809 0.727168 0.0268949 0.0300578
0 0.178484 0.745665 0.0244499 0.0277457
0 0.163814 0.731792 0.0317848 0.0300578
0 0.18154 0.727746 0.0158924 0.017341
1 0.454156 0.844509 0.0158924 0.0219653
1 0.421149 0.89422 0.0256724 0.0242775
1 0.418704 0.975145 0.0207824 0.0196532
1 0.438264 0.985549 0.0158924 0.0242775
1 0.481051 0.934104 0.0183374 0.0231214
1 0.513447 0.925434 0.0220049 0.0265896
0 0.194988 0.693642 0.0232274 0.0231214
1 0.22066 0.696532 0.0281174 0.0127168
0 0.208435 0.682659 0.0281174 0.0289017
0 0.20599 0.656069 0.0305623 0.0289017
0 0.23044 0.662428 0.0232274 0.0254335
0 0.234108 0.681503 0.0256724 0.0196532
0 0.250611 0.656069 0.0244499 0.0265896
1 0.26956 0.686127 0.0354523 0.0358382
0 0.306846 0.704624 0.0220049 0.0219653
0 0.286064 0.69711 0.0317848 0.0323699
0 0.304401 0.676301 0.0268949 0.0231214
1 0.32824 0.683815 0.0330073 0.0381503
1 0.352078 0.72948 0.0415648 0.0369942
0 0.322127 0.725434 0.0281174 0.0289017
0 0.349633 0.75896 0.0293399 0.0289017
0 0.326406 0.751445 0.0366748 0.0369942
0 0.305012 0.757225 0.0305623 0.0277457
0 0.350244 0.779769 0.0232274 0.0196532
0 0.379584 0.756069 0.0305623 0.0323699
0 0.377139 0.782081 0.0305623 0.0312139
1 0.357579 0.804624 0.0403423 0.0300578
1 0.407702 0.747399 0.0378973 0.033526
0 0.4511 0.698266 0.0268949 0.0254335
1 0.447433 0.719653 0.0268949 0.0219653
1 0.446822 0.742197 0.0281174 0.0231214
1 0.605134 0.932948 0.0293399 0.0277457
1 0.624083 0.942775 0.0256724 0.0196532
1 0.639364 0.924855 0.0293399 0.0254335
1 0.658313 0.907514 0.0281174 0.0277457
1 0.633252 0.898844 0.0317848 0.0265896
0 0.606968 0.898266 0.0281174 0.0231214
1 0.614914 0.879769 0.0293399 0.0231214
1 0.646088 0.825434 0.0281174 0.0231214
0 0.663203 0.811561 0.0207824 0.016185
0 0.66687 0.827168 0.0183374 0.017341
0 0.622861 0.797688 0.0256724 0.016185
1 0.677262 0.73237 0.0268949 0.0242775
0 0.690098 0.750867 0.0305623 0.0219653
0 0.665037 0.750867 0.0317848 0.0265896
1 0.716381 0.758382 0.0220049 0.0208092
1 0.733496 0.753179 0.0171149 0.0242775
0 0.754279 0.730058 0.0171149 0.0196532
0 0.78423 0.73815 0.0256724 0.0196532
0 0.783007 0.753179 0.0232274 0.0242775
0 0.76956 0.763006 0.0134474 0.0184971
1 0.909535 0.552601 0.0220049 0.0231214
1 0.890587 0.550867 0.0183374 0.017341
1 0.877139 0.543353 0.0232274 0.0231214
1 0.893643 0.239306 0.0146699 0.0184971
1 0.798289 0.235838 0.0220049 0.0231214
1 0.775672 0.23815 0.0330073 0.0300578
1 0.772005 0.216763 0.0281174 0.0219653
0 0.786675 0.160694 0.0207824 0.0184971
0 0.768337 0.149133 0.0158924 0.0208092
0 0.785452 0.139306 0.0281174 0.0265896
0 0.801956 0.143353 0.0195599 0.0208092
1 0.822738 0.13815 0.0342298 0.033526
0 0.78423 0.120809 0.0281174 0.0196532
1 0.820905 0.115029 0.0305623 0.0219653
0 0.849022 0.119653 0.0330073 0.0312139
0 0.912592 0.0728324 0.0232274 0.0138728
0 0.937042 0.083815 0.0232274 0.0265896
0 0.919927 0.0855491 0.0232274 0.0231214
0 0.970049 0.0410405 0.0207824 0.0219653
1 0.947433 0.0537572 0.0317848 0.0265896
1 0.974328 0.0531792 0.0293399 0.0323699
1 0.96577 0.0225434 0.0342298 0.0196532
0 0.226161 0.644509 0.0195599 0.0150289
0 0.248778 0.677457 0.0183374 0.0184971
0 0.707824 0.742775 0.0268949 0.0219653
0 0.537897 0.702312 0.0195599 0.017341
1 0.526284 0.715607 0.0281174 0.0231214
1 0.30868 0.171676 0.0183374 0.0196532
0 0.298289 0.984393 0.0171149 0.0150289
1 0.481663 0.849133 0.0293399 0.0289017
0 0.75489 0.233526 0.0183374 0.0184971
1 0.445599 0.364162 0.0256724 0.0254335
0 0.473716 0.365318 0.0134474 0.0138728
0 0.485941 0.37341 0.0158924 0.0138728
1 0.0867971 0.120809 0.0220049 0.0219653
1 0.238998 0.435838 0.0110024 0.00924855
0 0.220049 0.439884 0.0122249 0.0127168
0 0.172983 0.493064 0.0281174 0.0242775
1 0.0660147 0.568786 0.0268949 0.0184971
1 0.059291 0.588439 0.0134474 0.0208092
