1 0.0169261 0.12346 0.0330739 0.0475924
0 0.106031 0.0859462 0.036965 0.0475924
1 0.156226 0.0741881 0.040856 0.0543113
1 0.142607 0.112262 0.0439689 0.0543113
1 0.119261 0.1243 0.0190661 0.0279955
0 0.0737354 0.153415 0.0252918 0.0335946
1 0.0640078 0.190649 0.0416342 0.0453527
1 0.100195 0.179171 0.0385214 0.0526316
1 0.198444 0.168813 0.0459144 0.0531915
0 0.197082 0.0557111 0.0284047 0.0397536
1 0.23716 0.0800672 0.0284047 0.0358343
1 0.261868 0.0512318 0.033463 0.0453527
1 0.292412 0.156775 0.0268482 0.0302352
1 0.298638 0.433091 0.0431907 0.056551
0 0.250778 0.599944 0.0214008 0.0285554
0 0.260311 0.621221 0.0163424 0.0229563
1 0.188132 0.75028 0.022179 0.0257559
1 0.276848 0.835946 0.0143969 0.0235162
0 0.285603 0.828947 0.0140078 0.0195969
1 0.304864 0.965845 0.0237354 0.0268757
1 0.336965 0.855823 0.0171206 0.0229563
1 0.35642 0.323908 0.0225681 0.0285554
1 0.391051 0.216965 0.0249027 0.0330347
1 0.403891 0.223964 0.0202335 0.0324748
0 0.472568 0.286114 0.0276265 0.0324748
1 0.494163 0.293113 0.0233463 0.0319149
1 0.519455 0.295913 0.0249027 0.0296753
1 0.506031 0.477604 0.0322957 0.0391937
1 0.509728 0.454367 0.0249027 0.0240761
0 0.538327 0.483483 0.0175097 0.0162374
1 0.601946 0.466685 0.0319066 0.0442329
1 0.604864 0.424692 0.0338521 0.0397536
1 0.613035 0.50196 0.0276265 0.0386338
1 0.638911 0.486002 0.029572 0.0414334
1 0.644942 0.446529 0.0307393 0.0442329
1 0.641634 0.428611 0.0326848 0.0352744
1 0.661673 0.454927 0.0120623 0.0408735
1 0.671401 0.254199 0.0245136 0.0302352
1 0.648249 0.326148 0.0233463 0.0296753
0 0.627626 0.301792 0.0163424 0.0235162
0 0.643774 0.300392 0.0151751 0.0218365
0 0.649416 0.295913 0.018677 0.0274356
0 0.659339 0.277996 0.0143969 0.0240761
1 0.691829 0.280235 0.0241245 0.0319149
1 0.688132 0.304871 0.0214008 0.0274356
0 0.724708 0.286674 0.0136187 0.0223964
1 0.742412 0.257559 0.0264591 0.0358343
0 0.762646 0.253639 0.014786 0.0201568
1 0.766342 0.236842 0.022179 0.0347144
0 0.800778 0.245801 0.0171206 0.0212766
0 0.801946 0.265118 0.0202335 0.0240761
1 0.64358 0.4972 0.0287938 0.0335946
1 0.765175 0.762878 0.0198444 0.0296753
0 0.740856 0.732923 0.018677 0.0257559
0 0.742607 0.746361 0.0136187 0.0145577
0 0.649027 0.781915 0.0171206 0.0240761
1 0.508949 0.918813 0.0233463 0.0335946
0 0.482296 0.887178 0.022179 0.0285554
0 0.52821 0.880459 0.0206226 0.0274356
1 0.585798 0.762598 0.0268482 0.0403135
1 0.605447 0.659295 0.0264591 0.0386338
1 0.609144 0.692889 0.0229572 0.0296753
1 0.591829 0.683091 0.0202335 0.0403135
1 0.549805 0.580907 0.0225681 0.0363942
1 0.614981 0.6229 0.0237354 0.0307951
0 0.300973 0.12514 0.0151751 0.0173572
0 0.317315 0.143897 0.0175097 0.0302352
0 0.329961 0.135498 0.0155642 0.0246361
0 0.982101 0.196249 0.014786 0.0218365
0 0.986576 0.210806 0.0136187 0.0207167
1 0.979377 0.218085 0.0171206 0.0218365
1 0.961868 0.205487 0.014786 0.0167973
0 0.967899 0.19037 0.0136187 0.0179171
1 0.945331 0.24972 0.0159533 0.0223964
1 0.960895 0.25 0.0175097 0.0218365
0 0.920817 0.31215 0.0276265 0.0386338
1 0.902918 0.347984 0.0237354 0.0363942
1 0.865953 0.361142 0.0237354 0.0391937
1 0.890078 0.381579 0.0307393 0.0386338
1 0.910506 0.37486 0.0163424 0.0341545
1 0.958755 0.356663 0.0210117 0.0291153
1 0.979572 0.363382 0.0206226 0.0324748
1 0.961673 0.293113 0.0190661 0.0263158
0 0.974319 0.31411 0.0202335 0.0279955
1 0.990856 0.304311 0.0175097 0.0341545
0 0.930934 0.610302 0.0206226 0.0302352
0 0.289689 0.0870661 0.0229572 0.037514
0 0.265175 0.711366 0.0105058 0.0162374
0 0.450778 0.3729 0.0159533 0.0246361
0 0.491829 0.384658 0.0124514 0.0179171
0 0.831907 0.75252 0.00856031 0.0111982
0 0.833852 0.764558 0.00933852 0.0128779
0 0.828794 0.740761 0.00622568 0.012318
1 0.974319 0.206327 0.0101167 0.0151176
0 0.120233 0.00755879 0.0202335 0.0139978
0 0.409533 0.278835 0.011284 0.0111982
1 0.590272 0.282195 0.0140078 0.0134378
