0 0.183431 0.0405109 0.0121477 0.0270073
0 0.0971817 0.142336 0.0136054 0.0218978
0 0.0631681 0.708029 0.0165209 0.0321168
0 0.104956 0.682482 0.0281827 0.0364964
0 0.0794461 0.512774 0.0218659 0.0386861
0 0.104956 0.512774 0.0291545 0.0445255
0 0.126822 0.54708 0.02138 0.0313869
0 0.115646 0.581387 0.0242954 0.0343066
0 0.122206 0.60365 0.026725 0.0364964
0 0.145773 0.506569 0.0252672 0.0394161
0 0.161322 0.490146 0.0262391 0.0240876
0 0.167881 0.468978 0.0296404 0.0430657
0 0.176628 0.427007 0.0276968 0.0452555
0 0.202624 0.40292 0.0301263 0.049635
0 0.213071 0.437956 0.0306122 0.0525547
0 0.167396 0.535036 0.0315841 0.0437956
0 0.212099 0.664599 0.0189504 0.0343066
0 0.22206 0.661679 0.0126336 0.0343066
0 0.236638 0.662409 0.0204082 0.0343066
0 0.302721 0.80219 0.0116618 0.0189781
0 0.499514 0.966058 0.01069 0.0167883
0 0.503887 0.978467 0.00971817 0.0138686
0 0.498056 0.989416 0.0126336 0.0182482
0 0.570457 0.879927 0.0126336 0.019708
0 0.228377 0.69635 0.02138 0.0306569
0 0.255345 0.7 0.0208941 0.0321168
0 0.381195 0.308759 0.016035 0.0218978
0 0.544461 0.306204 0.0140914 0.0270073
0 0.514091 0.337956 0.0174927 0.0262774
0 0.533528 0.343796 0.0204082 0.0321168
0 0.269679 0.676642 0.0242954 0.020438
0 0.259475 0.732482 0.0252672 0.0357664
0 0.275753 0.70438 0.0238095 0.0350365
0 0.29519 0.675912 0.0218659 0.0321168
0 0.272352 0.615328 0.0208941 0.0350365
0 0.261176 0.648175 0.0296404 0.0467153
0 0.288873 0.64635 0.0247813 0.0357664
0 0.308066 0.633212 0.0116618 0.00948905
0 0.31171 0.655839 0.0247813 0.0445255
0 0.293003 0.558029 0.0165209 0.019708
0 0.265306 0.570803 0.0272109 0.0467153
0 0.282799 0.580657 0.0310982 0.0474453
0 0.294218 0.613869 0.0238095 0.0321168
0 0.311953 0.578832 0.0330418 0.049635
0 0.329689 0.630292 0.0228377 0.0240876
0 0.327502 0.60146 0.02138 0.0467153
0 0.341837 0.65146 0.026725 0.0372263
0 0.346939 0.548175 0.0116618 0.0116788
0 0.35034 0.613869 0.0310982 0.0467153
0 0.345238 0.519708 0.0296404 0.0423358
0 0.37828 0.506934 0.0296404 0.0430657
0 0.366132 0.544891 0.0238095 0.0357664
0 0.346453 0.576642 0.0262391 0.0423358
0 0.373664 0.572263 0.0194363 0.0306569
0 0.385326 0.603285 0.0262391 0.0372263
0 0.370505 0.631022 0.0199223 0.0328467
1 0.401361 0.55438 0.0349854 0.0547445
1 0.422983 0.54927 0.0228377 0.0459854
0 0.417396 0.588686 0.0281827 0.0445255
0 0.796161 0.0828467 0.0140914 0.0343066
0 0.778183 0.0846715 0.0276968 0.0408759
1 0.74174 0.145985 0.0364431 0.0510949
1 0.776239 0.156569 0.0354713 0.0547445
1 0.732507 0.268248 0.0383868 0.0547445
0 0.771137 0.194891 0.0252672 0.0335766
1 0.751701 0.249635 0.03207 0.059854
0 0.692663 0.308394 0.0199223 0.0270073
0 0.711127 0.374088 0.00923226 0.0182482
0 0.692663 0.39781 0.0228377 0.0321168
0 0.701652 0.426642 0.0242954 0.0343066
0 0.670311 0.425912 0.026725 0.0416058
0 0.637026 0.733942 0.0262391 0.0386861
0 0.958941 0.627737 0.0131195 0.0189781
0 0.921283 0.616058 0.0194363 0.0291971
0 0.883139 0.676277 0.0131195 0.0167883
1 0.913265 0.729927 0.0422741 0.0540146
0 0.634111 0.958029 0.0145773 0.019708
0 0.641399 0.965693 0.0126336 0.0175182
1 0.969874 0.638321 0.0126336 0.0153285
0 0.925899 0.676642 0.0315841 0.0510949
0 0.987366 0.954745 0.0165209 0.0218978
0 0.993926 0.918248 0.00923226 0.0233577
0 0.106171 0.123358 0.0140914 0.0218978
0 0.612731 0.718248 0.0204082 0.0277372
0 0.960641 0.605109 0.0204082 0.0291971
0 0.977891 0.94635 0.0140914 0.0138686
0 0.579446 0.510584 0.0150632 0.0226277
0 0.439018 0.830657 0.0121477 0.0175182
0 0.588192 0.933942 0.00826045 0.0153285
0 0.983722 0.571898 0.00826045 0.0124088
1 0.81827 0.701095 0.0155491 0.0182482
0 0.361516 0.575912 0.00971817 0.0248175
0 0.5724 0.49635 0.00874636 0.010219
0 0.72449 0.539051 0.0126336 0.0167883
