0 0.163694 0.163136 0.0496815 0.0550847
1 0.21465 0.193503 0.0649682 0.0819209
1 0.20828 0.242232 0.0675159 0.0579096
0 0.398089 0.273305 0.0343949 0.0324859
0 0.393631 0.236582 0.0305732 0.0353107
0 0.222293 0.419492 0.0547771 0.0621469
1 0.756051 0.83404 0.0751592 0.0805085
0 0.794268 0.817797 0.0573248 0.0734463
0 0.792994 0.872881 0.0547771 0.0480226
0 0.775159 0.910311 0.0496815 0.0522599
0 0.734395 0.90113 0.0624204 0.0621469
0 0.693631 0.811441 0.0547771 0.0607345
0 0.69172 0.771893 0.0484076 0.0409605
0 0.738854 0.798729 0.0484076 0.0437853
0 0.669427 0.834746 0.044586 0.0564972
0 0.669427 0.888418 0.0420382 0.0536723
0 0.634395 0.88065 0.056051 0.0607345
0 0.612739 0.833333 0.0535032 0.0480226
0 0.578344 0.874294 0.0535032 0.0564972
0 0.53758 0.855932 0.0382166 0.0423729
0 0.508917 0.877825 0.0573248 0.0607345
0 0.475796 0.841808 0.0522293 0.0564972
0 0.449682 0.823446 0.0458599 0.059322
0 0.559873 0.805085 0.0573248 0.0621469
0 0.606369 0.779661 0.0611465 0.0621469
0 0.57707 0.764831 0.033121 0.0268362
0 0.584076 0.737288 0.0369427 0.0338983
0 0.536943 0.767655 0.0598726 0.0635593
0 0.49172 0.793079 0.0458599 0.0579096
0 0.449682 0.771893 0.0484076 0.0522599
0 0.408917 0.788842 0.0458599 0.0579096
0 0.377707 0.775424 0.0420382 0.0480226
0 0.427389 0.751412 0.0420382 0.0310734
0 0.471338 0.745763 0.0356688 0.0508475
0 0.464968 0.721045 0.0356688 0.0324859
0 0.579618 0.115819 0.0509554 0.0338983
0 0.62293 0.136299 0.0433121 0.049435
0 0.692994 0.237288 0.0382166 0.0310734
0 0.723567 0.170198 0.033121 0.0353107
1 0.771338 0.176554 0.044586 0.0621469
0 0.774522 0.108757 0.0585987 0.0677966
0 0.811465 0.14548 0.0433121 0.0621469
0 0.845223 0.142655 0.0318471 0.0423729
0 0.730573 0.100989 0.0420382 0.0522599
0 0.835669 0.0840395 0.033121 0.0324859
0 0.884076 0.0805085 0.0382166 0.039548
0 0.655414 0.800141 0.0318471 0.0268362
0 0.715924 0.222458 0.0407643 0.0409605
0 0.592357 0.123588 0.0254777 0.0211864
0 0.150955 0.480226 0.0394904 0.0480226
0 0.296815 0.45904 0.033121 0.0451977
0 0.271975 0.314972 0.0267516 0.0225989
