0 0.193955 0.0176572 0.0251889 0.0198105
0 0.146725 0.0301464 0.0264484 0.0172265
0 0.127834 0.0310078 0.0239295 0.0223945
0 0.142317 0.0525409 0.0302267 0.0189492
0 0.172544 0.0701981 0.0327456 0.0232558
0 0.168766 0.044789 0.0327456 0.0223945
0 0.202771 0.0521102 0.0302267 0.0232558
0 0.208438 0.0697674 0.0314861 0.0189492
0 0.123426 0.0887166 0.0302267 0.0206718
0 0.0994962 0.103359 0.0251889 0.0206718
0 0.127204 0.107666 0.0277078 0.0172265
0 0.112091 0.174849 0.0302267 0.0189492
0 0.130353 0.198105 0.0239295 0.0223945
0 0.107683 0.232558 0.0264484 0.0155039
0 0.137909 0.22739 0.0314861 0.0189492
0 0.115239 0.288975 0.0289673 0.0198105
1 0.108942 0.339793 0.0264484 0.0129199
1 0.0478589 0.348407 0.0377834 0.0249785
1 0.0491184 0.36994 0.0302267 0.0180879
1 0.110202 0.38286 0.034005 0.0249785
0 0.166247 0.409991 0.0277078 0.0155039
0 0.194584 0.390181 0.0239295 0.0206718
1 0.287783 0.280362 0.0365239 0.0215332
1 0.290932 0.306632 0.0503778 0.0310078
0 0.345718 0.288544 0.0440806 0.0292851
0 0.331864 0.306202 0.0365239 0.0180879
0 0.338791 0.626615 0.0176322 0.0146425
0 0.360202 0.626184 0.0327456 0.0206718
0 0.374685 0.651593 0.034005 0.0249785
0 0.40995 0.695952 0.0314861 0.0206718
0 0.435768 0.63652 0.0302267 0.0223945
1 0.462846 0.655039 0.0365239 0.0267011
1 0.497481 0.645564 0.0302267 0.0267011
1 0.439547 0.714901 0.0453401 0.0361757
0 0.401763 0.723945 0.0352645 0.0249785
0 0.413098 0.742463 0.0377834 0.0189492
1 0.462217 0.249354 0.0377834 0.0318691
0 0.426952 0.14255 0.0327456 0.0198105
0 0.435768 0.114556 0.0377834 0.0241171
0 0.469773 0.11714 0.02267 0.0206718
0 0.464106 0.139966 0.0390428 0.0267011
0 0.481738 0.152885 0.0239295 0.0163652
0 0.488665 0.132644 0.02267 0.0206718
1 0.517003 0.118863 0.0465995 0.0327304
1 0.440176 0.216193 0.0314861 0.0223945
0 0.513854 0.0620155 0.0302267 0.0206718
1 0.540302 0.0745047 0.0377834 0.0249785
1 0.609572 0.088286 0.0478589 0.0301464
1 0.580605 0.0465116 0.0453401 0.0258398
0 0.609572 0.0228252 0.0302267 0.0198105
0 0.641688 0.0284238 0.0365239 0.0258398
0 0.807935 0.0736434 0.0188917 0.0146425
0 0.836272 0.135659 0.0277078 0.0180879
0 0.857053 0.167959 0.0239295 0.0189492
0 0.880353 0.146856 0.02267 0.0111972
0 0.884761 0.161068 0.0289673 0.0206718
0 0.904912 0.161929 0.0264484 0.0258398
0 0.893577 0.293282 0.0239295 0.0146425
0 0.891688 0.306632 0.0251889 0.0137812
1 0.420655 0.319983 0.0428212 0.0267011
0 0.459698 0.321705 0.0302267 0.0180879
0 0.506297 0.3118 0.0302267 0.0155039
0 0.498111 0.329457 0.0289673 0.0180879
0 0.528967 0.319983 0.0327456 0.0232558
0 0.563602 0.332472 0.0415617 0.0223945
0 0.557935 0.348407 0.0277078 0.0146425
1 0.562343 0.373385 0.0390428 0.0301464
1 0.506297 0.348407 0.0428212 0.0284238
0 0.518892 0.374246 0.0302267 0.0318691
1 0.493073 0.378553 0.034005 0.0353144
0 0.605164 0.386736 0.0516373 0.0292851
0 0.647985 0.401809 0.0465995 0.0335917
0 0.526448 0.407838 0.0377834 0.0232558
0 0.561083 0.473299 0.0465995 0.0301464
0 0.693325 0.500861 0.0239295 0.0163652
0 0.641058 0.522825 0.0277078 0.0189492
0 0.720403 0.517227 0.0327456 0.0232558
0 0.68073 0.529716 0.0214106 0.0189492
0 0.707179 0.537468 0.0390428 0.0241171
1 0.822418 0.634367 0.0377834 0.0249785
0 0.837531 0.69466 0.0251889 0.0146425
0 0.894207 0.685185 0.02267 0.0163652
0 0.642947 0.942291 0.034005 0.0189492
0 0.622796 0.961671 0.0239295 0.0180879
0 0.566121 0.939707 0.0314861 0.0189492
0 0.674433 0.884582 0.034005 0.0258398
0 0.698992 0.897502 0.0327456 0.0189492
0 0.763854 0.859173 0.0314861 0.0215332
0 0.77204 0.903962 0.02267 0.0129199
0 0.788413 0.919897 0.0352645 0.0241171
0 0.777078 0.937984 0.0277078 0.0189492
1 0.821159 0.927218 0.0377834 0.0335917
0 0.801008 0.94832 0.0251889 0.0189492
0 0.816121 0.950904 0.0176322 0.0137812
1 0.776448 0.981051 0.0491184 0.0292851
0 0.891058 0.948751 0.0264484 0.0163652
0 0.881612 0.963394 0.02267 0.0163652
0 0.860831 0.976744 0.0289673 0.0223945
0 0.884761 0.987511 0.0289673 0.0180879
0 0.938917 0.971576 0.0365239 0.0241171
0 0.941436 0.992248 0.034005 0.0155039
0 0.855793 0.762274 0.0239295 0.0155039
0 0.879093 0.771318 0.0176322 0.0129199
0 0.894207 0.763135 0.0251889 0.0206718
0 0.940806 0.540913 0.02267 0.0172265
1 0.915617 0.534022 0.0201511 0.0189492
0 0.855164 0.526701 0.0327456 0.0146425
0 0.712217 0.184324 0.0239295 0.0189492
0 0.70529 0.208441 0.0201511 0.0155039
1 0.596977 0.261843 0.0277078 0.0172265
0 0.534635 0.172696 0.0214106 0.0129199
0 0.923804 0.102929 0.0289673 0.0180879
1 0.217254 0.159776 0.0516373 0.0301464
0 0.86335 0.654608 0.0163728 0.0137812
0 0.898615 0.599483 0.0264484 0.0189492
0 0.0837531 0.358312 0.0440806 0.0223945
0 0.494332 0.577089 0.034005 0.0223945
1 0.396096 0.281654 0.034005 0.0241171
0 0.738035 0.533161 0.0251889 0.0206718
0 0.877834 0.664944 0.0151134 0.0120586
0 0.848866 0.749785 0.02267 0.0129199
0 0.152393 0.199828 0.0151134 0.0137812
