1 0.307636 0.221601 0.0367107 0.0428305
0 0.173275 0.0195531 0.0249633 0.0204842
0 0.176946 0.137337 0.0220264 0.0363128
0 0.152717 0.159683 0.0176211 0.0195531
0 0.171072 0.206238 0.0190896 0.0251397
0 0.154919 0.232775 0.0264317 0.0316574
0 0.133994 0.159218 0.0330396 0.0372439
1 0.156021 0.126629 0.0374449 0.0521415
1 0.0602056 0.137803 0.0396476 0.0446927
0 0.244126 0.481378 0.0271659 0.0391061
0 0.272394 0.518622 0.0190896 0.0242086
1 0.295521 0.518156 0.0301028 0.038175
0 0.0231278 0.333799 0.0139501 0.0195531
0 0.0194567 0.541899 0.0124816 0.0167598
0 0.0425844 0.513966 0.0132159 0.0167598
0 0.0422173 0.564711 0.0110132 0.0176909
0 0.0550661 0.577747 0.0161527 0.0214153
1 0.318649 0.882682 0.0220264 0.0297952
1 0.362702 0.574488 0.0234949 0.0223464
0 0.443833 0.594972 0.0301028 0.0223464
0 0.459985 0.615922 0.0198238 0.0325885
0 0.423275 0.616853 0.0242291 0.0325885
0 0.443465 0.640596 0.0293686 0.0297952
0 0.336637 0.760708 0.0286344 0.0335196
0 0.395374 0.739292 0.0286344 0.0353818
1 0.422173 0.718343 0.0264317 0.0344507
1 0.470999 0.734171 0.0330396 0.0456238
1 0.523862 0.740223 0.0212922 0.0428305
0 0.488253 0.731378 0.0161527 0.0344507
0 0.446035 0.746741 0.0154185 0.0204842
0 0.465492 0.770484 0.0279001 0.0325885
0 0.46953 0.810987 0.0256975 0.0297952
0 0.499266 0.802607 0.0234949 0.0316574
0 0.510646 0.819367 0.0286344 0.0409683
0 0.507709 0.757449 0.0286344 0.0344507
0 0.542217 0.687151 0.0139501 0.0297952
0 0.529369 0.578678 0.0249633 0.0493482
0 0.471733 0.476723 0.0227606 0.0223464
0 0.491924 0.475326 0.0234949 0.0307263
0 0.310206 0.27095 0.0154185 0.0111732
0 0.315345 0.288175 0.0183554 0.0139665
0 0.331131 0.350559 0.0352423 0.0400372
1 0.367841 0.341713 0.0381791 0.0391061
1 0.400514 0.339385 0.0242291 0.0400372
0 0.334068 0.216946 0.020558 0.0297952
0 0.803598 0.327747 0.0330396 0.0484171
0 0.712922 0.416201 0.0337739 0.0316574
0 0.748164 0.420857 0.0293686 0.0223464
1 0.767254 0.43203 0.0323054 0.0353818
0 0.736784 0.447393 0.0359765 0.0288641
0 0.580396 0.373371 0.0301028 0.0391061
0 0.596916 0.374767 0.0161527 0.0307263
0 0.582966 0.412011 0.0279001 0.0325885
0 0.603891 0.426909 0.0286344 0.0251397
0 0.540749 0.432495 0.0374449 0.0418994
1 0.63326 0.422253 0.0315712 0.0456238
0 0.658957 0.423184 0.0256975 0.0363128
1 0.651982 0.453911 0.030837 0.0344507
0 0.668502 0.455773 0.0124816 0.0214153
1 0.531571 0.521881 0.0484581 0.056797
1 0.557636 0.573091 0.0491924 0.0530726
0 0.589574 0.605214 0.0161527 0.0204842
0 0.598018 0.626629 0.0139501 0.0204842
1 0.65859 0.586127 0.0323054 0.0363128
0 0.697137 0.598696 0.0139501 0.0204842
0 0.716226 0.587058 0.0198238 0.0195531
1 0.834068 0.581006 0.020558 0.0521415
0 0.819016 0.623836 0.0227606 0.027933
1 0.848018 0.667598 0.0176211 0.0167598
1 0.862335 0.570298 0.0433186 0.0530726
0 0.61417 0.255587 0.0212922 0.0214153
0 0.708884 0.1946 0.0198238 0.018622
0 0.583333 0.522812 0.0168869 0.0251397
1 0.580029 0.63594 0.0234949 0.027933
0 0.40859 0.405493 0.0242291 0.0363128
0 0.403451 0.688547 0.0315712 0.038175
0 0.395742 0.658752 0.0220264 0.0214153
0 0.413363 0.666667 0.0146843 0.0242086
0 0.419971 0.695065 0.0176211 0.0214153
0 0.628855 0.455307 0.0139501 0.027933
1 0.593245 0.50838 0.0249633 0.0297952
0 0.00734214 0.42784 0.0132159 0.0232775
0 0.0190896 0.376164 0.0146843 0.0204842
0 0.0143172 0.445996 0.0139501 0.0204842
0 0.753671 0.582402 0.0286344 0.0158287
0 0.159692 0.181099 0.0154185 0.0176909
0 0.148678 0.179236 0.00954479 0.0121043
0 0.313877 0.307263 0.0124816 0.0167598
