0 0.0571688 0.0238938 0.0490018 0.0466077
1 0.318512 0.346903 0.0538415 0.0542773
1 0.368421 0.322714 0.061706 0.0672566
0 0.358137 0.367847 0.0471869 0.0466077
0 0.283424 0.374631 0.0417423 0.0412979
0 0.312462 0.381711 0.0296431 0.0224189
0 0.27677 0.39941 0.0441621 0.0353982
0 0.22928 0.39233 0.0387175 0.0412979
0 0.303085 0.421829 0.0580762 0.0589971
0 0.347247 0.39587 0.0399274 0.0342183
0 0.344828 0.434808 0.0411373 0.0448378
0 0.365699 0.429204 0.0187538 0.0371681
0 0.34997 0.462242 0.0417423 0.0253687
0 0.538415 0.630973 0.0362976 0.0371681
0 0.540532 0.655752 0.0356927 0.0300885
0 0.520266 0.974041 0.0447671 0.0460177
0 0.533273 0.937463 0.0272232 0.0259587
0 0.728978 0.963422 0.0447671 0.0448378
1 0.592257 0.80944 0.0520266 0.0530973
1 0.572898 0.849558 0.0483969 0.0460177
1 0.6219 0.844838 0.0496068 0.0495575
0 0.603448 0.873451 0.0526316 0.0324484
1 0.668482 0.829499 0.045977 0.0507375
0 0.640048 0.809735 0.0362976 0.0324484
0 0.561706 0.752802 0.0417423 0.0389381
1 0.803085 0.871091 0.0235935 0.0359882
1 0.712039 0.762832 0.0532365 0.0530973
0 0.763158 0.750442 0.0381125 0.0436578
0 0.743799 0.712684 0.0381125 0.0342183
1 0.613128 0.69646 0.0393224 0.0277286
0 0.620085 0.341593 0.0326679 0.0306785
0 0.640956 0.314159 0.0369026 0.0359882
0 0.252874 0.423894 0.0556564 0.0466077
0 0.375378 0.39705 0.0260133 0.0365782
1 0.323956 0.384071 0.015124 0.0165192
0 0.288264 0.709145 0.0235935 0.0188791
0 0.069873 0.938643 0.0248034 0.0283186
0 0.186025 0.979941 0.0127042 0.0117994
0 0.611615 0.29646 0.0266183 0.0312684
1 0.324561 0.274631 0.0284332 0.0265487
0 0.257713 0.366667 0.030248 0.0230088
