0 0.0688027 0.329426 0.0168634 0.0263158
0 0.0664418 0.353589 0.0168634 0.0210526
0 0.0826307 0.358373 0.0168634 0.0229665
0 0.0612142 0.369378 0.0151771 0.0210526
0 0.0709949 0.386124 0.0178752 0.0258373
0 0.0536256 0.391148 0.0168634 0.0244019
0 0.0384486 0.379187 0.0148398 0.023445
0 0.0271501 0.375837 0.0111298 0.0186603
0 0.0472175 0.364833 0.0155143 0.0148325
0 0.0561551 0.276555 0.00640809 0.0105263
0 0.051602 0.121292 0.00674536 0.00909091
1 0.088027 0.0545455 0.00876897 0.0114833
1 0.0161889 0.446172 0.00944351 0.0119617
0 0.0305228 0.44067 0.00708263 0.0105263
0 0.0335582 0.451675 0.00505902 0.00956938
1 0.0227656 0.846172 0.0145025 0.0186603
1 0.0217538 0.834211 0.0145025 0.0119617
0 0.00893761 0.85311 0.00910624 0.0114833
0 0.0355818 0.813636 0.0104553 0.0148325
0 0.0441821 0.799761 0.010118 0.0157895
0 0.00893761 0.828708 0.0111298 0.0105263
0 0.00708263 0.840191 0.0107926 0.0133971
1 0.00320405 0.854306 0.00573356 0.0167464
1 0.0123103 0.858373 0.00640809 0.0076555
1 0.0192243 0.858612 0.00944351 0.00813397
1 0.13828 0.0712919 0.010118 0.0133971
0 0.181113 0.154785 0.0168634 0.0244019
0 0.122428 0.255024 0.0107926 0.0105263
0 0.247723 0.200478 0.0145025 0.0191388
0 0.220573 0.235646 0.00876897 0.0119617
0 0.211298 0.233254 0.00775717 0.00717703
1 0.233221 0.350239 0.0084317 0.0105263
0 0.215008 0.498325 0.0084317 0.0138756
0 0.22597 0.502392 0.00809444 0.0105263
0 0.237605 0.469856 0.00640809 0.0114833
1 0.257673 0.182297 0.00944351 0.015311
1 0.268634 0.182775 0.0118044 0.015311
1 0.284823 0.458612 0.00910624 0.0119617
0 0.310118 0.366507 0.0165261 0.0172249
0 0.303204 0.380144 0.00607083 0.0138756
0 0.313322 0.386603 0.0195616 0.0248804
1 0.317201 0.402153 0.0178752 0.0119617
1 0.332378 0.389234 0.0185497 0.0282297
0 0.33339 0.367943 0.0104553 0.0124402
0 0.348061 0.367464 0.0141653 0.0210526
0 0.344013 0.382057 0.0141653 0.022488
0 0.36661 0.318182 0.0128162 0.0181818
0 0.377572 0.33445 0.0151771 0.0210526
0 0.366105 0.341866 0.0178752 0.023445
0 0.39747 0.499522 0.0111298 0.0143541
0 0.389713 0.503349 0.0084317 0.0124402
0 0.425295 0.512201 0.0107926 0.0148325
0 0.424621 0.526794 0.0114671 0.0143541
0 0.436762 0.509809 0.010118 0.0148325
0 0.442159 0.502871 0.00944351 0.0143541
0 0.426644 0.499522 0.00876897 0.00956938
0 0.419393 0.509091 0.00775717 0.015311
0 0.460371 0.522727 0.00876897 0.0129187
1 0.450759 0.546651 0.013828 0.0215311
0 0.479258 0.571292 0.0114671 0.0172249
0 0.529174 0.544737 0.0114671 0.0148325
0 0.573187 0.574641 0.0131535 0.0172249
0 0.451433 0.813636 0.0131535 0.0186603
0 0.443676 0.797608 0.0131535 0.0191388
1 0.443508 0.778708 0.0161889 0.0205742
0 0.452614 0.773684 0.0107926 0.0172249
0 0.463238 0.771053 0.0111298 0.0167464
0 0.468634 0.755502 0.0118044 0.0162679
0 0.459191 0.724163 0.0131535 0.0167464
0 0.463912 0.73756 0.00978078 0.0138756
0 0.462395 0.7189 0.0121417 0.0186603
1 0.457841 0.700478 0.0151771 0.0220096
1 0.471838 0.72488 0.0074199 0.0181818
0 0.39258 0.664593 0.0128162 0.0172249
0 0.397976 0.631579 0.00944351 0.0124402
0 0.448061 0.636124 0.00978078 0.0100478
0 0.478752 0.65311 0.0104553 0.015311
0 0.479427 0.669139 0.00978078 0.0148325
0 0.494435 0.657177 0.0134907 0.0205742
0 0.500169 0.653589 0.00876897 0.0172249
0 0.499157 0.680144 0.00809444 0.0129187
0 0.48516 0.245215 0.0131535 0.0196172
0 0.499157 0.255263 0.0128162 0.0186603
0 0.514334 0.238038 0.0155143 0.0244019
0 0.52597 0.22177 0.0172007 0.023445
1 0.494266 0.221053 0.0145025 0.0220096
0 0.501686 0.210048 0.0104553 0.0105263
0 0.494098 0.0394737 0.0161889 0.0282297
0 0.515346 0.0263158 0.0175379 0.0239234
0 0.513659 0.0138756 0.0141653 0.0172249
0 0.505059 0.0198565 0.0104553 0.0196172
0 0.52968 0.0674641 0.0124789 0.0200957
0 0.541315 0.069378 0.0114671 0.0162679
0 0.537437 0.0820574 0.0124789 0.0186603
0 0.521754 0.0732057 0.0141653 0.0239234
1 0.542664 0.0880383 0.00809444 0.0191388
0 0.531872 0.13756 0.0107926 0.0157895
0 0.534064 0.121531 0.0151771 0.0229665
0 0.535076 0.144019 0.0131535 0.0143541
0 0.536594 0.188038 0.0114671 0.0172249
0 0.543676 0.197847 0.0121417 0.0177033
0 0.542496 0.172249 0.0145025 0.0172249
0 0.536256 0.209091 0.0134907 0.0210526
0 0.555649 0.184928 0.0145025 0.0186603
0 0.565767 0.155502 0.00978078 0.0143541
0 0.563912 0.201196 0.0107926 0.0157895
0 0.576054 0.210766 0.0121417 0.0186603
1 0.583474 0.239713 0.0155143 0.0220096
1 0.594098 0.248565 0.0145025 0.0244019
0 0.588027 0.221531 0.0084317 0.0114833
0 0.606408 0.187321 0.0155143 0.0215311
0 0.615514 0.20311 0.0168634 0.023445
0 0.580438 0.223206 0.00876897 0.0100478
0 0.625295 0.215789 0.0114671 0.0162679
0 0.623946 0.195933 0.0141653 0.0157895
0 0.632715 0.210526 0.0161889 0.0239234
0 0.611298 0.223684 0.0145025 0.0157895
0 0.613997 0.234928 0.0185497 0.0248804
0 0.621922 0.247368 0.0195616 0.0277512
0 0.635245 0.236364 0.0178752 0.0258373
1 0.602867 0.289713 0.0178752 0.022488
0 0.615177 0.137799 0.0134907 0.0172249
0 0.639629 0.143062 0.0111298 0.015311
0 0.633895 0.151914 0.0124789 0.0167464
1 0.647386 0.144498 0.0151771 0.0210526
0 0.660877 0.138995 0.0145025 0.023445
0 0.613828 0.114593 0.00607083 0.0100478
0 0.630691 0.0818182 0.0134907 0.00861244
0 0.635582 0.100957 0.0131535 0.0114833
0 0.62715 0.114833 0.0118044 0.0105263
1 0.664418 0.117225 0.0141653 0.015311
0 0.655143 0.200718 0.0118044 0.0157895
0 0.65312 0.220096 0.0145025 0.0200957
1 0.687521 0.231579 0.0151771 0.0210526
0 0.659191 0.261483 0.0084317 0.00909091
0 0.666105 0.264115 0.00876897 0.0143541
0 0.660034 0.276077 0.0134907 0.0181818
0 0.655818 0.288278 0.0124789 0.0148325
0 0.665261 0.286842 0.0084317 0.0119617
0 0.681282 0.455024 0.0148398 0.0210526
0 0.755481 0.167943 0.0134907 0.0162679
0 0.760708 0.179665 0.0178752 0.0100478
0 0.747218 0.173445 0.00640809 0.0138756
0 0.717369 0.201675 0.0128162 0.0138756
0 0.723946 0.21866 0.0131535 0.0181818
0 0.713491 0.249761 0.0131535 0.0191388
0 0.733558 0.226555 0.0114671 0.0177033
1 0.741484 0.241627 0.0124789 0.0200957
0 0.749241 0.229665 0.0104553 0.0162679
0 0.761214 0.2189 0.00809444 0.0110048
1 0.775379 0.247847 0.0141653 0.0229665
0 0.772007 0.256699 0.010118 0.0157895
1 0.8 0.239713 0.0148398 0.0248804
1 0.784992 0.304785 0.0145025 0.0210526
0 0.780607 0.321292 0.0124789 0.0177033
1 0.790894 0.335407 0.0175379 0.0248804
0 0.805396 0.333971 0.00876897 0.0133971
0 0.709275 0.308134 0.0155143 0.0210526
0 0.727487 0.303589 0.0141653 0.0215311
0 0.733895 0.319856 0.0141653 0.0186603
0 0.720573 0.329187 0.0131535 0.0191388
0 0.72715 0.333732 0.00809444 0.0157895
0 0.720573 0.347847 0.0111298 0.0162679
1 0.737268 0.36866 0.0182125 0.0263158
0 0.725632 0.379426 0.0158516 0.0210526
0 0.734907 0.390909 0.0114671 0.015311
0 0.726476 0.398565 0.0114671 0.015311
0 0.708432 0.405981 0.0104553 0.0148325
0 0.715346 0.444498 0.0134907 0.0200957
0 0.701518 0.45311 0.0148398 0.0191388
1 0.70118 0.469617 0.0128162 0.0186603
0 0.715346 0.46244 0.0121417 0.0157895
0 0.713997 0.486842 0.0128162 0.0186603
0 0.725295 0.48445 0.0124789 0.0186603
0 0.716189 0.503349 0.0131535 0.0172249
0 0.72344 0.500239 0.00809444 0.0129187
0 0.716189 0.52177 0.0104553 0.0177033
1 0.709781 0.527751 0.0151771 0.0191388
0 0.696796 0.527751 0.0141653 0.0172249
0 0.697808 0.544976 0.0155143 0.0200957
0 0.71231 0.545455 0.0168634 0.0220096
0 0.720405 0.562201 0.010118 0.0210526
0 0.729342 0.563397 0.0084317 0.0177033
0 0.698145 0.58134 0.0107926 0.0114833
0 0.700337 0.591627 0.013828 0.0196172
0 0.706071 0.602632 0.00910624 0.0129187
0 0.713659 0.616986 0.0121417 0.0167464
0 0.721079 0.588517 0.0134907 0.0210526
0 0.656492 0.604785 0.00910624 0.00861244
0 0.684486 0.609809 0.0111298 0.0196172
0 0.690556 0.644737 0.0145025 0.0215311
0 0.675717 0.671531 0.013828 0.0186603
0 0.698314 0.663876 0.00910624 0.0129187
0 0.708432 0.667703 0.0124789 0.0196172
0 0.717201 0.672967 0.0118044 0.0205742
0 0.700506 0.696172 0.0121417 0.0162679
0 0.705059 0.707895 0.00775717 0.0119617
1 0.691231 0.719378 0.0185497 0.0244019
1 0.707251 0.725359 0.0161889 0.0248804
0 0.720573 0.758612 0.0111298 0.0157895
0 0.707926 0.789474 0.0155143 0.0229665
0 0.721922 0.795694 0.0158516 0.0210526
0 0.739629 0.797847 0.0134907 0.0186603
1 0.743676 0.819139 0.0161889 0.0239234
0 0.770826 0.855024 0.0131535 0.0191388
1 0.769815 0.866746 0.0172007 0.0186603
0 0.784486 0.879426 0.010118 0.0162679
0 0.752445 0.533732 0.0134907 0.0196172
0 0.767285 0.527751 0.0134907 0.0210526
0 0.75312 0.508852 0.0114671 0.0148325
0 0.895784 0.275598 0.0121417 0.0162679
0 0.910118 0.297368 0.0145025 0.0186603
0 0.927825 0.290909 0.0128162 0.0191388
0 0.933052 0.291388 0.00640809 0.015311
0 0.936256 0.320335 0.0141653 0.0196172
0 0.913491 0.508373 0.0124789 0.0148325
1 0.921079 0.52177 0.0168634 0.0215311
1 0.910793 0.528469 0.0165261 0.0244019
0 0.945868 0.586124 0.00910624 0.015311
0 0.81602 0.685646 0.0151771 0.0239234
0 0.833727 0.678469 0.0161889 0.0220096
0 0.830523 0.716029 0.0158516 0.022488
1 0.840304 0.742823 0.0145025 0.0177033
1 0.852951 0.727273 0.0141653 0.00956938
1 0.85683 0.743062 0.0172007 0.0248804
1 0.837437 0.773684 0.018887 0.0267943
0 0.853626 0.765311 0.0107926 0.0138756
1 0.863744 0.765311 0.0148398 0.023445
0 0.851265 0.785407 0.0148398 0.0186603
0 0.85059 0.949761 0.0121417 0.0162679
0 0.847892 0.966507 0.0114671 0.0133971
1 0.835076 0.981579 0.0148398 0.023445
0 0.844688 0.987321 0.0151771 0.0196172
0 0.844857 0.225837 0.0114671 0.0172249
0 0.817875 0.226794 0.0114671 0.0076555
1 0.824958 0.236364 0.0134907 0.0200957
1 0.823272 0.253589 0.0168634 0.0229665
0 0.822091 0.266746 0.0124789 0.0157895
0 0.829005 0.274163 0.00876897 0.0114833
0 0.813153 0.248086 0.0141653 0.0205742
0 0.434739 0.148325 0.00809444 0.0114833
0 0.265261 0.166507 0.00978078 0.0114833
0 0.240641 0.232536 0.00708263 0.0133971
0 0.611467 0.255263 0.0114671 0.0167464
0 0.0659359 0.720096 0.00775717 0.0114833
1 0.645363 0.543062 0.0111298 0.0133971
0 0.465093 0.706699 0.00539629 0.0105263
1 0.579595 0.124163 0.0084317 0.00813397
