0 0.977833 0.996226 0.0232231 0.00754717
1 0.828994 0.954717 0.0436312 0.0467925
1 0.78677 0.967547 0.0450387 0.0483019
0 0.788177 0.869434 0.0408163 0.0407547
1 0.755102 0.892075 0.0534835 0.0422642
0 0.783955 0.829057 0.0351865 0.0384906
0 0.756861 0.846792 0.0387051 0.0407547
1 0.801548 0.513962 0.0450387 0.0422642
1 0.795215 0.550189 0.0534835 0.0513208
1 0.693878 0.559245 0.0619282 0.0679245
1 0.734694 0.518113 0.0436312 0.0535849
0 0.629486 0.452453 0.0387051 0.04
0 0.648839 0.495094 0.0450387 0.0483019
0 0.686488 0.102264 0.0358902 0.0384906
0 0.717804 0.131321 0.033779 0.0407547
0 0.693878 0.147925 0.0154821 0.034717
0 0.70936 0.176226 0.0408163 0.0415094
0 0.729064 0.187925 0.0168895 0.0196226
1 0.691414 0.230943 0.0457424 0.0573585
0 0.635468 0.138113 0.00985222 0.0256604
0 0.625264 0.158868 0.0204082 0.04
0 0.629486 0.184151 0.0119634 0.0196226
0 0.716045 0.354717 0.0302604 0.0211321
0 0.697396 0.340755 0.0253343 0.0218868
0 0.673821 0.956604 0.0161858 0.0203774
0 0.700915 0.913962 0.0394089 0.0437736
0 0.705841 0.892075 0.0323716 0.0316981
1 0.665376 0.917736 0.0316678 0.0316981
0 0.671358 0.889057 0.0309641 0.0211321
0 0.646024 0.867925 0.0422238 0.0422642
0 0.686137 0.852075 0.0295567 0.0316981
0 0.683322 0.833208 0.033779 0.0316981
0 0.668543 0.807925 0.0281492 0.0309434
0 0.497889 0.906792 0.0175932 0.0188679
0 0.514075 0.916226 0.0161858 0.0150943
0 0.502463 0.933585 0.0126671 0.0181132
0 0.513371 0.853585 0.0190007 0.0211321
1 0.542576 0.861509 0.0225194 0.0249057
0 0.563688 0.787925 0.0197044 0.0226415
0 0.537298 0.719623 0.0316678 0.0309434
0 0.485222 0.729811 0.0358902 0.0377358
0 0.503519 0.747925 0.0429275 0.0498113
0 0.426812 0.683396 0.0429275 0.0460377
0 0.440887 0.633585 0.0344828 0.0384906
0 0.578114 0.666792 0.0316678 0.0445283
1 0.50563 0.580377 0.0457424 0.045283
0 0.480999 0.111698 0.026038 0.0286792
1 0.495426 0.319623 0.0380014 0.050566
0 0.455313 0.339245 0.0267417 0.0279245
1 0.458832 0.41283 0.0478536 0.0528302
1 0.479944 0.430943 0.0394089 0.0407547
0 0.456369 0.47283 0.0330753 0.0128302
0 0.361013 0.584906 0.0323716 0.0316981
1 0.364532 0.45283 0.052076 0.0498113
1 0.390922 0.433962 0.0274455 0.0211321
1 0.292752 0.485283 0.0450387 0.0316981
1 0.294159 0.45283 0.0422238 0.0543396
1 0.321253 0.473962 0.0119634 0.0241509
0 0.321956 0.44717 0.0218156 0.0354717
1 0.252639 0.452453 0.0394089 0.04
0 0.241379 0.423396 0.0380014 0.0362264
0 0.27164 0.423396 0.0253343 0.0211321
0 0.294863 0.415849 0.0154821 0.0166038
0 0.308234 0.41283 0.0126671 0.0120755
0 0.229064 0.404906 0.0330753 0.0218868
1 0.231879 0.370189 0.0429275 0.0203774
0 0.270232 0.361509 0.0422238 0.0362264
0 0.270232 0.369434 0.0309641 0.0188679
1 0.280084 0.404151 0.0351865 0.0264151
1 0.268825 0.544906 0.0267417 0.0166038
1 0.1886 0.510943 0.0281492 0.0301887
0 0.198804 0.302264 0.0387051 0.0384906
1 0.348698 0.241887 0.0555947 0.0581132
0 0.929275 0.290189 0.0274455 0.029434
0 0.955665 0.546792 0.0281492 0.0218868
0 0.952146 0.566415 0.0295567 0.0279245
0 0.975721 0.56566 0.0204082 0.0249057
0 0.982759 0.593585 0.0246305 0.0309434
1 0.913441 0.658868 0.0380014 0.0241509
0 0.887403 0.652075 0.0450387 0.0196226
0 0.866643 0.75434 0.0204082 0.0264151
1 0.859606 0.443019 0.0330753 0.0286792
1 0.522871 0.990943 0.0140746 0.0135849
0 0.946165 0.601509 0.0358902 0.034717
