1 0.0233161 0.0390671 0.0408751 0.0338192
0 0.0480714 0.0827988 0.0362694 0.0338192
1 0.423143 0.162099 0.039148 0.0338192
1 0.415947 0.139942 0.0328152 0.0303207
1 0.442429 0.159475 0.0213011 0.0262391
0 0.424007 0.214869 0.0201497 0.0227405
1 0.466897 0.291837 0.0437536 0.0355685
1 0.413069 0.30379 0.0328152 0.0361516
1 0.431203 0.327114 0.0426022 0.0326531
1 0.413069 0.357143 0.0305124 0.03207
1 0.551526 0.974927 0.0310881 0.0419825
1 0.587507 0.922449 0.035118 0.0314869
1 0.613126 0.880175 0.0345423 0.0355685
0 0.527922 0.887464 0.0310881 0.0303207
0 0.617732 0.850146 0.0264824 0.0244898
1 0.527058 0.790379 0.0374208 0.0332362
1 0.560449 0.795627 0.0385723 0.0367347
1 0.646805 0.297668 0.0201497 0.03207
1 0.693149 0.378134 0.0333909 0.0355685
1 0.679332 0.364723 0.0241796 0.0169096
1 0.669545 0.386297 0.0299367 0.0413994
1 0.698906 0.400292 0.0368451 0.0309038
1 0.596143 0.561224 0.0397237 0.03207
1 0.633276 0.556851 0.0356937 0.0268222
0 0.677893 0.54723 0.0166955 0.0157434
1 0.712147 0.551312 0.0207254 0.0145773
1 0.708117 0.537609 0.0230282 0.0221574
1 0.736327 0.536443 0.0276339 0.0291545
0 0.768279 0.831778 0.0213011 0.019242
1 0.764537 0.818076 0.0310881 0.0279883
0 0.768566 0.769679 0.019574 0.0244898
1 0.770869 0.729738 0.0230282 0.0274052
1 0.881405 0.743732 0.0161197 0.0169096
0 0.794761 0.717201 0.0224525 0.0209913
0 0.795337 0.700583 0.0236039 0.0215743
0 0.793322 0.653353 0.0161197 0.019242
1 0.765688 0.640233 0.019574 0.025656
1 0.733161 0.658892 0.0189983 0.0209913
1 0.912781 0.619242 0.0259067 0.0244898
0 0.946172 0.613411 0.0213011 0.0233236
0 0.869027 0.583965 0.0178469 0.0227405
1 0.871906 0.572595 0.0305124 0.0291545
1 0.90616 0.573178 0.0287853 0.0279883
1 0.965746 0.533236 0.0270581 0.0285714
1 0.977547 0.514577 0.0287853 0.0285714
1 0.955959 0.520117 0.0166955 0.0221574
0 0.95711 0.501458 0.0305124 0.0268222
0 0.976108 0.495918 0.0213011 0.0204082
1 0.932642 0.51691 0.0345423 0.0274052
1 0.955095 0.468805 0.0287853 0.0291545
0 0.943581 0.457434 0.0276339 0.0274052
1 0.886874 0.522157 0.0224525 0.0239067
0 0.898388 0.509621 0.0224525 0.0233236
1 0.877087 0.494752 0.0213011 0.0250729
1 0.896085 0.453353 0.0316638 0.0285714
0 0.812608 0.510787 0.0213011 0.0244898
0 0.794185 0.516618 0.0178469 0.0186589
0 0.79361 0.5 0.0224525 0.0215743
0 0.779217 0.508163 0.0166955 0.0262391
0 0.772596 0.490671 0.019574 0.0204082
0 0.747553 0.470554 0.0270581 0.0279883
1 0.783535 0.458892 0.0276339 0.0268222
0 0.759067 0.436443 0.015544 0.0169096
0 0.807714 0.441399 0.0241796 0.025656
0 0.816638 0.419242 0.0247553 0.0268222
0 0.83909 0.427988 0.0213011 0.0186589
0 0.830743 0.409329 0.025331 0.0244898
1 0.897524 0.385131 0.0207254 0.0239067
1 0.90616 0.373469 0.0241796 0.0262391
1 0.894646 0.353644 0.025331 0.0274052
0 0.905872 0.346356 0.0282096 0.0279883
1 0.782096 0.74723 0.0247553 0.0285714
0 0.757916 0.625073 0.0189983 0.012828
1 0.791307 0.772012 0.0224525 0.0244898
0 0.822395 0.397376 0.0178469 0.0145773
