1 0.0226225 0.688015 0.0158501 0.0171211
1 0.0136888 0.700222 0.0135447 0.0168041
1 0.0266571 0.704027 0.0175793 0.0149017
1 0.0394813 0.705929 0.00979827 0.0168041
1 0.0260807 0.714331 0.0170029 0.0114141
1 0.0959654 0.795339 0.0184438 0.0168041
1 0.105476 0.784718 0.015562 0.0152188
1 0.110086 0.762524 0.0132565 0.0120482
1 0.140202 0.821497 0.0106628 0.0126823
1 0.132853 0.817692 0.00691643 0.00760938
1 0.136311 0.827362 0.0074928 0.00856056
1 0.155331 0.842422 0.0103746 0.0101458
1 0.177666 0.841154 0.00835735 0.0133164
1 0.168012 0.843532 0.00864553 0.0117311
1 0.160375 0.84702 0.00778098 0.00729233
1 0.169741 0.856373 0.00864553 0.00507292
1 0.161671 0.858909 0.00864553 0.00697527
1 0.151729 0.757451 0.00835735 0.00951173
1 0.138761 0.401395 0.00605187 0.00697527
1 0.137032 0.410748 0.00605187 0.00729233
1 0.144813 0.405675 0.00893372 0.00919467
0 0.151873 0.402346 0.0103746 0.00951173
1 0.145389 0.415346 0.00778098 0.0101458
1 0.15389 0.428345 0.010951 0.0126823
1 0.161816 0.425333 0.0112392 0.011097
1 0.16585 0.41487 0.0106628 0.011097
0 0.158934 0.44293 0.0100865 0.0114141
0 0.164409 0.434052 0.00778098 0.00760938
1 0.169741 0.443564 0.010951 0.0126823
1 0.163977 0.399651 0.00691643 0.00729233
1 0.168732 0.391883 0.00662824 0.00760938
1 0.176225 0.3922 0.00835735 0.0101458
0 0.184438 0.390298 0.00864553 0.01078
1 0.208357 0.422479 0.0092219 0.00792644
1 0.220317 0.407419 0.00720461 0.00951173
1 0.201009 0.431991 0.00720461 0.00856056
0 0.210086 0.429613 0.00806916 0.00760938
0 0.2183 0.435162 0.00778098 0.00919467
1 0.20562 0.51617 0.0112392 0.0120482
1 0.209798 0.527108 0.0103746 0.0129994
1 0.20562 0.52695 0.00489914 0.0082435
0 0.20879 0.510938 0.00835735 0.00538998
0 0.221758 0.513633 0.00951009 0.0126823
0 0.215418 0.516011 0.00720461 0.00729233
0 0.2183 0.524096 0.00951009 0.01078
0 0.227666 0.525365 0.0115274 0.0101458
1 0.231268 0.515536 0.00893372 0.01078
1 0.239481 0.512999 0.00979827 0.0120482
1 0.25072 0.510304 0.0115274 0.0123653
1 0.235735 0.504439 0.0074928 0.00760938
0 0.246974 0.502536 0.0115274 0.0082435
0 0.258213 0.511256 0.00518732 0.0104629
1 0.220461 0.658687 0.010951 0.00919467
1 0.223055 0.665663 0.0092219 0.011097
1 0.237896 0.658846 0.0106628 0.0114141
1 0.228963 0.653773 0.00893372 0.0082435
1 0.230836 0.646164 0.00634006 0.00760938
0 0.220317 0.620958 0.00893372 0.011097
1 0.227666 0.638079 0.00576369 0.00729233
1 0.24755 0.630152 0.010951 0.0104629
1 0.246398 0.619372 0.0092219 0.00856056
1 0.239914 0.626347 0.0054755 0.00792644
0 0.233285 0.61858 0.00835735 0.00760938
1 0.235159 0.611763 0.00345821 0.00475587
1 0.229971 0.620482 0.00806916 0.00380469
0 0.226513 0.624128 0.00691643 0.00285352
1 0.237464 0.75539 0.00403458 0.0060241
1 0.23732 0.788364 0.0118156 0.0129994
1 0.24049 0.79423 0.0100865 0.00634115
1 0.251009 0.802632 0.00806916 0.00665821
1 0.278098 0.834813 0.00691643 0.0101458
1 0.281844 0.844008 0.00806916 0.0101458
1 0.287608 0.8448 0.00979827 0.00792644
1 0.290202 0.843056 0.0074928 0.0082435
1 0.293084 0.740171 0.010951 0.00665821
1 0.29438 0.733989 0.00489914 0.00380469
1 0.313689 0.750793 0.00893372 0.0101458
1 0.314409 0.71877 0.0121037 0.01078
1 0.319164 0.727489 0.0135447 0.0149017
1 0.317003 0.737635 0.00979827 0.00982879
1 0.327522 0.737793 0.0118156 0.0120482
1 0.315418 0.710526 0.0100865 0.00634115
1 0.32219 0.499207 0.0144092 0.0149017
1 0.336311 0.505707 0.0167147 0.0177552
1 0.329827 0.524255 0.0158501 0.0129994
1 0.338473 0.522987 0.00835735 0.011097
1 0.345533 0.510621 0.00979827 0.0142676
1 0.354179 0.503488 0.0115274 0.0120482
1 0.357925 0.488744 0.0144092 0.0161699
1 0.365706 0.491122 0.00979827 0.0183893
1 0.343228 0.491915 0.0172911 0.0161699
0 0.347839 0.479391 0.0115274 0.0101458
1 0.299712 0.47955 0.0074928 0.00729233
1 0.305331 0.483354 0.0129683 0.00856056
1 0.30951 0.477647 0.00576369 0.0022194
1 0.317435 0.47955 0.00893372 0.00475587
0 0.318012 0.484306 0.00893372 0.00538998
1 0.32781 0.489854 0.0106628 0.0082435
1 0.31513 0.494134 0.0112392 0.0136335
1 0.29438 0.490488 0.00893372 0.0120482
0 0.300576 0.493183 0.0115274 0.0117311
0 0.308069 0.492866 0.00345821 0.00982879
0 0.305764 0.501744 0.00806916 0.00665821
1 0.297695 0.502854 0.010951 0.0101458
1 0.298271 0.512207 0.0103746 0.011097
1 0.306196 0.509353 0.00893372 0.00792644
1 0.312824 0.504756 0.0054755 0.00760938
1 0.321326 0.511573 0.015562 0.0142676
0 0.357925 0.536779 0.00806916 0.0120482
0 0.361527 0.526316 0.0100865 0.0114141
1 0.363545 0.54423 0.00778098 0.0117311
1 0.376513 0.536145 0.0152738 0.0139505
0 0.321037 0.941661 0.00806916 0.0126823
1 0.329395 0.944039 0.0132565 0.0117311
1 0.32464 0.931833 0.00951009 0.00951173
0 0.326801 0.926918 0.0092219 0.00982879
1 0.332709 0.95688 0.0112392 0.0152188
1 0.343516 0.953551 0.0138329 0.0161699
1 0.351585 0.949746 0.00634006 0.0104629
1 0.369308 0.912016 0.0100865 0.011097
1 0.379683 0.910273 0.0123919 0.00951173
0 0.374928 0.894895 0.0092219 0.00856056
1 0.37219 0.88142 0.0129683 0.0126823
1 0.372478 0.889981 0.0112392 0.0082435
1 0.374063 0.854153 0.0115274 0.0114141
1 0.384438 0.849398 0.0103746 0.0133164
1 0.379251 0.837984 0.00864553 0.0101458
1 0.373919 0.845751 0.00893372 0.00729233
1 0.352738 0.781706 0.010951 0.0104629
1 0.35951 0.790583 0.0123919 0.0136335
1 0.372622 0.790742 0.0144092 0.0158529
1 0.381988 0.784401 0.00778098 0.00951173
1 0.388905 0.78234 0.0100865 0.00919467
1 0.391354 0.78884 0.00691643 0.00443881
1 0.405908 0.787096 0.00835735 0.0060241
1 0.405187 0.810717 0.00806916 0.00760938
1 0.462248 0.826252 0.00864553 0.01078
0 0.463112 0.814997 0.00864553 0.011097
1 0.428963 0.428503 0.0152738 0.0174382
1 0.452017 0.535986 0.0152738 0.0180723
1 0.460231 0.53551 0.00691643 0.0126823
0 0.414986 0.56246 0.0074928 0.0101458
0 0.45634 0.581167 0.0135447 0.0120482
0 0.468588 0.586557 0.00979827 0.00951173
0 0.474928 0.598922 0.0074928 0.016487
1 0.447695 0.594008 0.0175793 0.0199746
1 0.464553 0.596703 0.015562 0.0171211
1 0.455908 0.607958 0.0201729 0.0199746
1 0.471758 0.615409 0.015562 0.0196576
0 0.461239 0.626823 0.0100865 0.0139505
1 0.47781 0.634115 0.0144092 0.0177552
1 0.47219 0.650127 0.0170029 0.0161699
1 0.463112 0.638713 0.0132565 0.0168041
1 0.448271 0.643786 0.0181556 0.0142676
1 0.449712 0.626823 0.0170029 0.0190235
1 0.433573 0.632372 0.0164265 0.0187064
1 0.437896 0.614616 0.0170029 0.0174382
1 0.426513 0.624921 0.0092219 0.0152188
0 0.452017 0.519182 0.00893372 0.0129994
1 0.442939 0.521877 0.00691643 0.00887762
1 0.398271 0.486208 0.00576369 0.0060241
1 0.475072 0.421528 0.0129683 0.0123653
0 0.487752 0.421687 0.00720461 0.0114141
0 0.47147 0.455453 0.00806916 0.00982879
0 0.480259 0.45799 0.00778098 0.011097
0 0.478242 0.464965 0.00893372 0.00792644
0 0.496398 0.470514 0.0118156 0.0158529
1 0.502594 0.508561 0.0074928 0.00951173
1 0.509222 0.909004 0.010951 0.0133164
1 0.521037 0.901395 0.0149856 0.0145847
0 0.517867 0.913919 0.00806916 0.00856056
1 0.527089 0.91487 0.0126801 0.0136335
1 0.540634 0.912016 0.0126801 0.0142676
1 0.54049 0.903773 0.0100865 0.00538998
1 0.510951 0.922162 0.0121037 0.0123653
1 0.523199 0.923431 0.00951009 0.00856056
1 0.50634 0.882689 0.0115274 0.01078
1 0.535159 0.892359 0.0092219 0.011097
1 0.543948 0.8922 0.0129683 0.0082435
1 0.548703 0.8987 0.0132565 0.00729233
1 0.55562 0.874762 0.0126801 0.016487
1 0.548991 0.883481 0.00691643 0.00982879
1 0.555187 0.889347 0.00778098 0.0114141
1 0.536744 0.88253 0.014121 0.0123653
1 0.527522 0.872226 0.018732 0.0196576
1 0.542939 0.867311 0.0132565 0.00982879
1 0.556628 0.859226 0.00951009 0.0158529
1 0.513256 0.870165 0.0103746 0.0142676
1 0.530692 0.856848 0.0170029 0.0187064
0 0.545677 0.856848 0.0112392 0.0117311
0 0.550576 0.851934 0.00835735 0.0114141
0 0.510807 0.856056 0.0123919 0.016487
1 0.513689 0.839886 0.014121 0.0183893
0 0.521758 0.851617 0.00835735 0.0126823
1 0.536599 0.840996 0.0121037 0.011097
1 0.544957 0.847495 0.00864553 0.00380469
1 0.522622 0.835606 0.00951009 0.0142676
1 0.533718 0.824509 0.0167147 0.0180723
0 0.485303 0.804692 0.00806916 0.00887762
1 0.489049 0.813094 0.0074928 0.00665821
1 0.49611 0.816265 0.00720461 0.00856056
1 0.506916 0.812302 0.0132565 0.0114141
0 0.596686 0.815155 0.00893372 0.0082435
1 0.55879 0.517438 0.0121037 0.0120482
1 0.513977 0.343532 0.0106628 0.0117311
0 0.525504 0.347971 0.00951009 0.011097
1 0.537464 0.350507 0.0132565 0.0161699
1 0.53732 0.330691 0.0118156 0.0120482
1 0.541931 0.338142 0.0054755 0.00729233
1 0.529683 0.331167 0.00576369 0.00665821
0 0.517147 0.165663 0.0100865 0.00919467
1 0.520173 0.155992 0.00576369 0.00887762
1 0.573199 0.200698 0.0132565 0.0145847
1 0.694092 0.0887762 0.0123919 0.0114141
1 0.708501 0.0775206 0.0106628 0.011097
1 0.527089 0.609702 0.0121037 0.00887762
1 0.597118 0.369848 0.010951 0.0123653
1 0.595389 0.358592 0.0132565 0.00887762
1 0.605764 0.360653 0.0074928 0.00792644
1 0.616859 0.385225 0.0112392 0.0101458
1 0.619308 0.370323 0.00461095 0.0082435
1 0.615994 0.359226 0.0054755 0.00380469
1 0.628242 0.371275 0.00576369 0.00634115
1 0.639914 0.776791 0.0106628 0.00887762
1 0.686744 0.778694 0.0103746 0.0126823
1 0.695533 0.773145 0.0129683 0.0136335
1 0.671902 0.740964 0.0037464 0.0101458
1 0.664409 0.708624 0.00951009 0.0101458
1 0.67536 0.689601 0.0118156 0.00760938
1 0.65072 0.69071 0.0138329 0.0104629
1 0.652882 0.676918 0.0129683 0.0126823
1 0.663545 0.673589 0.00951009 0.011097
1 0.689193 0.624128 0.0112392 0.0117311
0 0.641931 0.54629 0.00662824 0.0114141
1 0.649568 0.540266 0.0121037 0.0082435
1 0.65951 0.542327 0.00605187 0.00729233
0 0.659078 0.53345 0.00691643 0.00982879
1 0.648271 0.482245 0.00605187 0.00887762
1 0.662248 0.485098 0.015562 0.00951173
1 0.710807 0.484781 0.0100865 0.0126823
0 0.665706 0.34591 0.00864553 0.00570704
1 0.690346 0.330057 0.00951009 0.00951173
1 0.669885 0.304375 0.00893372 0.01078
1 0.656196 0.30707 0.00576369 0.00982879
0 0.670173 0.291376 0.00893372 0.0082435
0 0.681124 0.298827 0.0100865 0.00919467
0 0.689769 0.304692 0.00835735 0.0120482
0 0.674928 0.314997 0.00518732 0.0060241
1 0.687464 0.313253 0.00951009 0.00760938
0 0.7183 0.35669 0.0106628 0.0120482
0 0.738184 0.357007 0.00951009 0.00887762
1 0.745677 0.364933 0.00835735 0.00760938
1 0.750865 0.35986 0.0054755 0.0082435
1 0.746974 0.354471 0.00806916 0.0082435
1 0.743228 0.346068 0.00634006 0.00792644
1 0.748991 0.345276 0.00345821 0.00634115
1 0.745533 0.33941 0.00518732 0.00665821
1 0.739625 0.33624 0.00720461 0.0129994
1 0.734006 0.34702 0.0121037 0.00856056
1 0.721758 0.3448 0.00951009 0.00856056
0 0.72536 0.352727 0.00518732 0.00665821
1 0.730403 0.356214 0.00662824 0.00919467
1 0.720461 0.333228 0.0115274 0.0126823
1 0.73098 0.334337 0.0118156 0.0129994
1 0.73098 0.324667 0.0123919 0.0082435
0 0.720893 0.325935 0.00778098 0.00507292
1 0.793084 0.453393 0.0121037 0.0120482
1 0.799712 0.465916 0.0149856 0.0129994
1 0.810519 0.475269 0.0129683 0.0133164
1 0.822478 0.476379 0.015562 0.0136335
1 0.828674 0.463538 0.0129683 0.0145847
1 0.815706 0.46227 0.0135447 0.01078
1 0.801441 0.672796 0.0115274 0.0120482
1 0.804179 0.667248 0.0112392 0.0060241
1 0.811383 0.679613 0.0123919 0.0129994
0 0.82781 0.7026 0.00893372 0.0114141
0 0.83098 0.729074 0.00662824 0.00856056
0 0.858213 0.736525 0.0074928 0.0082435
0 0.862392 0.750634 0.00605187 0.00919467
1 0.852738 0.754914 0.0121037 0.00951173
1 0.853746 0.746037 0.0135447 0.0139505
1 0.862536 0.742866 0.00403458 0.00507292
1 0.842363 0.748732 0.0092219 0.00982879
1 0.842075 0.742074 0.0092219 0.0060241
1 0.843804 0.734781 0.0121037 0.00982879
1 0.833141 0.737635 0.010951 0.0117311
1 0.853746 0.728916 0.0106628 0.00887762
1 0.858934 0.724635 0.0054755 0.00792644
1 0.854467 0.715916 0.00979827 0.0101458
1 0.840202 0.724318 0.0100865 0.00919467
1 0.834006 0.712429 0.010951 0.0126823
1 0.84611 0.710368 0.0126801 0.0136335
1 0.836888 0.701966 0.0103746 0.00887762
1 0.86268 0.622226 0.0181556 0.0161699
1 0.8683 0.61319 0.0138329 0.01078
1 0.897262 0.61747 0.00951009 0.0060241
1 0.893228 0.643627 0.014121 0.0133164
1 0.941354 0.571655 0.00835735 0.0114141
1 0.951873 0.575935 0.0121037 0.0129994
1 0.946974 0.582276 0.0121037 0.00792644
1 0.960086 0.576411 0.00720461 0.01078
1 0.968876 0.567692 0.0161383 0.0161699
1 0.984726 0.561192 0.0172911 0.0183893
1 0.990058 0.547876 0.00489914 0.00951173
0 0.962104 0.557863 0.00951009 0.00982879
1 0.956196 0.562936 0.0074928 0.0129994
0 0.922622 0.541218 0.00662824 0.0082435
1 0.902738 0.525523 0.0106628 0.00792644
1 0.858357 0.38792 0.0112392 0.00982879
1 0.155908 0.856848 0.00634006 0.00538998
1 0.257925 0.795181 0.0092219 0.00887762
1 0.238905 0.813094 0.0103746 0.00982879
1 0.176801 0.91059 0.0106628 0.00951173
1 0.286167 0.91376 0.00634006 0.00697527
1 0.379827 0.903456 0.00979827 0.00856056
1 0.381268 0.89331 0.00634006 0.00856056
1 0.313689 0.6961 0.00720461 0.00856056
1 0.414265 0.582118 0.00893372 0.01078
1 0.411527 0.555327 0.00979827 0.00919467
1 0.397839 0.622701 0.0106628 0.0120482
1 0.439049 0.600666 0.00951009 0.011097
1 0.340922 0.351617 0.00691643 0.00697527
1 0.7 0.0990805 0.00691643 0.0104629
0 0.645389 0.0741915 0.00893372 0.00951173
1 0.621326 0.366677 0.00634006 0.00665821
1 0.984294 0.484147 0.0129683 0.0196576
1 0.995245 0.500793 0.00778098 0.0129994
0 0.9817 0.545181 0.0118156 0.0129994
1 0.949424 0.565789 0.00662824 0.00729233
1 0.888761 0.63253 0.0092219 0.0101458
1 0.571902 0.530596 0.00662824 0.0060241
1 0.557349 0.557387 0.0138329 0.0133164
1 0.336167 0.373335 0.0100865 0.0060241
1 0.238184 0.524572 0.00893372 0.00982879
1 0.231268 0.533767 0.00778098 0.00729233
1 0.219597 0.53234 0.0092219 0.00570704
1 0.393948 0.532181 0.00518732 0.00475587
1 0.278818 0.829423 0.0054755 0.00634115
1 0.666571 0.837984 0.0092219 0.00760938
1 0.520461 0.539474 0.00979827 0.00982879
1 0.555764 0.472892 0.00835735 0.0060241
1 0.495533 0.277743 0.00605187 0.0082435
1 0.493516 0.260938 0.00662824 0.00634115
0 0.554611 0.106848 0.0118156 0.00634115
0 0.493948 0.0868738 0.0092219 0.00697527
0 0.619885 0.13364 0.0103746 0.0117311
0 0.404179 0.412968 0.00720461 0.00856056
