0 0.0962185 0.0403321 0.0193277 0.0308422
0 0.112185 0.0604982 0.0193277 0.0260973
0 0.0521008 0.0711744 0.0184874 0.0284698
0 0.0642857 0.088968 0.012605 0.0308422
0 0.0478992 0.0972716 0.0201681 0.0284698
0 0.0819328 0.0984579 0.0210084 0.0308422
0 0.0781513 0.0747331 0.0134454 0.0166074
0 0.151681 0.0332147 0.0226891 0.0332147
0 0.168067 0.0682088 0.0218487 0.0272835
0 0.219328 0.0782918 0.0235294 0.0260973
0 0.0184874 0.137604 0.0184874 0.0260973
0 0.0336134 0.141163 0.0268908 0.0355872
0 0.0315126 0.166667 0.0243697 0.024911
0 0.0411765 0.504152 0.0235294 0.0308422
0 0.369748 0.00533808 0.0134454 0.00830368
0 0.261345 0.243772 0.0184874 0.0272835
0 0.245378 0.269276 0.0184874 0.0260973
0 0.27521 0.264531 0.0243697 0.0355872
0 0.311345 0.225386 0.0176471 0.0260973
0 0.42521 0.118031 0.0168067 0.0177936
0 0.459244 0.190391 0.012605 0.024911
1 0.444118 0.191578 0.0193277 0.0415184
1 0.45 0.221234 0.0243697 0.0415184
1 0.472689 0.231317 0.0277311 0.0379597
1 0.479412 0.194543 0.0243697 0.0332147
0 0.455042 0.253855 0.0142857 0.0237248
0 0.434034 0.294781 0.0226891 0.0320285
0 0.453782 0.291815 0.0218487 0.0260973
0 0.473529 0.309015 0.0243697 0.0367734
0 0.368487 0.176157 0.0109244 0.0177936
0 0.357563 0.180902 0.012605 0.0177936
0 0.370168 0.194543 0.0142857 0.0213523
0 0.362185 0.22242 0.0117647 0.024911
1 0.352941 0.207592 0.0201681 0.0355872
0 0.37479 0.22242 0.0201681 0.0320285
0 0.352521 0.233689 0.00756303 0.0118624
0 0.381513 0.238434 0.0201681 0.0284698
0 0.344958 0.253262 0.0176471 0.0201661
1 0.352521 0.272242 0.0226891 0.0344009
0 0.34916 0.295967 0.0210084 0.0225386
0 0.355462 0.324437 0.0218487 0.0272835
0 0.366807 0.348161 0.0210084 0.0320285
0 0.377311 0.3707 0.0201681 0.0225386
0 0.396218 0.415777 0.0226891 0.024911
1 0.47395 0.4828 0.0218487 0.0308422
0 0.777311 0.224199 0.0134454 0.0142349
1 0.778571 0.266311 0.0159664 0.0177936
0 0.794118 0.255042 0.010084 0.0189798
0 0.806723 0.265718 0.0168067 0.0308422
0 0.780672 0.245552 0.0201681 0.0332147
0 0.95084 0.21293 0.0142857 0.0177936
0 0.953782 0.267497 0.0184874 0.024911
0 0.955042 0.289442 0.0226891 0.0260973
1 0.792437 0.319098 0.010084 0.0189798
1 0.810504 0.333333 0.0294118 0.0332147
1 0.811345 0.293001 0.0109244 0.0189798
0 0.805042 0.298932 0.0168067 0.0260973
0 0.818908 0.922894 0.0142857 0.0213523
0 0.82563 0.907473 0.0243697 0.0308422
0 0.939076 0.682088 0.0210084 0.0260973
0 0.921429 0.699881 0.0193277 0.0213523
0 0.944958 0.733096 0.0176471 0.0189798
1 0.945378 0.711151 0.0285714 0.0367734
1 0.910504 0.743179 0.0092437 0.0177936
1 0.922269 0.727758 0.0260504 0.0391459
0 0.879412 0.75089 0.0193277 0.0308422
0 0.902941 0.751483 0.0176471 0.0344009
1 0.92521 0.763938 0.0285714 0.0403321
0 0.944118 0.785884 0.0243697 0.0272835
0 0.896218 0.76809 0.0176471 0.024911
1 0.539496 0.826809 0.0134454 0.0260973
1 0.522269 0.828588 0.0260504 0.0320285
1 0.505462 0.855872 0.0176471 0.0225386
1 0.504202 0.89917 0.0218487 0.0332147
0 0.485714 0.341044 0.0218487 0.0201661
0 0.565126 0.32503 0.0243697 0.0213523
0 0.607143 0.346975 0.0176471 0.0225386
0 0.605882 0.31376 0.0168067 0.0154211
0 0.613445 0.330368 0.0201681 0.0272835
1 0.595378 0.30427 0.0210084 0.0272835
1 0.62605 0.301898 0.0235294 0.0320285
1 0.640336 0.317912 0.0268908 0.0260973
0 0.686134 0.330961 0.0159664 0.0213523
0 0.701681 0.344009 0.0201681 0.0332147
0 0.447479 0.457295 0.0226891 0.0391459
0 0.373529 0.571767 0.0210084 0.0260973
0 0.363025 0.587189 0.0218487 0.0260973
0 0.376891 0.607355 0.0243697 0.0332147
0 0.39958 0.595492 0.0260504 0.0355872
0 0.438655 0.613879 0.010084 0.024911
0 0.428151 0.639383 0.0159664 0.0284698
0 0.404622 0.690985 0.0159664 0.0201661
0 0.444118 0.686833 0.0210084 0.0260973
0 0.459664 0.71293 0.0201681 0.0308422
1 0.453782 0.67675 0.0252101 0.0320285
0 0.477731 0.706999 0.0226891 0.0355872
0 0.494538 0.721827 0.0159664 0.0225386
0 0.496218 0.643535 0.012605 0.0106762
0 0.489916 0.662515 0.0201681 0.0344009
0 0.506303 0.701661 0.0159664 0.024911
0 0.508824 0.650652 0.0159664 0.0272835
0 0.520588 0.658956 0.0159664 0.0320285
0 0.534034 0.663701 0.012605 0.0201661
0 0.546639 0.671412 0.0159664 0.0260973
0 0.52605 0.693357 0.0235294 0.029656
0 0.539076 0.711151 0.0243697 0.0320285
0 0.560504 0.709371 0.0235294 0.0284698
0 0.555882 0.693357 0.0176471 0.0272835
0 0.562185 0.727165 0.0134454 0.0142349
0 0.562185 0.746738 0.0168067 0.024911
0 0.581513 0.746145 0.0201681 0.0284698
1 0.57563 0.68446 0.0235294 0.0427046
0 0.740336 0.415777 0.0201681 0.0320285
0 0.780672 0.486951 0.0168067 0.029656
0 0.760924 0.498814 0.0193277 0.0415184
1 0.777731 0.517794 0.0243697 0.029656
0 0.793697 0.533808 0.012605 0.0308422
1 0.804622 0.559905 0.0226891 0.0308422
0 0.67521 0.754448 0.0159664 0.0189798
0 0.680672 0.734282 0.0168067 0.0213523
0 0.693277 0.685053 0.0134454 0.0130486
0 0.692437 0.664887 0.0151261 0.0106762
1 0.697479 0.644128 0.0235294 0.0308422
0 0.697479 0.567616 0.010084 0.0154211
0 0.695798 0.542112 0.0218487 0.0284698
0 0.709244 0.567023 0.0151261 0.0237248
0 0.703361 0.584816 0.0201681 0.0260973
0 0.722689 0.597272 0.0252101 0.0391459
1 0.716387 0.544484 0.0193277 0.0379597
0 0.753782 0.571767 0.0201681 0.0284698
0 0.782353 0.628114 0.0252101 0.0344009
0 0.698739 0.706406 0.0210084 0.029656
0 0.698739 0.734282 0.0176471 0.0260973
0 0.710504 0.746145 0.0243697 0.0284698
0 0.721849 0.727758 0.0218487 0.0225386
0 0.713025 0.666074 0.0226891 0.0344009
0 0.722689 0.693357 0.0285714 0.0391459
0 0.737395 0.714709 0.0226891 0.0367734
0 0.809664 0.698102 0.0243697 0.0391459
0 0.857143 0.698695 0.0184874 0.0213523
0 0.851261 0.725386 0.0184874 0.024911
0 0.786134 0.704033 0.012605 0.024911
0 0.769748 0.696323 0.0252101 0.0355872
1 0.823529 0.737248 0.0252101 0.0320285
1 0.830672 0.763938 0.0210084 0.0308422
1 0.818067 0.798339 0.0361345 0.0403321
1 0.770588 0.731317 0.0319328 0.0415184
1 0.782773 0.763345 0.0294118 0.0344009
0 0.787395 0.79656 0.0218487 0.0320285
0 0.807563 0.812574 0.0218487 0.0260973
0 0.592857 0.688612 0.0159664 0.0367734
1 0.521429 0.85172 0.0159664 0.0189798
1 0.163025 0.0278766 0.0117647 0.024911
1 0.486975 0.226572 0.0092437 0.0237248
0 0.642437 0.332147 0.0176471 0.0189798
0 0.760504 0.491103 0.0151261 0.0237248
