1 0.296574 0.0729266 0.0164168 0.0257388
0 0.276231 0.0662536 0.012848 0.0219256
1 0.205211 0.162536 0.0192719 0.0181125
0 0.243041 0.243565 0.0164168 0.0257388
0 0.239829 0.260724 0.012848 0.0181125
1 0.230906 0.259771 0.0149893 0.0181125
1 0.0835118 0.295043 0.012848 0.0181125
1 0.066738 0.291706 0.0164168 0.0209724
1 0.0513919 0.383222 0.0185582 0.0228789
1 0.0360457 0.396568 0.0164168 0.0228789
1 0.128123 0.43184 0.0149893 0.0285987
1 0.23055 0.592946 0.0199857 0.0285987
1 0.148822 0.480934 0.0392577 0.0486177
1 0.11813 0.471401 0.0278373 0.0390848
1 0.11813 0.510963 0.034975 0.0419447
0 0.103141 0.50143 0.0164168 0.0285987
1 0.105996 0.535748 0.0364026 0.0457579
0 0.148465 0.508103 0.0299786 0.0266921
1 0.141328 0.541468 0.0356888 0.0438513
1 0.0299786 0.954242 0.0228408 0.0305052
1 0.0264097 0.977121 0.0199857 0.0247855
0 0.0417559 0.979981 0.0192719 0.0247855
0 0.0688794 0.672069 0.0178444 0.0266921
0 0.0631692 0.695424 0.0149893 0.0219256
0 0.0638829 0.716397 0.0178444 0.0238322
0 0.0767309 0.728313 0.0135617 0.0247855
1 0.0849393 0.742135 0.0185582 0.0219256
1 0.0902926 0.719256 0.0121342 0.0238322
0 0.24768 0.29409 0.0256959 0.0314585
0 0.266952 0.279314 0.028551 0.0381316
0 0.287295 0.302669 0.0249822 0.0333651
0 0.217702 0.790753 0.00856531 0.0257388
1 0.268023 0.796473 0.0206995 0.0219256
1 0.272305 0.784557 0.0206995 0.0209724
1 0.289079 0.964252 0.0185582 0.0238322
1 0.264811 0.861773 0.0228408 0.0266921
0 0.312277 0.909914 0.0164168 0.0219256
0 0.333333 0.908484 0.0142755 0.0209724
0 0.326552 0.973785 0.0192719 0.0257388
0 0.353319 0.967112 0.0185582 0.0219256
0 0.35546 0.986654 0.0185582 0.0190658
0 0.372948 0.983794 0.0164168 0.0228789
1 0.43005 0.940419 0.0206995 0.0276454
0 0.418986 0.167779 0.028551 0.0381316
0 0.412206 0.20448 0.0321199 0.0448046
0 0.394361 0.223546 0.0249822 0.0371783
0 0.404711 0.168732 0.0314061 0.0476644
1 0.398644 0.153956 0.0421128 0.0543375
0 0.374019 0.421354 0.0385439 0.0533842
0 0.354033 0.456625 0.0328337 0.0476644
0 0.379729 0.468541 0.0256959 0.042898
1 0.340828 0.447569 0.0292648 0.0448046
1 0.345824 0.488561 0.0421128 0.0505243
0 0.392577 0.512393 0.0214133 0.0276454
0 0.374732 0.526215 0.0256959 0.0343184
0 0.371163 0.561487 0.0328337 0.0438513
1 0.400785 0.547188 0.0364026 0.0571973
0 0.411492 0.553384 0.0306924 0.0486177
1 0.378658 0.580076 0.0435403 0.0257388
0 0.446824 0.335081 0.0371163 0.0505243
0 0.442898 0.36654 0.0278373 0.029552
0 0.485368 0.522402 0.0228408 0.0285987
0 0.517844 0.564347 0.0264097 0.0343184
0 0.526767 0.590086 0.0228408 0.0305052
0 0.502855 0.590562 0.0278373 0.0352717
1 0.611706 0.969018 0.0399714 0.0505243
0 0.518201 0.867493 0.0271235 0.0381316
0 0.549964 0.919924 0.0335475 0.0457579
0 0.598501 0.856053 0.0306924 0.0438513
0 0.582798 0.904194 0.0335475 0.0467112
0 0.563883 0.882269 0.0328337 0.0448046
0 0.605639 0.896092 0.0235546 0.0381316
0 0.605996 0.919447 0.0242684 0.0219256
0 0.57459 0.685891 0.0299786 0.0448046
0 0.599929 0.688275 0.0264097 0.0476644
0 0.618844 0.65348 0.0314061 0.042898
0 0.634547 0.680172 0.028551 0.0371783
0 0.650607 0.714967 0.0221271 0.0419447
0 0.665596 0.713537 0.0278373 0.0486177
0 0.675589 0.759771 0.0364026 0.0571973
0 0.466453 0.197331 0.0306924 0.0438513
0 0.486438 0.178265 0.0335475 0.0476644
1 0.477516 0.130601 0.0356888 0.0419447
1 0.533191 0.029552 0.028551 0.0343184
1 0.534261 0.0600572 0.0306924 0.0381316
1 0.512491 0.0591039 0.0299786 0.0400381
0 0.533547 0.118684 0.0278373 0.0371783
1 0.549964 0.142517 0.0235546 0.0352717
0 0.642755 0.0328885 0.0278373 0.0371783
1 0.623483 0.0686368 0.00927909 0.0152526
0 0.593148 0.131554 0.028551 0.036225
0 0.582084 0.153956 0.0321199 0.0333651
0 0.64561 0.126787 0.034975 0.0476644
0 0.643469 0.162059 0.0335475 0.0400381
0 0.668451 0.130124 0.0206995 0.0486177
0 0.645253 0.0900858 0.0299786 0.0352717
0 0.592791 0.287417 0.0249822 0.0257388
0 0.627766 0.251192 0.0192719 0.0257388
0 0.637402 0.241659 0.012848 0.0162059
1 0.593148 0.21878 0.0185582 0.0257388
0 0.581014 0.216873 0.0157031 0.0219256
0 0.567452 0.248332 0.0199857 0.0409914
0 0.527837 0.262631 0.0278373 0.0390848
1 0.528194 0.259295 0.0399714 0.0571973
0 0.535332 0.296949 0.0314061 0.0409914
1 0.621342 0.400381 0.0364026 0.0552908
0 0.598501 0.434223 0.0392577 0.0505243
0 0.570664 0.382745 0.0378301 0.0543375
0 0.55389 0.416587 0.0314061 0.0419447
1 0.68808 0.570067 0.0171306 0.0285987
1 0.686296 0.615348 0.0249822 0.0314585
0 0.677373 0.588179 0.0171306 0.0209724
0 0.663812 0.631554 0.0171306 0.0181125
0 0.742684 0.621068 0.0206995 0.0333651
1 0.682013 0.703051 0.0135617 0.029552
0 0.692719 0.709247 0.0164168 0.0266921
0 0.70414 0.743565 0.0264097 0.0400381
0 0.701642 0.765491 0.0299786 0.0343184
0 0.715203 0.841277 0.0399714 0.0524309
0 0.691649 0.821258 0.0314061 0.0467112
0 0.74768 0.836988 0.034975 0.0457579
0 0.66738 0.817922 0.0199857 0.0190658
1 0.723055 0.892755 0.0499643 0.0543375
1 0.703069 0.793613 0.0256959 0.0276454
1 0.843683 0.762631 0.0228408 0.0285987
1 0.842256 0.824118 0.0199857 0.029552
1 0.805496 0.783127 0.0206995 0.0219256
1 0.791221 0.775977 0.0135617 0.0209724
1 0.745539 0.753575 0.0206995 0.0219256
1 0.852962 0.843184 0.0228408 0.0219256
0 0.791221 0.879886 0.0121342 0.0171592
0 0.797645 0.937083 0.0164168 0.0247855
0 0.810493 0.966635 0.0135617 0.0171592
1 0.793005 0.99285 0.0214133 0.0104862
0 0.859029 0.812202 0.0135617 0.0171592
0 0.860814 0.826978 0.0157031 0.0200191
0 0.710921 0.590086 0.0157031 0.0209724
0 0.642041 0.436606 0.034975 0.0438513
1 0.770878 0.191611 0.0256959 0.0324118
1 0.803355 0.0767398 0.0278373 0.042898
0 0.847252 0.0543375 0.0271235 0.0190658
1 0.821199 0.085796 0.0178444 0.0324118
0 0.847252 0.138704 0.0314061 0.0409914
0 0.953248 0.115825 0.0364026 0.0524309
0 0.937188 0.104385 0.0242684 0.0409914
0 0.924697 0.139657 0.0335475 0.0467112
0 0.954675 0.166349 0.0306924 0.0409914
0 0.965382 0.191134 0.0206995 0.0238322
0 0.976802 0.183985 0.0206995 0.0343184
0 0.966809 0.145377 0.0264097 0.0390848
1 0.987152 0.140133 0.012848 0.0285987
0 0.916488 0.057674 0.0199857 0.0276454
1 0.643112 0.479981 0.012848 0.0219256
0 0.684154 0.488084 0.0135617 0.0209724
0 0.791221 0.85796 0.0135617 0.0171592
1 0.780871 0.873689 0.00999286 0.0142993
1 0.780871 0.751668 0.00856531 0.0257388
0 0.807281 0.764061 0.0142755 0.0219256
0 0.901142 0.783603 0.0135617 0.0152526
1 0.829051 0.826978 0.0121342 0.0200191
0 0.796931 0.959009 0.0149893 0.013346
0 0.813348 0.952812 0.0135617 0.0162059
0 0.562455 0.983317 0.0171306 0.0219256
0 0.337259 0.99428 0.0121342 0.0114395
1 0.370093 0.964252 0.0135617 0.0238322
0 0.562812 0.213537 0.0221271 0.0305052
0 0.835832 0.615825 0.0157031 0.0171592
0 0.700571 0.585796 0.0178444 0.0219256
0 0.945753 0.888942 0.0114204 0.0142993
