0 0.311558 0.446595 0.0452261 0.0544803
0 0.297111 0.486738 0.040201 0.0473118
0 0.0621859 0.668817 0.0364322 0.0358423
1 0.206344 0.750179 0.0709799 0.0767025
0 0.265389 0.849821 0.0483668 0.046595
0 0.272299 0.728674 0.0508794 0.0666667
0 0.423367 0.807527 0.0640704 0.0724014
1 0.461997 0.794624 0.0270101 0.0250896
0 0.487123 0.181004 0.0345477 0.0523297
0 0.414573 0.0637993 0.0527638 0.0487455
1 0.745289 0.187455 0.0584171 0.0623656
0 0.708543 0.188172 0.0238693 0.0236559
0 0.646357 0.158781 0.0389447 0.0422939
1 0.480528 0.246595 0.0439698 0.0716846
0 0.510678 0.282079 0.0364322 0.0508961
1 0.573492 0.285305 0.0753769 0.0731183
0 0.551822 0.207527 0.0571608 0.065233
0 0.595163 0.201434 0.0458543 0.0544803
0 0.690013 0.217563 0.044598 0.0580645
0 0.516018 0.35233 0.0370603 0.0365591
0 0.534548 0.422581 0.0276382 0.0265233
1 0.518844 0.497849 0.0263819 0.0351254
0 0.864008 0.644803 0.0370603 0.0437276
0 0.895101 0.633692 0.031407 0.0358423
0 0.918656 0.722939 0.0332915 0.0408602
0 0.921168 0.613262 0.0320352 0.0365591
0 0.923053 0.413978 0.0320352 0.0265233
1 0.982098 0.32509 0.0219849 0.0265233
1 0.960427 0.356631 0.0527638 0.0494624
0 0.958229 0.421147 0.0282663 0.0265233
1 0.975817 0.419713 0.0270101 0.0365591
0 0.703518 0.965591 0.0263819 0.0243728
1 0.156093 0.783154 0.0559045 0.065233
0 0.713568 0.479928 0.0238693 0.0293907
1 0.90044 0.437993 0.0219849 0.0258065
0 0.742776 0.478853 0.0207286 0.0229391
