1 0.392999 0.0703325 0.0250991 0.0358056
1 0.112285 0.255115 0.0343461 0.0396419
0 0.0528402 0.230179 0.0264201 0.0537084
0 0.201453 0.308824 0.0488771 0.0498721
0 0.173712 0.2289 0.0303831 0.0485934
0 0.138705 0.221867 0.0369881 0.0268542
0 0.0475561 0.391304 0.0317041 0.0358056
0 0.0640687 0.415601 0.0330251 0.0358056
0 0.0455746 0.433504 0.0383091 0.0460358
0 0.143329 0.471228 0.0435931 0.0473146
0 0.187583 0.468031 0.0475561 0.0511509
0 0.233818 0.482737 0.0634082 0.0652174
0 0.163144 0.549233 0.0488771 0.0473146
0 0.157199 0.508951 0.0475561 0.0460358
0 0.0904888 0.560102 0.0462351 0.0434783
0 0.155218 0.585038 0.0488771 0.0421995
0 0.138705 0.631074 0.0369881 0.044757
0 0.128137 0.66624 0.0475561 0.0460358
0 0.146631 0.718031 0.0449141 0.0473146
0 0.125495 0.758312 0.0422721 0.0434783
0 0.103699 0.810102 0.0435931 0.0473146
0 0.0640687 0.787724 0.0541612 0.0537084
0 0.134742 0.794118 0.0475561 0.0358056
0 0.143329 0.832481 0.0488771 0.0485934
0 0.14531 0.86445 0.0634082 0.0460358
0 0.320343 0.950128 0.0488771 0.0485934
1 0.342801 0.923913 0.0673712 0.0549872
0 0.363276 0.879156 0.0422721 0.0421995
0 0.280053 0.914322 0.0422721 0.0358056
0 0.379789 0.816496 0.0435931 0.0396419
0 0.437913 0.835038 0.0356671 0.0460358
0 0.453104 0.803069 0.0422721 0.0460358
1 0.269485 0.787724 0.0739762 0.0639386
1 0.314399 0.744246 0.0634082 0.0639386
0 0.254293 0.668798 0.0515192 0.0511509
0 0.301849 0.68734 0.0568032 0.0601023
0 0.305152 0.63491 0.0422721 0.0421995
0 0.406869 0.654092 0.0449141 0.0421995
0 0.426024 0.611253 0.0515192 0.0537084
0 0.463012 0.58376 0.0435931 0.0473146
0 0.428666 0.55243 0.0435931 0.0511509
1 0.382431 0.574169 0.0568032 0.0588235
0 0.264861 0.563939 0.0568032 0.0613811
0 0.30317 0.549872 0.0356671 0.0434783
0 0.453765 0.469309 0.0435931 0.0460358
0 0.443197 0.298593 0.0515192 0.0242967
0 0.486129 0.283887 0.0369881 0.028133
0 0.513871 0.283887 0.0317041 0.0255754
0 0.60568 0.882353 0.0383091 0.0358056
0 0.622193 0.849105 0.0343461 0.0358056
1 0.636724 0.858056 0.0343461 0.056266
0 0.594452 0.836957 0.0369881 0.0370844
0 0.625495 0.746164 0.0647292 0.0601023
0 0.630779 0.0453964 0.0568032 0.0549872
0 0.726552 0.0722506 0.0449141 0.0396419
0 0.629458 0.138747 0.0488771 0.0524297
0 0.666446 0.15601 0.0462351 0.0485934
0 0.690885 0.109335 0.0422721 0.0421995
0 0.735799 0.136829 0.0475561 0.0434783
0 0.77675 0.132353 0.0475561 0.0575448
0 0.86856 0.151535 0.0488771 0.0396419
1 0.820343 0.176471 0.0739762 0.0639386
1 0.787318 0.189258 0.0554822 0.056266
0 0.830251 0.211637 0.0303831 0.0242967
0 0.82959 0.25 0.0422721 0.0473146
0 0.898283 0.262788 0.0369881 0.044757
0 0.877807 0.237212 0.0435931 0.0345269
0 0.792602 0.258312 0.0396301 0.0332481
0 0.811757 0.325448 0.0541612 0.0626598
0 0.799868 0.290281 0.0541612 0.0460358
0 0.727873 0.336957 0.0449141 0.0421995
0 0.616909 0.345908 0.0396301 0.0396419
0 0.638705 0.401535 0.0409511 0.0383632
0 0.667107 0.43734 0.0422721 0.0485934
0 0.724571 0.414962 0.0409511 0.0421995
0 0.77609 0.468031 0.0383091 0.0383632
0 0.819683 0.398977 0.0462351 0.0434783
1 0.842801 0.44757 0.0660502 0.0767263
0 0.901585 0.465473 0.0383091 0.0485934
0 0.912814 0.499361 0.0449141 0.0473146
0 0.866579 0.48977 0.0396301 0.0383632
0 0.653236 0.47954 0.0435931 0.0383632
0 0.659181 0.508951 0.0369881 0.0358056
0 0.752312 0.544757 0.0409511 0.0358056
0 0.706077 0.436061 0.0383091 0.0306905
0 0.81638 0.505754 0.0290621 0.0319693
0 0.679657 0.569054 0.0488771 0.0434783
0 0.728534 0.598465 0.0541612 0.0485934
1 0.797226 0.732737 0.0224571 0.0179028
0 0.86856 0.675831 0.0250991 0.0242967
1 0.887054 0.784527 0.0250991 0.0217391
0 0.873184 0.834399 0.0422721 0.0396419
0 0.902246 0.817136 0.0237781 0.028133
0 0.793923 0.920716 0.0528402 0.056266
0 0.768824 0.846547 0.0369881 0.0409207
0 0.737781 0.820332 0.0383091 0.0294118
0 0.787979 0.88555 0.0383091 0.0319693
0 0.741083 0.892583 0.0369881 0.0383632
0 0.727213 0.852941 0.0541612 0.056266
0 0.862616 0.351023 0.0554822 0.0575448
1 0.31572 0.499361 0.0396301 0.0601023
0 0.766182 0.872762 0.0317041 0.0242967
0 0.785997 0.780051 0.0290621 0.0306905
0 0.673052 0.607417 0.0409511 0.0358056
0 0.966975 0.842072 0.0449141 0.044757
0 0.968956 0.797954 0.0383091 0.0383632
0 0.764861 0.436701 0.0396301 0.0294118
0 0.859974 0.287724 0.0290621 0.028133
