1 0.109173 0.134914 0.0315138 0.0698276
0 0.0979178 0.132328 0.0416432 0.0663793
0 0.137873 0.131034 0.0292628 0.0482759
0 0.145189 0.157759 0.0270118 0.037931
1 0.162634 0.119828 0.0416432 0.0672414
0 0.185144 0.075431 0.0405177 0.062931
0 0.208497 0.114655 0.030951 0.05
0 0.231007 0.140948 0.0320765 0.0508621
0 0.199494 0.184052 0.0275746 0.0456897
0 0.213562 0.2 0.037704 0.0637931
0 0.250422 0.215948 0.0337648 0.0508621
0 0.257456 0.167241 0.0365785 0.0603448
0 0.280529 0.188362 0.037704 0.0612069
0 0.284468 0.139224 0.0320765 0.0474138
0 0.44063 0.903017 0.0213844 0.037069
0 0.425436 0.890517 0.0258863 0.0413793
0 0.521103 0.859914 0.0202589 0.0422414
0 0.608047 0.946121 0.0185706 0.0267241
0 0.613112 0.977155 0.0219471 0.0353448
0 0.621553 0.934914 0.0298255 0.0439655
0 0.588351 0.9375 0.0275746 0.0439655
1 0.55937 0.89569 0.0405177 0.0344828
1 0.540236 0.864224 0.0360158 0.0543103
1 0.578784 0.853879 0.0433315 0.0663793
1 0.595667 0.837931 0.0151941 0.0310345
1 0.610017 0.81681 0.0326393 0.0543103
0 0.627462 0.811638 0.0247608 0.0474138
0 0.553742 0.809052 0.0382667 0.0612069
0 0.683174 0.727155 0.0303883 0.0422414
0 0.678391 0.69569 0.0298255 0.0413793
0 0.700056 0.688362 0.0157569 0.025
1 0.730163 0.694828 0.0208216 0.0396552
1 0.740855 0.796983 0.0241981 0.0422414
1 0.768993 0.797414 0.0365785 0.0431034
1 0.761677 0.772414 0.0365785 0.0568966
1 0.810917 0.7625 0.0337648 0.0474138
0 0.446539 0.712069 0.0196961 0.0327586
1 0.468486 0.699569 0.0388295 0.0612069
1 0.607203 0.667672 0.0135059 0.0301724
0 0.732414 0.605603 0.030951 0.0405172
1 0.724254 0.577155 0.0393922 0.0525862
0 0.742544 0.539655 0.0208216 0.0396552
0 0.717783 0.534914 0.030951 0.0508621
0 0.70484 0.504741 0.0129432 0.0232759
0 0.721722 0.498707 0.0230726 0.0318966
0 0.699212 0.490086 0.0185706 0.037069
1 0.82583 0.525 0.037704 0.0431034
0 0.894204 0.60819 0.0337648 0.0336207
1 0.919246 0.563362 0.0365785 0.0560345
1 0.955262 0.59181 0.033202 0.0577586
0 0.980304 0.549138 0.0258863 0.037931
0 0.677546 0.231034 0.0270118 0.0413793
0 0.721441 0.221983 0.0393922 0.0543103
1 0.744513 0.171983 0.0483962 0.0784483
1 0.659539 0.206466 0.0472707 0.0715517
1 0.694992 0.180172 0.0562746 0.0827586
1 0.669949 0.1125 0.0455824 0.0698276
1 0.714969 0.10819 0.0489589 0.0801724
0 0.703151 0.0732759 0.0275746 0.0344828
0 0.651097 0.143103 0.0393922 0.0586207
0 0.641812 0.111207 0.0230726 0.0396552
1 0.665166 0.0672414 0.0438942 0.0603448
0 0.232133 0.242672 0.0219471 0.0267241
1 0.621553 0.990517 0.0208216 0.0172414
0 0.203995 0.224569 0.0287001 0.0301724
1 0.7009 0.190517 0.042206 0.0603448
