0 0.0136564 0.0244828 0.0220264 0.0186207
0 0.0193833 0.18931 0.0281938 0.0227586
1 0.164317 0.470345 0.0502203 0.0358621
0 0.240529 0.454138 0.0246696 0.02
0 0.190308 0.352069 0.0352423 0.0282759
0 0.218943 0.337586 0.0220264 0.02
0 0.239207 0.345172 0.030837 0.02
1 0.236123 0.313448 0.0422907 0.0337931
0 0.26652 0.301724 0.0290749 0.0268966
1 0.296476 0.321379 0.0414097 0.0303448
1 0.3 0.308276 0.0431718 0.0262069
1 0.344493 0.14931 0.0440529 0.0337931
1 0.321586 0.162414 0.0211454 0.0103448
0 0.310132 0.147931 0.0334802 0.0310345
1 0.356388 0.125172 0.030837 0.0227586
0 0.329515 0.0341379 0.0387665 0.0144828
0 0.262996 0.0296552 0.0378855 0.0275862
0 0.185463 0.0731034 0.0343612 0.0262069
0 0.16696 0.152414 0.014978 0.0193103
0 0.119824 0.196897 0.0370044 0.0296552
0 0.363877 0.447931 0.0387665 0.0324138
0 0.3837 0.475172 0.0378855 0.0289655
0 0.436564 0.422069 0.0431718 0.0344828
1 0.385022 0.554138 0.0493392 0.0324138
1 0.395595 0.620345 0.0475771 0.0296552
0 0.428194 0.628621 0.0299559 0.0227586
0 0.451542 0.611379 0.0361233 0.0296552
1 0.402203 0.666552 0.0449339 0.0324138
0 0.511454 0.90069 0.0396476 0.0317241
0 0.497797 0.890345 0.0246696 0.022069
0 0.543612 0.878621 0.0264317 0.0206897
0 0.547137 0.89069 0.0334802 0.0227586
0 0.559031 0.85931 0.0273128 0.022069
0 0.511894 0.844483 0.0352423 0.0282759
0 0.55022 0.803448 0.0396476 0.0303448
0 0.559471 0.737241 0.0352423 0.0289655
1 0.596476 0.719655 0.0422907 0.0351724
0 0.567841 0.347241 0.0378855 0.0227586
0 0.598678 0.346897 0.0237885 0.0193103
0 0.626432 0.357241 0.0299559 0.0234483
1 0.660352 0.357241 0.0361233 0.0344828
0 0.714097 0.176207 0.0378855 0.0255172
1 0.704846 0.191379 0.0370044 0.0255172
1 0.681057 0.22 0.0511013 0.0413793
1 0.729075 0.175517 0.0202643 0.0241379
0 0.782819 0.336552 0.0378855 0.0303448
0 0.809251 0.341034 0.0378855 0.0268966
0 0.796476 0.372069 0.0299559 0.0310345
1 0.800881 0.531724 0.0229075 0.0275862
1 0.873568 0.546897 0.0343612 0.0331034
1 0.872687 0.503793 0.0273128 0.0282759
0 0.885022 0.531034 0.0220264 0.0289655
0 0.0110132 0.261724 0.0202643 0.0227586
0 0.0198238 0.258966 0.0114537 0.0227586
0 0.0110132 0.237241 0.0185022 0.017931
0 0.0396476 0.232069 0.0264317 0.02
