0 0.0299658 0.243432 0.0188356 0.0172414
0 0.0218322 0.293514 0.0248288 0.0238095
0 0.118579 0.326765 0.0231164 0.0213465
0 0.133562 0.268062 0.0222603 0.0205255
0 0.154966 0.297209 0.0205479 0.0246305
0 0.137842 0.29844 0.0325342 0.0270936
0 0.052226 0.493432 0.0188356 0.0147783
0 0.0719178 0.488095 0.0188356 0.0188834
0 0.0928938 0.474548 0.0265411 0.0229885
0 0.0980308 0.511905 0.0333904 0.0320197
0 0.0766267 0.570608 0.0231164 0.0180624
0 0.164812 0.708128 0.0333904 0.0254516
0 0.265839 0.73399 0.0316781 0.0295567
0 0.266267 0.68555 0.0291096 0.0279146
0 0.298801 0.692118 0.0308219 0.0279146
1 0.275685 0.614122 0.0376712 0.0311987
0 0.3125 0.623563 0.0256849 0.0303777
1 0.316781 0.579228 0.0393836 0.0402299
0 0.346747 0.566502 0.0171233 0.0311987
1 0.275257 0.536125 0.0299658 0.0246305
0 0.431935 0.820608 0.0282534 0.0287356
0 0.33262 0.163383 0.0231164 0.0197044
0 0.616866 0.113711 0.0214041 0.0221675
0 0.500856 0.216749 0.0273973 0.0328407
0 0.517123 0.199507 0.0342466 0.0279146
0 0.640411 0.121511 0.0222603 0.0197044
1 0.5625 0.222906 0.0376712 0.0188834
0 0.534247 0.240969 0.0291096 0.0270936
0 0.561216 0.251232 0.0299658 0.0295567
0 0.614298 0.253284 0.0333904 0.0353038
0 0.658818 0.10509 0.0231164 0.0197044
0 0.690925 0.0977011 0.0205479 0.0131363
1 0.681935 0.123974 0.0385274 0.0410509
0 0.75899 0.1211 0.0162671 0.0205255
0 0.740582 0.12069 0.0256849 0.0246305
0 0.725599 0.0238095 0.0333904 0.0311987
1 0.742295 0.044335 0.0393836 0.0262726
0 0.827483 0.0603448 0.0162671 0.0172414
0 0.845462 0.0652709 0.0214041 0.0188834
0 0.879709 0.131363 0.0231164 0.0246305
0 0.686216 0.291461 0.0265411 0.0229885
0 0.942637 0.218801 0.0291096 0.0287356
0 0.934075 0.254105 0.0222603 0.0221675
0 0.961473 0.263957 0.0273973 0.0254516
1 0.980308 0.266831 0.0239726 0.0344828
0 0.943065 0.323892 0.0265411 0.0336617
1 0.973031 0.337438 0.0333904 0.0295567
0 0.888699 0.787767 0.0239726 0.0238095
0 0.797089 0.97619 0.0359589 0.0262726
0 0.741438 0.821839 0.0222603 0.0197044
0 0.752568 0.848933 0.015411 0.0197044
0 0.677226 0.930624 0.0239726 0.0221675
0 0.63613 0.832923 0.0273973 0.0188834
0 0.624144 0.850164 0.0222603 0.0155993
0 0.571918 0.825534 0.0256849 0.0205255
0 0.597603 0.827997 0.0273973 0.0270936
0 0.514127 0.905993 0.0282534 0.0303777
0 0.851027 0.381363 0.0239726 0.0221675
0 0.840753 0.401888 0.0222603 0.0254516
0 0.870719 0.421182 0.0273973 0.0229885
0 0.853596 0.437192 0.0188356 0.0188834
0 0.464897 0.527915 0.0136986 0.0147783
0 0.277825 0.440887 0.0179795 0.0213465
1 0.319349 0.534072 0.015411 0.0205255
0 0.78339 0.940476 0.0136986 0.0221675
0 0.78339 0.95936 0.0256849 0.0238095
1 0.306507 0.654762 0.0171233 0.0303777
0 0.27012 0.65312 0.0282534 0.0254516
1 0.16524 0.733169 0.0188356 0.0262726
0 0.283818 0.558292 0.0231164 0.0229885
