1 0.019833 0.125899 0.0271399 0.0439648
0 0.0414927 0.1247 0.0161795 0.0239808
0 0.0454071 0.110312 0.0177453 0.0207834
1 0.0563674 0.149081 0.0271399 0.0407674
1 0.0274008 0.16267 0.0297495 0.0375699
1 0.0427975 0.446043 0.0156576 0.0223821
1 0.0529749 0.419664 0.0255741 0.039968
1 0.0662839 0.401679 0.0240084 0.0375699
1 0.0665449 0.370504 0.0276618 0.0343725
0 0.0720251 0.342126 0.0281837 0.0319744
0 0.119259 0.153477 0.0161795 0.0223821
0 0.131263 0.167066 0.0161795 0.0223821
1 0.0968163 0.223821 0.0255741 0.0367706
0 0.132046 0.276179 0.0167015 0.0247802
0 0.17119 0.269784 0.0146138 0.0215827
1 0.138309 0.314548 0.0271399 0.0183853
1 0.161795 0.314548 0.026096 0.0391687
0 0.175887 0.379297 0.0187891 0.0247802
1 0.0454071 0.484812 0.0167015 0.0215827
1 0.0623695 0.485612 0.0109603 0.0183853
0 0.0848121 0.464828 0.0161795 0.0279776
0 0.102296 0.53717 0.0125261 0.0191847
1 0.0978601 0.554756 0.0140919 0.0191847
0 0.0780271 0.523981 0.0140919 0.019984
1 0.0636743 0.615508 0.0156576 0.0143885
0 0.0427975 0.835731 0.0167015 0.0231815
0 0.0542797 0.86211 0.0135699 0.019984
0 0.0480167 0.947242 0.0177453 0.028777
0 0.0587161 0.932054 0.00991649 0.0127898
0 0.110647 0.590727 0.0114823 0.0159872
0 0.117171 0.583133 0.0120042 0.0183853
0 0.124217 0.595524 0.0114823 0.011191
1 0.137526 0.609512 0.00991649 0.0167866
0 0.161013 0.652678 0.0193111 0.0263789
0 0.261482 0.79976 0.0240084 0.0391687
0 0.261743 0.721423 0.0172234 0.0247802
0 0.231733 0.675859 0.0177453 0.0247802
1 0.319154 0.734213 0.0287056 0.0407674
1 0.289927 0.723022 0.0318372 0.048761
0 0.298017 0.745404 0.0146138 0.0183853
0 0.273225 0.741807 0.0109603 0.0207834
0 0.251305 0.749001 0.0193111 0.0367706
0 0.239823 0.794165 0.0140919 0.019984
0 0.270355 0.685851 0.019833 0.0303757
0 0.310021 0.689448 0.0187891 0.0263789
0 0.324374 0.693845 0.0213987 0.0367706
0 0.327766 0.657874 0.0250522 0.0367706
1 0.299061 0.651079 0.0250522 0.0391687
1 0.271138 0.651079 0.0245303 0.0343725
0 0.281837 0.61311 0.0167015 0.028777
0 0.288361 0.618705 0.0161795 0.0239808
0 0.283664 0.597922 0.0182672 0.0159872
0 0.317067 0.578737 0.0161795 0.0255795
0 0.326722 0.581135 0.00835073 0.0255795
1 0.31237 0.633094 0.0224426 0.039968
1 0.332463 0.611511 0.0250522 0.0383693
0 0.350992 0.621503 0.0203549 0.0311751
1 0.353601 0.61311 0.0224426 0.0383693
1 0.319676 0.482014 0.0193111 0.0367706
0 0.31263 0.508793 0.0156576 0.0247802
0 0.32333 0.418465 0.0193111 0.0263789
0 0.343946 0.418465 0.0125261 0.0151878
0 0.363518 0.430056 0.0193111 0.0303757
0 0.324113 0.383293 0.019833 0.0295763
1 0.341336 0.373701 0.0229645 0.0359712
1 0.340031 0.341327 0.0193111 0.0351719
0 0.329593 0.341327 0.0161795 0.0239808
1 0.313413 0.335731 0.0203549 0.0335731
0 0.297234 0.325739 0.013048 0.0215827
0 0.37761 0.289768 0.013048 0.0215827
0 0.363779 0.296563 0.0167015 0.028777
0 0.346294 0.288569 0.0151357 0.0223821
0 0.354123 0.264588 0.0151357 0.0223821
0 0.364823 0.263789 0.0167015 0.0255795
0 0.349426 0.454436 0.0120042 0.0215827
0 0.395094 0.385691 0.0177453 0.0263789
0 0.409447 0.402478 0.0161795 0.0247802
0 0.422234 0.435252 0.019833 0.019984
0 0.439457 0.438449 0.0125261 0.0135891
1 0.455376 0.469624 0.0213987 0.019984
0 0.461639 0.477618 0.0161795 0.0215827
0 0.440762 0.486411 0.0172234 0.0263789
1 0.457724 0.505196 0.0219207 0.028777
1 0.445459 0.504796 0.00782881 0.019984
1 0.460073 0.523581 0.0224426 0.0255795
1 0.473904 0.491607 0.0156576 0.0335731
1 0.496086 0.542766 0.0245303 0.0351719
1 0.510438 0.466027 0.0104384 0.0223821
0 0.52714 0.467226 0.0167015 0.0247802
0 0.531837 0.491207 0.0177453 0.0215827
1 0.544102 0.484013 0.0151357 0.0151878
0 0.545929 0.470823 0.0146138 0.0175859
0 0.534969 0.45044 0.0177453 0.0263789
1 0.553497 0.441647 0.0213987 0.0311751
1 0.561065 0.471623 0.0156576 0.0335731
0 0.560804 0.404876 0.0182672 0.0247802
0 0.537317 0.376898 0.013048 0.0183853
1 0.546712 0.363709 0.00887265 0.011191
1 0.543319 0.205436 0.0250522 0.0367706
1 0.534708 0.192246 0.0245303 0.0359712
0 0.614823 0.0999201 0.0177453 0.0319744
0 0.545668 0.522382 0.0203549 0.0295763
1 0.534447 0.552358 0.0271399 0.0447642
1 0.519572 0.581135 0.0245303 0.0367706
1 0.543319 0.58793 0.0219207 0.0359712
1 0.557933 0.560751 0.0187891 0.0375699
1 0.523486 0.615508 0.0281837 0.0303757
0 0.570198 0.58753 0.0213987 0.0335731
0 0.582203 0.706235 0.0234864 0.0375699
0 0.565501 0.722222 0.0193111 0.0279776
0 0.60047 0.707434 0.0193111 0.0335731
0 0.519833 0.77458 0.0125261 0.0207834
0 0.547234 0.866906 0.0161795 0.0247802
0 0.5488 0.886491 0.0182672 0.0239808
0 0.572547 0.903677 0.0135699 0.0231815
0 0.682933 0.63709 0.0245303 0.0367706
0 0.693111 0.66227 0.0187891 0.0183853
1 0.711639 0.655875 0.0161795 0.0135891
0 0.694415 0.620703 0.0161795 0.0311751
0 0.736169 0.344524 0.0182672 0.0271783
1 0.761743 0.428457 0.0276618 0.0447642
0 0.779749 0.994005 0.0177453 0.0119904
0 0.798017 0.914468 0.0240084 0.0383693
0 0.809238 0.900879 0.0193111 0.028777
0 0.823852 0.904876 0.013048 0.0207834
0 0.826461 0.539169 0.0182672 0.0295763
1 0.835595 0.51199 0.026096 0.0359712
0 0.824896 0.477618 0.0182672 0.0263789
0 0.802192 0.305356 0.0135699 0.0191847
1 0.920407 0.292966 0.0213987 0.0375699
0 0.866649 0.464029 0.0213987 0.0327738
0 0.894572 0.882894 0.0250522 0.0391687
0 0.901618 0.892086 0.0172234 0.028777
1 0.948069 0.942846 0.00887265 0.0215827
0 0.949374 0.868106 0.0219207 0.0335731
0 0.970511 0.856914 0.00991649 0.0143885
1 0.932672 0.735012 0.00835073 0.0263789
0 0.92667 0.721023 0.0161795 0.0255795
0 0.932672 0.679456 0.0177453 0.0207834
0 0.931628 0.529976 0.0240084 0.0383693
1 0.952244 0.515188 0.0307933 0.0423661
0 0.934238 0.484013 0.0240084 0.0359712
0 0.979906 0.477618 0.026618 0.0391687
0 0.153967 0.78737 0.0114823 0.0175859
0 0.00913361 0.866906 0.0172234 0.0279776
1 0.230689 0.194644 0.00939457 0.0167866
0 0.228862 0.217426 0.0213987 0.0303757
1 0.210856 0.257394 0.0281837 0.039968
0 0.251827 0.296962 0.0140919 0.019984
0 0.231733 0.303757 0.0125261 0.0191847
1 0.246086 0.31215 0.0234864 0.0295763
1 0.234603 0.340128 0.0203549 0.0295763
1 0.233559 0.356515 0.0161795 0.0159872
0 0.159447 0.597122 0.0151357 0.0239808
0 0.408925 0.281375 0.0109603 0.0223821
0 0.352557 0.277778 0.0120042 0.0135891
0 0.333768 0.406475 0.0151357 0.0135891
1 0.281054 0.705835 0.0287056 0.0319744
0 0.455376 0.444844 0.0140919 0.0119904
1 0.237735 0.842926 0.0151357 0.0231815
1 0.281315 0.344924 0.0135699 0.0167866
1 0.427453 0.259792 0.00835073 0.0143885
1 0.274269 0.543965 0.00678497 0.00879297
0 0.924843 0.743805 0.0114823 0.0183853
0 0.692589 0.308553 0.0114823 0.0207834
0 0.00704593 0.102318 0.013048 0.0303757
