0 0.0466738 0.149641 0.0118026 0.0167598
0 0.0506974 0.135275 0.00912017 0.0215483
0 0.0592811 0.167997 0.0101931 0.0151636
0 0.0954936 0.430168 0.0171674 0.0271349
1 0.0869099 0.45012 0.0193133 0.0239425
0 0.0751073 0.434557 0.0160944 0.0167598
0 0.0957618 0.486034 0.0166309 0.028731
0 0.118294 0.463288 0.0209227 0.0231445
0 0.123659 0.478851 0.0177039 0.0255387
0 0.0410408 0.705507 0.0198498 0.0207502
0 0.0528433 0.721868 0.0123391 0.0199521
0 0.0665236 0.726656 0.0150215 0.0247406
0 0.0321888 0.748204 0.0160944 0.0247406
0 0.0450644 0.76656 0.0246781 0.0359138
0 0.0592811 0.756983 0.0166309 0.027933
0 0.0576717 0.788109 0.014485 0.0199521
0 0.0439914 0.801277 0.0182403 0.0271349
0 0.0228004 0.792099 0.0166309 0.0247406
0 0.157457 0.622107 0.013412 0.027933
0 0.112929 0.736233 0.0198498 0.0295291
0 0.139753 0.735036 0.0187768 0.0271349
0 0.146459 0.717877 0.0139485 0.0199521
0 0.133315 0.701915 0.013412 0.0215483
0 0.159603 0.687949 0.0198498 0.028731
0 0.167114 0.711093 0.0112661 0.028731
0 0.179721 0.706704 0.0203863 0.0311253
0 0.193133 0.72905 0.0214592 0.0311253
0 0.177843 0.42897 0.0166309 0.0247406
1 0.208959 0.527933 0.0177039 0.0263368
0 0.223712 0.516361 0.0107296 0.0175579
0 0.247586 0.843575 0.0187768 0.0143655
0 0.128487 0.353951 0.014485 0.0215483
0 0.145118 0.360335 0.0198498 0.0295291
0 0.15853 0.367518 0.0123391 0.0215483
0 0.191255 0.282123 0.0177039 0.0311253
0 0.144313 0.332003 0.0160944 0.0239425
0 0.206277 0.321229 0.0177039 0.0263368
0 0.216738 0.312051 0.0171674 0.028731
0 0.207618 0.286512 0.0193133 0.0271349
0 0.199034 0.302873 0.0193133 0.0199521
0 0.204399 0.25818 0.0203863 0.027933
0 0.212715 0.222666 0.0198498 0.0303272
0 0.234442 0.236632 0.0203863 0.0311253
0 0.277361 0.364725 0.0203863 0.0271349
0 0.296137 0.0518755 0.0139485 0.0239425
0 0.284335 0.476057 0.00858369 0.0135674
0 0.270655 0.585395 0.00697425 0.0135674
0 0.26985 0.604948 0.00751073 0.0255387
0 0.291309 0.59577 0.0139485 0.0199521
0 0.279506 0.626097 0.0128755 0.0183559
0 0.282457 0.636872 0.014485 0.0207502
0 0.294796 0.651237 0.00912017 0.0159617
0 0.291577 0.663607 0.0123391 0.0167598
1 0.33235 0.815243 0.0295064 0.0454908
0 0.338251 0.843176 0.0177039 0.0231445
0 0.296942 0.771748 0.0101931 0.028731
0 0.304453 0.769753 0.0155579 0.0247406
0 0.320547 0.790104 0.0262876 0.0351157
0 0.321888 0.736233 0.0193133 0.0295291
0 0.319474 0.719872 0.0219957 0.028731
0 0.341202 0.729848 0.0214592 0.0311253
0 0.336642 0.699521 0.0241416 0.0295291
0 0.378487 0.780128 0.0305794 0.0438947
0 0.37956 0.698723 0.0177039 0.0247406
0 0.383315 0.723065 0.0166309 0.0239425
0 0.366148 0.662809 0.0230687 0.0359138
0 0.412554 0.711492 0.0203863 0.0311253
0 0.403702 0.67079 0.0230687 0.0359138
0 0.393509 0.660415 0.0155579 0.027933
0 0.409067 0.636872 0.0230687 0.0319234
0 0.339861 0.557861 0.0187768 0.0271349
0 0.3522 0.559457 0.0166309 0.0303272
0 0.402092 0.561453 0.0155579 0.0231445
0 0.392167 0.532721 0.0160944 0.0231445
0 0.40853 0.529529 0.0166309 0.0247406
0 0.383584 0.237829 0.0128755 0.0207502
1 0.398337 0.253392 0.0241416 0.03751
0 0.421406 0.250599 0.0219957 0.0351157
0 0.398605 0.0335196 0.0203863 0.0303272
0 0.392972 0.0430966 0.0219957 0.0303272
0 0.400751 0.0123703 0.0203863 0.0231445
0 0.420333 0.0167598 0.0177039 0.0303272
0 0.428648 0.0299282 0.0182403 0.0327215
0 0.401824 0.0654429 0.0203863 0.028731
0 0.424356 0.0841979 0.0193133 0.027933
0 0.404506 0.094174 0.0225322 0.0335196
0 0.406921 0.119713 0.0166309 0.0239425
0 0.428648 0.114924 0.0236052 0.0351157
0 0.444742 0.0207502 0.0118026 0.0159617
0 0.453326 0.0367119 0.0118026 0.0175579
0 0.456545 0.0646449 0.0107296 0.0159617
0 0.464324 0.0518755 0.0101931 0.0175579
0 0.465933 0.0363128 0.00912017 0.0151636
0 0.477468 0.0442937 0.0139485 0.0167598
0 0.493026 0.0678372 0.0128755 0.0223464
0 0.482833 0.0275339 0.0139485 0.0199521
0 0.493026 0.0383081 0.00965665 0.0175579
1 0.5 0.0363128 0.0128755 0.0231445
0 0.460837 0.415802 0.0257511 0.0383081
0 0.481491 0.370311 0.0166309 0.0255387
0 0.467543 0.368715 0.0198498 0.0303272
0 0.432135 0.681165 0.0209227 0.0327215
0 0.443133 0.697127 0.0193133 0.0343176
0 0.45118 0.637271 0.0214592 0.0311253
0 0.468079 0.630088 0.0241416 0.03751
0 0.467275 0.590184 0.0128755 0.0199521
0 0.473444 0.584996 0.00912017 0.0111732
0 0.482564 0.586592 0.00912017 0.0143655
0 0.492758 0.600559 0.014485 0.0215483
1 0.467543 0.699521 0.0284335 0.0422985
0 0.483101 0.689146 0.0198498 0.0295291
0 0.493294 0.722666 0.0241416 0.0327215
0 0.526556 0.690742 0.0262876 0.0327215
0 0.504024 0.643256 0.0241416 0.0351157
0 0.4375 0.986832 0.0198498 0.0247406
0 0.516631 0.0710295 0.0118026 0.019154
0 0.520655 0.0422985 0.0112661 0.0159617
0 0.52897 0.0598563 0.0150215 0.0223464
0 0.543187 0.0630487 0.0112661 0.0159617
0 0.526824 0.028731 0.0150215 0.028731
0 0.535944 0.0263368 0.0150215 0.0239425
0 0.544796 0.0411014 0.0112661 0.0199521
0 0.499464 0.0115722 0.0118026 0.0183559
0 0.576717 0.0905826 0.0107296 0.0183559
1 0.527897 0.122905 0.0139485 0.0303272
1 0.57162 0.150439 0.014485 0.0247406
0 0.558208 0.164405 0.0112661 0.0175579
0 0.56867 0.174781 0.0182403 0.0255387
0 0.566524 0.350359 0.0128755 0.019154
0 0.498659 0.379888 0.0112661 0.0159617
0 0.50617 0.389465 0.013412 0.0207502
0 0.511266 0.367119 0.0150215 0.0175579
0 0.522264 0.393855 0.0101931 0.0183559
0 0.538895 0.387071 0.0155579 0.019154
0 0.551502 0.39585 0.0139485 0.0223464
0 0.554721 0.37909 0.0150215 0.019154
0 0.590665 0.436951 0.0214592 0.0311253
1 0.519045 0.620511 0.0241416 0.0327215
0 0.530848 0.589785 0.0187768 0.0271349
0 0.54265 0.609338 0.0219957 0.0311253
0 0.549088 0.658021 0.0219957 0.0327215
1 0.565719 0.654429 0.0209227 0.0383081
0 0.550697 0.683958 0.0219957 0.0207502
0 0.563841 0.687949 0.0107296 0.028731
0 0.622586 0.455706 0.0230687 0.0319234
0 0.640558 0.47087 0.026824 0.0399042
0 0.637607 0.431764 0.0209227 0.0319234
0 0.626609 0.37909 0.0182403 0.028731
0 0.639217 0.367917 0.0209227 0.0335196
1 0.663358 0.37071 0.0273605 0.0422985
0 0.68133 0.345571 0.0214592 0.0319234
0 0.685086 0.375898 0.0203863 0.0335196
1 0.662017 0.586193 0.0311159 0.047087
0 0.649946 0.573823 0.0155579 0.0239425
0 0.625268 0.584198 0.0166309 0.0239425
0 0.641094 0.613727 0.0246781 0.0335196
1 0.664431 0.626097 0.0230687 0.0311253
0 0.684281 0.586193 0.0166309 0.0231445
0 0.686695 0.613727 0.0225322 0.0335196
0 0.687768 0.639266 0.0246781 0.028731
0 0.707618 0.621708 0.0203863 0.028731
0 0.589592 0.844374 0.0171674 0.0319234
0 0.588251 0.865523 0.0198498 0.0119713
0 0.671137 0.868715 0.0193133 0.027933
0 0.688573 0.892259 0.0187768 0.028731
0 0.700644 0.879888 0.0203863 0.0343176
0 0.691255 0.839186 0.0219957 0.0327215
0 0.70574 0.851955 0.0209227 0.0343176
1 0.74544 0.555068 0.0273605 0.0311253
0 0.733369 0.523144 0.0139485 0.0215483
0 0.686964 0.245411 0.0209227 0.0311253
0 0.704936 0.248603 0.0214592 0.0311253
0 0.769582 0.60415 0.0187768 0.028731
0 0.788895 0.60016 0.0262876 0.0383081
0 0.797479 0.563049 0.0262876 0.0391061
0 0.779506 0.568635 0.00858369 0.0247406
0 0.810891 0.589385 0.0187768 0.0247406
0 0.817865 0.608939 0.0241416 0.0335196
0 0.82162 0.56664 0.0230687 0.0383081
0 0.851127 0.582602 0.0209227 0.0303272
0 0.776019 0.809258 0.0187768 0.0255387
0 0.770655 0.828412 0.0101931 0.0271349
0 0.91309 0.975658 0.0203863 0.0295291
1 0.945279 0.926177 0.0160944 0.0263368
1 0.962715 0.910215 0.0187768 0.0327215
0 0.957886 0.833599 0.0155579 0.0199521
0 0.968884 0.822426 0.0139485 0.0231445
0 0.986052 0.848763 0.0203863 0.0295291
0 0.902092 0.722267 0.0177039 0.0303272
0 0.939109 0.640862 0.0209227 0.0319234
0 0.938841 0.671189 0.0214592 0.0319234
0 0.782457 0.171189 0.0219957 0.0327215
0 0.542918 0.377095 0.00858369 0.0103751
0 0.476663 0.567438 0.0177039 0.0271349
0 0.539968 0.649641 0.0198498 0.0255387
0 0.852468 0.65403 0.0193133 0.0311253
0 0.855418 0.630487 0.014485 0.0207502
0 0.572157 0.057063 0.0101931 0.0183559
1 0.387339 0.197127 0.0118026 0.019154
1 0.131706 0.0698324 0.0112661 0.0151636
0 0.589861 0.181963 0.0123391 0.019154
0 0.518777 0.355148 0.0128755 0.0175579
0 0.0203863 0.747007 0.00751073 0.0175579
0 0.267436 0.484038 0.014485 0.0215483
0 0.0962983 0.232642 0.0123391 0.0215483
0 0.0729614 0.0151636 0.0118026 0.0175579
0 0.090397 0.019154 0.00912017 0.0159617
0 0.170601 0.00598563 0.00965665 0.00877893
0 0.223176 0.0159617 0.00858369 0.0143655
