1 0.210417 0.186557 0.025 0.0521262
1 0.517708 0.0521262 0.0854167 0.0356653
0 0.528125 0.0733882 0.0979167 0.0397805
1 0.623958 0.0788752 0.127083 0.0809328
1 0.3875 0.0713306 0.170833 0.0932785
0 0.515625 0.119342 0.135417 0.090535
0 0.621875 0.137174 0.110417 0.085048
1 0.277083 0.1262 0.104167 0.0823045
1 0.4125 0.144033 0.141667 0.109739
0 0.53125 0.187929 0.0958333 0.0603567
1 0.627083 0.19273 0.116667 0.0781893
1 0.305208 0.200274 0.14375 0.0932785
1 0.404167 0.244856 0.0958333 0.0973937
1 0.514583 0.256516 0.15 0.101509
0 0.232292 0.296982 0.110417 0.0727023
0 0.415625 0.315501 0.0479167 0.0438957
0 0.338542 0.286008 0.114583 0.0809328
0 0.384375 0.341564 0.0729167 0.0493827
0 0.289583 0.352538 0.104167 0.0576132
0 0.355208 0.395062 0.139583 0.0576132
1 0.389583 0.596708 0.0791667 0.0301783
1 0.328125 0.624829 0.0770833 0.0397805
0 0.447917 0.655007 0.0291667 0.037037
0 0.290625 0.808642 0.0770833 0.0397805
0 0.415625 0.765432 0.0770833 0.0658436
1 0.402083 0.816872 0.108333 0.0754458
0 0.388542 0.81893 0.0729167 0.0548697
0 0.310417 0.832647 0.0875 0.0603567
1 0.784375 0.726337 0.04375 0.0233196
1 0.841667 0.753086 0.0625 0.0466392
1 0.842708 0.769547 0.0520833 0.0438957
1 0.592708 0.729767 0.15625 0.101509
1 0.707292 0.76406 0.102083 0.0877915
1 0.60625 0.815501 0.1375 0.0809328
0 0.561458 0.884088 0.08125 0.0315501
1 0.710417 0.877229 0.0416667 0.0205761
0 0.564583 0.912209 0.1125 0.0548697
0 0.646875 0.91358 0.0354167 0.0246914
1 0.794792 0.879973 0.10625 0.0699588
0 0.617708 0.94856 0.09375 0.0589849
0 0.795833 0.937586 0.0666667 0.042524
0 0.847917 0.932099 0.0583333 0.0699588
0 0.68125 0.932785 0.05 0.0356653
1 0.726042 0.964335 0.10625 0.0603567
