0 0.232834 0.135744 0.0586767 0.058663
0 0.395755 0.0497954 0.0549313 0.0559345
0 0.463795 0.145975 0.0786517 0.0763984
0 0.464419 0.209413 0.0524345 0.0559345
0 0.568664 0.197135 0.051186 0.0559345
0 0.544944 0.29809 0.0411985 0.0450205
0 0.583645 0.189632 0.0362047 0.0436562
0 0.639201 0.209413 0.0399501 0.0450205
0 0.646692 0.254434 0.0599251 0.0668486
0 0.35206 0.184857 0.0474407 0.0559345
0 0.355805 0.804229 0.0499376 0.0504775
1 0.409488 0.783083 0.062422 0.0682128
1 0.749688 0.965211 0.0636704 0.0613915
0 0.715356 0.932469 0.0499376 0.053206
0 0.785893 0.925648 0.0461923 0.0504775
0 0.774032 0.882674 0.0499376 0.0627558
1 0.820849 0.304911 0.0761548 0.0723056
0 0.796504 0.199181 0.0249688 0.0163711
0 0.770911 0.221692 0.0461923 0.0559345
0 0.865169 0.244202 0.0349563 0.0654843
0 0.820849 0.236016 0.0736579 0.0873124
