0 0.00494277 0.349763 0.00884495 0.0208531
1 0.0520291 0.522749 0.0437045 0.0369668
0 0.0736212 0.50545 0.0296566 0.0279621
0 0.14204 0.515403 0.0312175 0.0270142
0 0.815557 0.31872 0.041103 0.0412322
0 0.795525 0.355687 0.0343392 0.0364929
0 0.216181 0.549763 0.0338189 0.0341232
1 0.220604 0.604502 0.0395421 0.0374408
0 0.243236 0.625118 0.0234131 0.0227488
0 0.186785 0.60545 0.0280957 0.0232227
1 0.182102 0.584834 0.0228928 0.0170616
0 0.334027 0.533886 0.0322581 0.0279621
1 0.408169 0.559479 0.0296566 0.021327
0 0.369147 0.634597 0.0234131 0.0218009
0 0.351717 0.641943 0.0208117 0.0194313
1 0.394381 0.776777 0.0395421 0.0303318
0 0.397763 0.791706 0.0223725 0.021327
1 0.473205 0.766351 0.0556712 0.050237
1 0.463059 0.801659 0.0530697 0.0459716
1 0.51717 0.781043 0.0478668 0.0464455
1 0.492976 0.734123 0.0629553 0.0464455
0 0.468522 0.706635 0.0369407 0.0322275
0 0.509365 0.461374 0.0489074 0.0478673
0 0.528356 0.500474 0.0400624 0.0379147
1 0.558012 0.457346 0.0442248 0.0492891
1 0.580385 0.523934 0.0577523 0.0507109
1 0.622529 0.537204 0.0494277 0.0488152
0 0.362123 0.519431 0.0166493 0.0218009
0 0.370187 0.52654 0.0182102 0.0208531
0 0.120708 0.169431 0.024974 0.0251185
1 0.175858 0.0161137 0.0260146 0.0227488
1 0.835848 0.172038 0.0254943 0.0236967
1 0.904787 0.207583 0.0197711 0.0180095
1 0.92872 0.205924 0.0114464 0.0175355
1 0.972425 0.575355 0.0156087 0.0170616
0 0.376171 0.649526 0.0239334 0.0279621
0 0.514308 0.720142 0.016129 0.0146919
0 0.0707596 0.482227 0.0197711 0.0165877
0 0.958637 0.568246 0.0140479 0.0132701
0 0.881894 0.73436 0.0145682 0.0156398
0 0.89334 0.740995 0.0166493 0.0156398
0 0.543965 0.551896 0.0213319 0.0184834
0 0.443809 0.625118 0.0156087 0.0170616
0 0.420395 0.515877 0.0197711 0.0222749
1 0.401665 0.524645 0.0197711 0.0151659
0 0.919875 0.217536 0.0135276 0.014218
1 0.900624 0.00805687 0.0301769 0.0151659
0 0.867586 0.0447867 0.016129 0.00805687
0 0.854579 0.0400474 0.00988554 0.0118483
