1 0.0666667 0.414026 0.0342508 0.0377613
1 0.088685 0.442347 0.0366972 0.0377613
0 0.0642202 0.440661 0.0207951 0.0236008
0 0.111621 0.437626 0.02263 0.0323668
0 0.0614679 0.524275 0.017737 0.0222522
0 0.00733945 0.556305 0.0134557 0.0215779
1 0.103058 0.523938 0.0360856 0.0377613
1 0.0700306 0.557991 0.0262997 0.0289953
1 0.0923547 0.566082 0.0207951 0.026298
0 0.101223 0.581591 0.0262997 0.0209036
0 0.106422 0.600809 0.0342508 0.0350641
0 0.0360856 0.583951 0.0220183 0.0215779
0 0.0752294 0.584963 0.0232416 0.0249494
0 0.0633028 0.601821 0.017737 0.0182063
0 0.0853211 0.602158 0.0103976 0.0148348
1 0.0195719 0.603844 0.0281346 0.0330411
1 0.114679 0.650034 0.0385321 0.0431558
0 0.134557 0.664531 0.0220183 0.0289953
0 0.107034 0.682738 0.0342508 0.0316925
0 0.0883792 0.663857 0.02263 0.026298
0 0.0623853 0.664194 0.0293578 0.0337154
1 0.0727829 0.789616 0.0391437 0.0418071
1 0.10581 0.807148 0.0366972 0.0364127
1 0.066055 0.831423 0.0415902 0.0364127
0 0.0840979 0.869858 0.0348624 0.0215779
1 0.121713 0.889413 0.0379205 0.0391099
0 0.144954 0.88031 0.0195719 0.0236008
0 0.149235 0.905597 0.0256881 0.0242751
0 0.170642 0.9147 0.030581 0.0330411
0 0.141284 0.919757 0.0171254 0.0161834
0 0.153823 0.950101 0.0116208 0.0161834
0 0.209786 0.988874 0.0342508 0.0222522
0 0.18685 0.818948 0.0348624 0.0397842
0 0.222018 0.807822 0.0342508 0.0377613
0 0.210092 0.839514 0.0238532 0.0242751
0 0.177982 0.846258 0.0281346 0.0296696
1 0.182569 0.870533 0.0152905 0.0215779
0 0.199083 0.867161 0.0311927 0.0350641
0 0.211927 0.881659 0.0165138 0.0222522
0 0.23211 0.876939 0.0373089 0.037087
0 0.250459 0.879299 0.0140673 0.028321
0 0.20948 0.755226 0.0214067 0.0242751
0 0.119266 0.791639 0.0256881 0.0242751
0 0.127829 0.752192 0.0342508 0.0357384
1 0.159021 0.519555 0.035474 0.037087
0 0.164832 0.564396 0.0201835 0.0215779
1 0.187462 0.579568 0.0348624 0.0357384
1 0.214985 0.577883 0.0238532 0.0215779
0 0.195413 0.674309 0.0262997 0.028321
0 0.138226 0.792987 0.0122324 0.0188806
0 0.155352 0.788604 0.00856269 0.0155091
0 0.138838 0.81996 0.00856269 0.017532
0 0.125076 0.830411 0.0103976 0.0101146
0 0.120795 0.84356 0.00795107 0.0107889
0 0.116208 0.856709 0.0122324 0.0128119
0 0.0920489 0.824343 0.0103976 0.0101146
0 0.108869 0.826365 0.00856269 0.00606878
0 0.125994 0.857047 0.00733945 0.00944032
0 0.153517 0.059002 0.0159021 0.0182063
0 0.163914 0.0708024 0.0134557 0.0188806
0 0.168502 0.399865 0.0201835 0.0215779
0 0.180428 0.397842 0.0122324 0.0202293
1 0.158716 0.4147 0.0116208 0.0202293
0 0.215596 0.449764 0.0250765 0.028321
0 0.244648 0.333446 0.0244648 0.026298
0 0.244343 0.360418 0.0287462 0.0303439
1 0.233945 0.38739 0.0311927 0.0303439
0 0.252294 0.385367 0.0152905 0.0222522
0 0.271254 0.385705 0.0262997 0.028321
1 0.279511 0.394808 0.0269113 0.0249494
0 0.290214 0.476399 0.0214067 0.0249494
1 0.309786 0.49292 0.0360856 0.0404585
1 0.282263 0.505732 0.0360856 0.0391099
0 0.263609 0.524275 0.0195719 0.019555
1 0.233028 0.50944 0.0110092 0.0101146
0 0.249541 0.510789 0.0134557 0.0128119
0 0.293272 0.532704 0.017737 0.0161834
0 0.281346 0.554619 0.0232416 0.0236008
0 0.259021 0.572151 0.0201835 0.0182063
0 0.293884 0.68004 0.0311927 0.0330411
1 0.344037 0.70499 0.0397554 0.0424815
1 0.361162 0.740391 0.0360856 0.0391099
1 0.385627 0.734659 0.0311927 0.0384356
0 0.382569 0.681052 0.0152905 0.017532
1 0.402141 0.692178 0.0201835 0.0236008
0 0.365749 0.615981 0.0171254 0.019555
1 0.401835 0.108564 0.0281346 0.0161834
0 0.42263 0.107889 0.0207951 0.0148348
1 0.448012 0.127444 0.0336391 0.0337154
1 0.412232 0.137222 0.0220183 0.019555
1 0.431498 0.140593 0.02263 0.0289953
1 0.47737 0.222185 0.0262997 0.0276467
0 0.392966 0.310856 0.0214067 0.0229265
0 0.402446 0.302765 0.0159021 0.0188806
0 0.405199 0.346258 0.0287462 0.0289953
0 0.42844 0.335131 0.0262997 0.0323668
1 0.452599 0.348281 0.0318043 0.037087
0 0.414679 0.740728 0.00978593 0.0168577
0 0.440673 0.74174 0.0262997 0.0269724
0 0.555657 0.992583 0.02263 0.0148348
0 0.504281 0.674646 0.0262997 0.0289953
0 0.543425 0.687458 0.02263 0.0276467
0 0.489297 0.610249 0.0232416 0.0256237
0 0.509786 0.597775 0.0238532 0.0276467
0 0.581957 0.602832 0.0165138 0.0148348
0 0.578593 0.616318 0.0171254 0.0188806
0 0.588073 0.621038 0.0103976 0.0161834
0 0.563914 0.519218 0.0183486 0.0202293
1 0.603976 0.528658 0.0348624 0.0350641
0 0.544343 0.487525 0.00978593 0.0121376
1 0.568196 0.475725 0.035474 0.0343898
0 0.568196 0.443358 0.0256881 0.0303439
0 0.585015 0.464262 0.0165138 0.019555
0 0.591743 0.473365 0.0165138 0.0229265
0 0.587156 0.441335 0.0232416 0.0289953
1 0.599388 0.440998 0.0244648 0.0391099
0 0.540673 0.3294 0.0281346 0.0330411
0 0.566667 0.303439 0.0189602 0.0229265
1 0.587462 0.326028 0.0385321 0.037087
0 0.582875 0.348618 0.0220183 0.017532
0 0.601835 0.274444 0.0293578 0.0364127
0 0.624159 0.289616 0.0238532 0.0303439
0 0.609786 0.308833 0.0232416 0.0269724
1 0.622936 0.309508 0.00795107 0.0148348
1 0.596636 0.300742 0.00795107 0.0121376
1 0.633028 0.419083 0.0293578 0.0316925
1 0.649541 0.399191 0.0342508 0.0310182
1 0.665443 0.427175 0.0256881 0.037087
0 0.645566 0.438301 0.02263 0.0242751
1 0.635168 0.442009 0.0299694 0.026298
1 0.670948 0.527647 0.0366972 0.0397842
0 0.688379 0.517195 0.02263 0.028321
0 0.679205 0.557316 0.0287462 0.026298
1 0.691743 0.568105 0.0110092 0.019555
1 0.673089 0.575523 0.0348624 0.0343898
0 0.630581 0.616655 0.0195719 0.0182063
0 0.640979 0.608901 0.0183486 0.0188806
0 0.665138 0.675657 0.0165138 0.0202293
0 0.655963 0.0660823 0.0238532 0.0296696
0 0.682569 0.0940661 0.0207951 0.0249494
0 0.58318 0.147674 0.0238532 0.0256237
0 0.575229 0.125759 0.017737 0.0182063
1 0.569113 0.141605 0.0140673 0.0202293
0 0.598165 0.130142 0.0183486 0.0215779
0 0.619572 0.142279 0.0195719 0.0256237
1 0.629969 0.11497 0.0330275 0.0316925
1 0.64159 0.134862 0.0269113 0.0323668
0 0.668502 0.167229 0.0183486 0.0242751
0 0.663914 0.158463 0.017737 0.0188806
0 0.661162 0.148348 0.00978593 0.00809171
0 0.7 0.167566 0.0214067 0.0249494
0 0.714985 0.157451 0.0122324 0.0141605
1 0.715291 0.178355 0.0201835 0.0276467
0 0.696636 0.189481 0.0195719 0.0215779
0 0.701223 0.378287 0.0165138 0.0215779
1 0.73211 0.392785 0.0318043 0.0236008
0 0.720183 0.426837 0.0201835 0.017532
1 0.735168 0.439987 0.0195719 0.0209036
0 0.747401 0.456507 0.0159021 0.017532
0 0.763303 0.484491 0.0256881 0.0289953
0 0.757798 0.503372 0.0195719 0.0222522
1 0.779205 0.508766 0.0207951 0.0343898
0 0.769419 0.516183 0.0232416 0.0249494
0 0.716514 0.527984 0.0299694 0.0310182
0 0.729358 0.543493 0.0238532 0.0269724
1 0.74893 0.530344 0.0287462 0.0303439
0 0.768502 0.538773 0.0152905 0.0188806
0 0.748012 0.556642 0.0220183 0.0249494
0 0.768807 0.576871 0.0220183 0.0249494
0 0.722936 0.592717 0.0195719 0.0215779
1 0.726911 0.577208 0.0336391 0.0296696
0 0.707951 0.643628 0.0262997 0.0289953
0 0.699083 0.656777 0.0207951 0.0188806
0 0.700306 0.636885 0.0171254 0.0182063
0 0.710092 0.829063 0.0232416 0.019555
0 0.712232 0.818611 0.0262997 0.0269724
1 0.849541 0.497977 0.0207951 0.026298
0 0.859939 0.520566 0.0122324 0.0229265
1 0.843119 0.519555 0.017737 0.0222522
0 0.727217 0.096089 0.0207951 0.0249494
0 0.782569 0.137222 0.0250765 0.0303439
0 0.790214 0.174309 0.0195719 0.0276467
1 0.765138 0.1706 0.0342508 0.0364127
0 0.769113 0.189144 0.02263 0.0141605
0 0.794801 0.221173 0.0201835 0.0242751
0 0.811315 0.233648 0.0201835 0.019555
0 0.835474 0.244774 0.0232416 0.0256237
1 0.820795 0.192852 0.0293578 0.0323668
0 0.818349 0.212407 0.0195719 0.0188806
0 0.776147 0.716116 0.0293578 0.0161834
0 0.764832 0.698584 0.0152905 0.0202293
0 0.768502 0.706339 0.0152905 0.0141605
0 0.784098 0.875927 0.0220183 0.0229265
0 0.795413 0.87087 0.017737 0.0249494
0 0.927217 0.869521 0.0256881 0.0289953
0 0.951682 0.877276 0.0269113 0.0296696
0 0.967278 0.891099 0.02263 0.0289953
0 0.948318 0.904922 0.0201835 0.0229265
0 0.959633 0.915711 0.0256881 0.0242751
0 0.799388 0.613621 0.0207951 0.0215779
0 0.846177 0.664194 0.0262997 0.0269724
1 0.840061 0.690829 0.0262997 0.0276467
0 0.871865 0.679703 0.0152905 0.0256237
0 0.888073 0.682401 0.0293578 0.0269724
0 0.894495 0.66116 0.0238532 0.026298
0 0.91315 0.666217 0.0195719 0.0229265
0 0.457798 0.0428186 0.0152905 0.0155091
0 0.469113 0.0323668 0.0159021 0.0161834
0 0.506116 0.155428 0.0152905 0.0155091
0 0.505199 0.171612 0.0146789 0.0155091
0 0.558716 0.206339 0.017737 0.0202293
0 0.533945 0.229939 0.0171254 0.0215779
0 0.536086 0.216453 0.0140673 0.017532
0 0.548624 0.231288 0.0183486 0.0202293
0 0.549541 0.245111 0.0238532 0.0209036
0 0.685933 0.0320297 0.017737 0.0141605
0 0.0541284 0.447404 0.0103976 0.0114633
0 0.133028 0.94673 0.00917431 0.0121376
