0 0.342732 0.2436 0.0413534 0.0561519
0 0.338972 0.213873 0.0363409 0.0429397
0 0.311717 0.271263 0.0269424 0.0388109
0 0.338033 0.281998 0.0256892 0.0305533
0 0.368108 0.248968 0.0319549 0.0586292
0 0.396617 0.284063 0.0288221 0.0396367
1 0.37312 0.32659 0.0545113 0.0685384
1 0.335526 0.369529 0.052005 0.0602808
0 0.298246 0.345169 0.0300752 0.0363336
0 0.301378 0.390586 0.0325815 0.0396367
0 0.29104 0.417836 0.0307018 0.0379851
0 0.221178 0.405863 0.0363409 0.0487201
0 0.357456 0.390586 0.0281955 0.0511974
0 0.821115 0.639141 0.0357143 0.0462428
0 0.844612 0.676301 0.0325815 0.0511974
0 0.824875 0.719653 0.0357143 0.045417
1 0.752193 0.6346 0.0294486 0.0520231
1 0.498434 0.393064 0.023183 0.0528489
0 0.673559 0.403386 0.0162907 0.0503716
0 0.463346 0.304707 0.0307018 0.0462428
0 0.780702 0.292733 0.0413534 0.0586292
0 0.753133 0.326177 0.0338346 0.0545004
0 0.755326 0.279108 0.0269424 0.0412882
0 0.804511 0.159785 0.0300752 0.0404624
0 0.66698 0.123039 0.023183 0.0330306
1 0.334273 0.42981 0.0607769 0.0536746
0 0.471178 0.781998 0.0213033 0.028076
1 0.492794 0.784889 0.0156642 0.0305533
1 0.413534 0.745252 0.0162907 0.0206441
0 0.413534 0.71057 0.0125313 0.0189926
