1 0.02 0.876375 0.0105882 0.00868558
1 0.0261765 0.8674 0.0135294 0.0104227
1 0.0232353 0.88564 0.0135294 0.0110017
1 0.0641176 0.869427 0.0152941 0.0110017
1 0.0791176 0.866532 0.0135294 0.0121598
1 0.0838235 0.892588 0.0158824 0.0133179
1 0.101765 0.882166 0.0152941 0.0133179
1 0.0982353 0.890272 0.0164706 0.0133179
1 0.111176 0.898379 0.0164706 0.014476
1 0.0944118 0.869716 0.0147059 0.0115808
1 0.110294 0.869427 0.0158824 0.014476
1 0.119706 0.865663 0.0111765 0.0127389
1 0.126765 0.850608 0.0135294 0.0104227
1 0.145294 0.864794 0.0152941 0.0110017
1 0.135294 0.872322 0.02 0.0167921
1 0.161765 0.867979 0.0152941 0.0162131
1 0.180882 0.870006 0.0182353 0.015634
1 0.138235 0.844528 0.00705882 0.0121598
1 0.148529 0.845397 0.0111765 0.00926462
1 0.11 0.794441 0.0129412 0.00810654
1 0.119412 0.808338 0.0152941 0.00810654
1 0.148235 0.807759 0.0152941 0.0104227
1 0.132941 0.816155 0.0176471 0.014476
0 0.108235 0.814708 0.0164706 0.0138969
1 0.115294 0.82542 0.0164706 0.0133179
1 0.152353 0.821367 0.00941176 0.014476
1 0.166765 0.812391 0.0135294 0.00926462
1 0.175 0.80718 0.0135294 0.0138969
1 0.201765 0.820787 0.00705882 0.0121598
1 0.09 0.65055 0.0105882 0.015634
1 0.100294 0.651129 0.0170588 0.0133179
1 0.11 0.642154 0.02 0.015055
1 0.114412 0.659525 0.0170588 0.0185292
1 0.0967647 0.667921 0.0194118 0.0167921
1 0.120882 0.676317 0.0170588 0.015055
1 0.139412 0.677475 0.0129412 0.0115808
1 0.132059 0.661262 0.0158824 0.0185292
1 0.148824 0.666474 0.0223529 0.0196873
1 0.138235 0.645339 0.0176471 0.0167921
1 0.154706 0.649392 0.0188235 0.0191083
1 0.168235 0.647655 0.0141176 0.0121598
1 0.166765 0.672554 0.0170588 0.0167921
1 0.179118 0.683845 0.0205882 0.0162131
1 0.201471 0.681239 0.0170588 0.0133179
1 0.192941 0.65692 0.0129412 0.00984366
1 0.199412 0.665605 0.0152941 0.0075275
1 0.245588 0.66271 0.0147059 0.0110017
1 0.258824 0.645918 0.0129412 0.0133179
1 0.311176 0.652287 0.0105882 0.0110017
1 0.212941 0.670816 0.0105882 0.00868558
0 0.212353 0.661262 0.0105882 0.00810654
1 0.150294 0.455414 0.0158824 0.014476
1 0.157647 0.471048 0.0164706 0.014476
0 0.155588 0.484366 0.01 0.0110017
1 0.156765 0.49421 0.01 0.0110017
0 0.17 0.505211 0.0129412 0.00868558
1 0.170588 0.45165 0.0129412 0.00926462
1 0.187941 0.45802 0.0135294 0.0127389
1 0.176765 0.463521 0.0158824 0.015634
1 0.201765 0.469311 0.0152941 0.0191083
1 0.212059 0.47568 0.01 0.0110017
1 0.225882 0.472785 0.0141176 0.00868558
0 0.229412 0.482339 0.0141176 0.0173712
1 0.167353 0.479734 0.0135294 0.015634
0 0.18 0.491314 0.0152941 0.014476
1 0.168529 0.495368 0.0147059 0.014476
1 0.186471 0.504053 0.02 0.0133179
1 0.185 0.479734 0.0205882 0.0179502
1 0.199706 0.490156 0.0205882 0.015634
1 0.216176 0.49392 0.0170588 0.0173712
1 0.249412 0.488998 0.0188235 0.00984366
1 0.240588 0.497105 0.02 0.015634
0 0.239412 0.507528 0.0152941 0.0121598
1 0.249118 0.517661 0.0135294 0.00694847
1 0.266471 0.515055 0.0129412 0.0075275
1 0.255882 0.505211 0.0176471 0.0202664
1 0.270294 0.502606 0.0147059 0.0162131
1 0.286176 0.502606 0.0158824 0.0173712
0 0.302059 0.487261 0.0147059 0.0110017
1 0.316471 0.480023 0.0164706 0.00926462
0 0.335882 0.486682 0.0164706 0.015634
1 0.324412 0.492472 0.0135294 0.0133179
1 0.31 0.538796 0.0164706 0.0167921
1 0.297059 0.553561 0.0188235 0.0104227
1 0.362647 0.526925 0.0158824 0.0115808
1 0.373529 0.459467 0.0105882 0.015634
1 0.381765 0.464389 0.0223529 0.0208454
0 0.375588 0.480892 0.0123529 0.014476
0 0.393235 0.438622 0.0205882 0.00984366
1 0.378529 0.444991 0.0123529 0.014476
1 0.409118 0.450492 0.0135294 0.015055
1 0.394118 0.449624 0.0176471 0.0179502
0 0.404412 0.459757 0.0147059 0.0138969
1 0.42 0.464389 0.0188235 0.0208454
1 0.392353 0.478286 0.02 0.0196873
1 0.427059 0.480892 0.0117647 0.0167921
1 0.415588 0.48784 0.0217647 0.0225825
1 0.433235 0.49971 0.0182353 0.0220035
1 0.392941 0.491604 0.02 0.0127389
1 0.393235 0.501448 0.0135294 0.00810654
1 0.409118 0.508686 0.0205882 0.0179502
1 0.391765 0.512449 0.0176471 0.0173712
1 0.414118 0.528083 0.0176471 0.0173712
1 0.441176 0.519687 0.0105882 0.0167921
1 0.429412 0.519977 0.02 0.0208454
1 0.487059 0.5 0.0152941 0.0133179
1 0.495882 0.533005 0.0164706 0.00868558
1 0.500882 0.545165 0.0170588 0.015634
1 0.504706 0.561957 0.0176471 0.0167921
1 0.517647 0.573538 0.0141176 0.0133179
1 0.526471 0.55414 0.0164706 0.0138969
1 0.499706 0.502606 0.0111765 0.00579039
1 0.292353 0.0332947 0.0176471 0.0179502
0 0.305294 0.0402432 0.0141176 0.014476
1 0.29 0.0471917 0.0152941 0.0167921
0 0.307941 0.0665895 0.0170588 0.015055
1 0.296176 0.0683266 0.0111765 0.0173712
0 0.247941 0.0807759 0.0111765 0.0121598
1 0.256176 0.0784598 0.00764706 0.0133179
1 0.257647 0.0880139 0.0105882 0.0115808
1 0.226176 0.0703532 0.0135294 0.0167921
1 0.241471 0.0691951 0.0147059 0.0133179
1 0.231176 0.0848292 0.0141176 0.0167921
1 0.244118 0.0935148 0.0164706 0.015634
1 0.251176 0.103937 0.0152941 0.015634
1 0.240588 0.108859 0.00941176 0.0127389
0 0.266765 0.096989 0.0170588 0.0167921
1 0.278529 0.100463 0.01 0.0121598
1 0.288235 0.106254 0.0141176 0.015634
1 0.264412 0.119572 0.0158824 0.014476
1 0.251176 0.122177 0.0164706 0.0173712
1 0.314412 0.136074 0.0158824 0.015055
1 0.285588 0.121888 0.0205882 0.0202664
1 0.300882 0.128836 0.0135294 0.0179502
1 0.317353 0.0903301 0.0217647 0.0173712
1 0.327059 0.10828 0.0211765 0.0196873
1 0.343824 0.0984366 0.0170588 0.0173712
1 0.350588 0.110307 0.0117647 0.0133179
1 0.340588 0.12044 0.0164706 0.0185292
1 0.353529 0.127678 0.00941176 0.00868558
1 0.357941 0.139838 0.0123529 0.014476
1 0.340588 0.146786 0.0176471 0.0133179
1 0.357647 0.16271 0.02 0.0104227
1 0.364118 0.157499 0.00941176 0.00926462
1 0.444412 0.125362 0.0182353 0.0110017
1 0.439706 0.142444 0.00647059 0.0104227
1 0.426176 0.159236 0.00882353 0.00926462
0 0.539706 0.182687 0.0170588 0.0179502
0 0.527059 0.175159 0.0152941 0.0167921
1 0.526765 0.197163 0.0123529 0.015634
1 0.506765 0.191372 0.0194118 0.0167921
1 0.502353 0.206427 0.0211765 0.0237406
1 0.533235 0.213955 0.0194118 0.0202664
1 0.536471 0.232484 0.0223529 0.0167921
1 0.546765 0.222061 0.01 0.00984366
1 0.513824 0.223509 0.0135294 0.0173712
1 0.530882 0.256804 0.0135294 0.0202664
1 0.527647 0.268095 0.0176471 0.0208454
1 0.517647 0.280544 0.02 0.0191083
1 0.501765 0.272727 0.0164706 0.0127389
1 0.47 0.323972 0.0188235 0.0191083
1 0.477941 0.339317 0.0158824 0.0138969
1 0.496176 0.337869 0.0135294 0.0110017
1 0.506471 0.344239 0.0105882 0.0133179
1 0.524706 0.345397 0.0164706 0.015634
1 0.54 0.34945 0.0176471 0.0167921
1 0.530882 0.359294 0.0123529 0.014476
0 0.539118 0.374349 0.0135294 0.0133179
1 0.548529 0.364505 0.0147059 0.0133179
1 0.569118 0.375217 0.0170588 0.0162131
0 0.577059 0.396931 0.0129412 0.014476
1 0.497353 0.651998 0.0182353 0.0173712
1 0.493824 0.669369 0.01 0.0173712
1 0.503824 0.666184 0.0123529 0.015634
1 0.513824 0.652287 0.0135294 0.0110017
1 0.530882 0.645049 0.0135294 0.0104227
1 0.546471 0.655761 0.0176471 0.0133179
1 0.524412 0.657209 0.0147059 0.0173712
1 0.519118 0.677475 0.0205882 0.0185292
1 0.414706 0.695426 0.0176471 0.0162131
1 0.427353 0.704401 0.0170588 0.0167921
1 0.438824 0.717429 0.0152941 0.0162131
0 0.412059 0.710481 0.0135294 0.0115808
1 0.422059 0.724667 0.0170588 0.0179502
1 0.437647 0.732484 0.0176471 0.0127389
1 0.455 0.736248 0.0123529 0.015634
1 0.451765 0.713665 0.0117647 0.0179502
1 0.464412 0.723509 0.0147059 0.0121598
1 0.47 0.736248 0.0141176 0.0121598
1 0.478824 0.729878 0.0117647 0.0110017
0 0.450294 0.77707 0.0205882 0.0185292
1 0.458235 0.790098 0.0164706 0.0133179
1 0.522059 0.823104 0.0111765 0.00984366
0 0.536471 0.822814 0.0117647 0.0115808
1 0.560294 0.848581 0.0182353 0.0179502
1 0.544706 0.858135 0.0152941 0.0162131
1 0.548529 0.873191 0.0170588 0.0138969
1 0.535588 0.874928 0.0111765 0.0162131
1 0.538824 0.889404 0.0141176 0.0115808
1 0.6 0.901274 0.0141176 0.0133179
1 0.595 0.840475 0.0147059 0.0133179
0 0.592647 0.816734 0.0123529 0.0133179
0 0.52 0.889404 0.00941176 0.00810654
0 0.56 0.894036 0.0129412 0.0104227
1 0.655294 0.679213 0.0152941 0.015055
1 0.664412 0.693399 0.0170588 0.0167921
1 0.650882 0.699189 0.0147059 0.015634
1 0.508235 0.724378 0.0117647 0.0162131
1 0.516765 0.743486 0.0135294 0.0138969
1 0.504706 0.744354 0.0117647 0.0110017
1 0.563824 0.749566 0.0111765 0.015634
1 0.573529 0.712218 0.0141176 0.0173712
0 0.595882 0.712797 0.0129412 0.0138969
1 0.585294 0.724957 0.0188235 0.0173712
1 0.598235 0.754777 0.0141176 0.014476
0 0.599118 0.772438 0.0123529 0.0104227
1 0.631176 0.768384 0.00941176 0.00926462
1 0.667941 0.840185 0.0241176 0.0266358
1 0.748235 0.8315 0.0105882 0.0104227
1 0.733529 0.839027 0.0105882 0.0104227
1 0.744706 0.844818 0.0129412 0.0104227
1 0.699706 0.841922 0.0264706 0.0231616
1 0.690588 0.853503 0.0258824 0.0231616
0 0.679706 0.863636 0.0229412 0.0225825
1 0.672941 0.871453 0.0270588 0.0266358
0 0.69 0.889693 0.0176471 0.0202664
1 0.731765 0.882455 0.0235294 0.0266358
1 0.71 0.900695 0.0270588 0.0225825
1 0.718824 0.910539 0.0211765 0.0133179
1 0.725588 0.925304 0.0264706 0.0220035
0 0.756176 0.953098 0.0217647 0.0220035
1 0.780294 0.951071 0.0241176 0.0225825
1 0.755 0.978576 0.0217647 0.0254777
1 0.775 0.977417 0.0252941 0.0196873
1 0.807059 0.973364 0.0282353 0.0324262
1 0.605882 0.988709 0.0188235 0.0179502
0 0.627941 0.93949 0.0135294 0.014476
1 0.842353 0.778228 0.0176471 0.0162131
1 0.772941 0.0361899 0.0176471 0.0121598
1 0.763529 0.0469021 0.00588235 0.00926462
1 0.770294 0.052982 0.0135294 0.014476
1 0.764412 0.0665895 0.0182353 0.0162131
1 0.782353 0.0613781 0.0176471 0.0127389
1 0.783824 0.0469021 0.0182353 0.0196873
1 0.795 0.0541401 0.0111765 0.015634
1 0.8 0.0628257 0.0117647 0.00868558
1 0.798529 0.074696 0.0158824 0.0162131
1 0.800294 0.089172 0.0170588 0.0162131
1 0.784118 0.103937 0.0152941 0.0167921
1 0.802353 0.113781 0.0152941 0.0179502
1 0.822941 0.107412 0.00941176 0.014476
1 0.827353 0.112913 0.00764706 0.00926462
1 0.850588 0.115808 0.0141176 0.0162131
1 0.867059 0.119861 0.0141176 0.0162131
1 0.871176 0.110886 0.0141176 0.0133179
1 0.847941 0.135785 0.0147059 0.0179502
0 0.680882 0.125362 0.0135294 0.0133179
1 0.692941 0.127099 0.0129412 0.014476
1 0.672353 0.134047 0.0141176 0.0133179
1 0.685882 0.139259 0.0129412 0.0121598
1 0.700294 0.142444 0.0123529 0.0138969
1 0.687941 0.154314 0.0147059 0.0133179
1 0.721765 0.177186 0.0164706 0.0115808
1 0.716471 0.185582 0.0164706 0.014476
0 0.692941 0.59062 0.0176471 0.0162131
0 0.705294 0.57846 0.0188235 0.0162131
0 0.705588 0.605675 0.0170588 0.0162131
1 0.675882 0.591488 0.0188235 0.014476
1 0.675294 0.556746 0.0105882 0.014476
1 0.670588 0.572959 0.00941176 0.0110017
1 0.746471 0.563405 0.0105882 0.00926462
1 0.766176 0.521714 0.0135294 0.00926462
1 0.771765 0.537927 0.0188235 0.0196873
0 0.782353 0.508975 0.00941176 0.0104227
1 0.742647 0.482339 0.01 0.0138969
1 0.956765 0.274175 0.0205882 0.0167921
1 0.957353 0.290388 0.0205882 0.0214244
1 0.935882 0.288072 0.02 0.0214244
1 0.872353 0.241749 0.00823529 0.0075275
1 0.868235 0.882455 0.00941176 0.0138969
1 0.929706 0.896642 0.0229412 0.0191083
1 0.950882 0.880718 0.0158824 0.0104227
0 0.960294 0.893167 0.0135294 0.0167921
1 0.946176 0.905906 0.0205882 0.0167921
0 0.905 0.919803 0.0135294 0.0133179
1 0.897647 0.915171 0.00705882 0.0110017
0 0.916765 0.918356 0.0111765 0.0104227
0 0.928824 0.923856 0.0117647 0.0110017
1 0.894412 0.92762 0.0123529 0.0127389
1 0.910588 0.930226 0.02 0.015634
1 0.901176 0.938911 0.0129412 0.014476
1 0.920294 0.949334 0.00882353 0.00984366
0 0.925588 0.935148 0.0123529 0.0138969
1 0.977059 0.886508 0.0105882 0.015055
0 0.930588 0.786914 0.0141176 0.0115808
1 0.959412 0.720035 0.0223529 0.0191083
1 0.934412 0.698031 0.0205882 0.0202664
1 0.967353 0.698321 0.0135294 0.0138969
0 0.985882 0.71685 0.0164706 0.0173712
1 0.984412 0.702664 0.0170588 0.0121598
0 0.994118 0.636074 0.0105882 0.014476
1 0.977647 0.647655 0.0235294 0.0237406
1 0.965294 0.628836 0.00941176 0.00694847
1 0.941765 0.625941 0.02 0.0231616
1 0.878529 0.254777 0.0123529 0.00694847
1 0.863529 0.259409 0.00941176 0.00463231
1 0.901765 0.290677 0.0141176 0.00694847
1 0.899412 0.318471 0.0152941 0.0115808
1 0.89 0.326578 0.0164706 0.0115808
1 0.885588 0.299363 0.0158824 0.0127389
1 0.866471 0.266068 0.0152941 0.00868558
1 0.819118 0.253619 0.0111765 0.0127389
1 0.833824 0.255935 0.0158824 0.0127389
1 0.843235 0.262884 0.00764706 0.00810654
1 0.833529 0.269832 0.0164706 0.0127389
1 0.823529 0.279676 0.00823529 0.00926462
1 0.824118 0.291546 0.0105882 0.0121598
1 0.834412 0.28315 0.0135294 0.0115808
1 0.862353 0.282281 0.00941176 0.00521135
1 0.848529 0.273885 0.00882353 0.00694847
0 0.745588 0.254198 0.0147059 0.00926462
1 0.759118 0.253909 0.00882353 0.0121598
1 0.756176 0.270122 0.0158824 0.0110017
1 0.767941 0.279676 0.0135294 0.0115808
1 0.752647 0.290677 0.0205882 0.0173712
1 0.765882 0.3011 0.00823529 0.0104227
1 0.762647 0.318761 0.0147059 0.0121598
1 0.779412 0.366532 0.0141176 0.0127389
1 0.781765 0.381008 0.0129412 0.0115808
1 0.711471 0.304864 0.00882353 0.0133179
1 0.720882 0.307759 0.00882353 0.0121598
0 0.715882 0.318761 0.0105882 0.0110017
0 0.729412 0.328894 0.0105882 0.0104227
0 0.738529 0.324551 0.0123529 0.0133179
1 0.750294 0.337001 0.0158824 0.015055
1 0.759412 0.338159 0.0105882 0.00926462
1 0.723529 0.341343 0.0152941 0.0121598
1 0.735882 0.342501 0.0129412 0.0121598
0 0.721765 0.328605 0.00823529 0.0121598
0 0.703529 0.317313 0.0129412 0.0173712
0 0.700294 0.344239 0.0147059 0.0179502
1 0.849412 0.428489 0.0105882 0.00694847
1 0.848235 0.420961 0.0117647 0.00926462
1 0.861765 0.424146 0.0141176 0.014476
0 0.834706 0.438622 0.0129412 0.014476
0 0.850294 0.441807 0.0147059 0.0104227
1 0.866176 0.447597 0.0158824 0.0196873
1 0.841765 0.453677 0.0211765 0.0214244
1 0.843824 0.465258 0.0205882 0.0133179
0 0.880588 0.455704 0.0141176 0.015055
1 0.893235 0.459757 0.0135294 0.0127389
1 0.906765 0.468442 0.0170588 0.0196873
1 0.913824 0.481471 0.0205882 0.0214244
1 0.926176 0.472206 0.0182353 0.0191083
1 0.936471 0.4641 0.0188235 0.0179502
1 0.950588 0.474812 0.0176471 0.0185292
1 0.945588 0.485235 0.0217647 0.0231616
1 0.917941 0.495657 0.0264706 0.0173712
1 0.905588 0.623914 0.0123529 0.0075275
1 0.875294 0.629415 0.0188235 0.0220035
1 0.891765 0.638101 0.0105882 0.0138969
1 0.182941 0.255356 0.0141176 0.0127389
0 0.169118 0.255356 0.0147059 0.0127389
1 0.174118 0.263173 0.0164706 0.0167921
1 0.190588 0.268964 0.0105882 0.0110017
1 0.162353 0.269543 0.0117647 0.0121598
1 0.190294 0.281702 0.0135294 0.0121598
1 0.173824 0.283729 0.0111765 0.0138969
1 0.185294 0.290098 0.0141176 0.0115808
1 0.253235 0.275912 0.0170588 0.014476
1 0.277353 0.288072 0.01 0.0121598
1 0.242059 0.287493 0.0123529 0.0121598
1 0.268235 0.290098 0.0117647 0.0115808
1 0.254412 0.291546 0.0135294 0.0133179
1 0.278824 0.299653 0.00941176 0.00984366
1 0.252941 0.317313 0.0117647 0.0104227
1 0.266471 0.323972 0.0105882 0.0133179
1 0.273235 0.306891 0.0135294 0.0115808
1 0.338235 0.874928 0.0164706 0.0127389
1 0.326765 0.888246 0.00882353 0.0115808
1 0.439412 0.188188 0.0141176 0.0138969
1 0.370588 0.47018 0.00941176 0.0104227
1 0.551176 0.887087 0.00941176 0.00926462
1 0.562941 0.882166 0.0152941 0.0110017
1 0.590294 0.987261 0.0111765 0.0115808
0 0.462647 0.336711 0.0123529 0.0133179
1 0.571765 0.36769 0.0176471 0.0138969
1 0.777647 0.300811 0.00941176 0.0075275
1 0.887647 0.290098 0.00941176 0.00810654
1 0.88 0.506659 0.0258824 0.0196873
1 0.899412 0.509554 0.0152941 0.0104227
1 0.912941 0.509844 0.0129412 0.00984366
1 0.886765 0.607701 0.0111765 0.014476
1 0.937941 0.718008 0.0170588 0.0104227
1 0.94 0.794731 0.0129412 0.00984366
1 0.562353 0.731905 0.0117647 0.0138969
1 0.595588 0.735379 0.0170588 0.0138969
1 0.665 0.708454 0.0135294 0.00984366
1 0.251471 0.302548 0.0123529 0.00984366
1 0.180588 0.271569 0.0129412 0.0115808
1 0.182941 0.515924 0.0105882 0.0104227
0 0.435 0.485814 0.00882353 0.00810654
1 0.256471 0.666474 0.00823529 0.00926462
1 0.540882 0.814708 0.00764706 0.00579039
1 0.538235 0.680081 0.0117647 0.0110017
1 0.573529 0.700926 0.0141176 0.00984366
1 0.547059 0.740301 0.0117647 0.00636943
1 0.534706 0.74117 0.00941176 0.0115808
1 0.553235 0.714823 0.0111765 0.00984366
1 0.540882 0.732195 0.00882353 0.00984366
1 0.962059 0.733932 0.0135294 0.0121598
1 0.977059 0.729299 0.0129412 0.00868558
