1 0.556985 0.8864 0.136029 0.0608
1 0.75 0.9032 0.0955882 0.0432
1 0.681985 0.9232 0.113971 0.048
0 0.661765 0.8776 0.102941 0.04
0 0.753676 0.8712 0.102941 0.04
0 0.0294118 0.1496 0.0514706 0.0528
0 0.229779 0.148 0.0992647 0.0432
0 0.180147 0.1624 0.132353 0.0592
0 0.0790441 0.1944 0.128676 0.0528
0 0.283088 0.1992 0.117647 0.0496
0 0.0955882 0.2776 0.0441176 0.024
0 0.152574 0.2608 0.128676 0.0544
0 0.259191 0.2808 0.106618 0.0496
0 0.303309 0.2488 0.128676 0.056
1 0.604779 0.8048 0.136029 0.0384
1 0.169118 0.692 0.147059 0.0592
0 0.608456 0.7608 0.0992647 0.0464
1 0.378676 0.744 0.139706 0.064
1 0.514706 0.7416 0.132353 0.0624
0 0.299632 0.3048 0.128676 0.0464
0 0.536765 0.264 0.0882353 0.0256
0 0.494485 0.28 0.106618 0.048
0 0.492647 0.3672 0.0882353 0.0368
1 0.387868 0.3944 0.0992647 0.0592
0 0.457721 0.392 0.0992647 0.0416
0 0.279412 0.42 0.125 0.0304
1 0.288603 0.3848 0.165441 0.0496
1 0.279412 0.3568 0.139706 0.0608
0 0.145221 0.308 0.106618 0.0432
0 0.0496324 0.3768 0.0919118 0.0592
0 0.0845588 0.4352 0.0955882 0.0448
1 0.15625 0.3896 0.180147 0.0656
0 0.183824 0.5056 0.0955882 0.0448
1 0.251838 0.4496 0.136029 0.0608
1 0.28125 0.4896 0.150735 0.0416
1 0.268382 0.5192 0.147059 0.0336
1 0.0330882 0.4944 0.0588235 0.032
1 0.0698529 0.5816 0.132353 0.0432
1 0.0790441 0.532 0.150735 0.0656
1 0.194853 0.556 0.125 0.056
1 0.279412 0.5904 0.132353 0.0672
0 0.200368 0.6232 0.106618 0.0464
0 0.450368 0.6472 0.106618 0.0432
0 0.272059 0.6752 0.102941 0.048
