0 0.0987413 0.00990462 0.0195312 0.0183419
0 0.093099 0.0352164 0.0195312 0.0366838
0 0.108941 0.0308144 0.0225694 0.0381511
0 0.185547 0.183786 0.0230035 0.0388848
0 0.235894 0.139765 0.0195312 0.0344828
0 0.208984 0.224138 0.0282118 0.052091
0 0.170573 0.218269 0.0208333 0.0242113
0 0.192057 0.245781 0.0212674 0.029347
0 0.155599 0.266691 0.015191 0.0154072
0 0.168186 0.2854 0.0273438 0.0484226
0 0.143229 0.321717 0.0225694 0.0300807
0 0.115668 0.24358 0.0186632 0.0366838
0 0.129774 0.247982 0.0199653 0.0278797
0 0.16645 0.330521 0.0238715 0.0359501
0 0.201823 0.326119 0.0217014 0.0359501
0 0.107856 0.2146 0.0108507 0.0212766
1 0.131076 0.399853 0.0234375 0.029347
0 0.146484 0.4281 0.0282118 0.0432869
0 0.166233 0.451944 0.0164931 0.0264123
0 0.184462 0.445341 0.0234375 0.0425532
1 0.0672743 0.548789 0.0407986 0.0704329
1 0.105686 0.552458 0.0368924 0.0674982
0 0.239149 0.454512 0.0286458 0.0476889
0 0.257378 0.619956 0.0217014 0.0337491
0 0.235243 0.647102 0.0338542 0.0572267
0 0.238498 0.715701 0.031684 0.0491563
0 0.251302 0.761922 0.0321181 0.0535583
0 0.0238715 0.783199 0.0251736 0.0491563
0 0.0444878 0.789802 0.0256076 0.0447542
0 0.0377604 0.811445 0.0286458 0.0396185
0 0.0540365 0.843727 0.0299479 0.0454879
0 0.0690104 0.80741 0.0251736 0.0432869
0 0.315538 0.842627 0.0243056 0.0476889
0 0.311415 0.760822 0.0273438 0.0484226
1 0.333984 0.774028 0.031684 0.0572267
1 0.310113 0.514674 0.0325521 0.0506236
0 0.256944 0.320249 0.0269097 0.052091
1 0.276476 0.344094 0.0269097 0.0572267
0 0.285373 0.24358 0.0325521 0.054292
0 0.347439 0.22157 0.0134549 0.029347
0 0.363281 0.226706 0.0286458 0.0469552
0 0.331814 0.224138 0.0247396 0.0462216
0 0.404297 0.226339 0.0247396 0.0374175
1 0.3852 0.252018 0.0377604 0.0608951
1 0.376736 0.272927 0.0355903 0.0645635
0 0.348958 0.261922 0.0251736 0.0425532
0 0.335069 0.298239 0.0364583 0.0638298
0 0.353516 0.0333822 0.0195312 0.0330154
0 0.366753 0.0513573 0.0234375 0.0366838
1 0.476345 0.097212 0.0325521 0.052091
1 0.503689 0.110418 0.0342882 0.0623624
0 0.479601 0.13573 0.0234375 0.0366838
0 0.467014 0.154806 0.0234375 0.0381511
0 0.491319 0.291636 0.0234375 0.0432869
0 0.519531 0.305209 0.0182292 0.0322817
0 0.511285 0.434336 0.0217014 0.0425532
1 0.552951 0.434336 0.0321181 0.0572267
1 0.531033 0.466985 0.0351562 0.0579604
1 0.540799 0.503668 0.0355903 0.0491563
0 0.508898 0.508437 0.0282118 0.0484226
0 0.45855 0.576302 0.0125868 0.0242113
0 0.470269 0.569332 0.016059 0.029347
1 0.461155 0.59281 0.0186632 0.0264123
0 0.454644 0.544754 0.0299479 0.052091
0 0.491536 0.573001 0.015191 0.029347
0 0.508464 0.569332 0.0238715 0.0484226
0 0.526693 0.587674 0.0186632 0.0352164
1 0.509766 0.61482 0.0247396 0.0498899
0 0.47678 0.787601 0.0221354 0.0403522
0 0.498698 0.860235 0.0225694 0.0403522
0 0.509332 0.831621 0.0169271 0.0256787
0 0.518446 0.844461 0.0203993 0.0352164
0 0.503255 0.7854 0.0117188 0.0227439
0 0.516493 0.792737 0.0121528 0.0198092
0 0.516927 0.780264 0.0112847 0.0183419
0 0.530382 0.799707 0.0112847 0.0176082
0 0.540799 0.792737 0.0112847 0.0168745
0 0.570095 0.779164 0.00998264 0.0205429
0 0.434462 0.801541 0.0121528 0.0212766
0 0.386936 0.771093 0.0143229 0.0220103
0 0.209852 0.539252 0.016059 0.0278797
0 0.113715 0.44901 0.0164931 0.0234776
0 0.128038 0.436904 0.0173611 0.0242113
1 0.68099 0.234409 0.0164931 0.0256787
1 0.662109 0.287234 0.0125868 0.0242113
1 0.900174 0.76339 0.0321181 0.0491563
0 0.876519 0.736977 0.0195312 0.0330154
0 0.95638 0.682685 0.0238715 0.0388848
0 0.725911 0.56383 0.0264757 0.0403522
0 0.670139 0.510271 0.0208333 0.0388848
0 0.687934 0.445708 0.0217014 0.0388848
0 0.803819 0.426999 0.0182292 0.0337491
1 0.79796 0.467718 0.0377604 0.0535583
0 0.929036 0.498899 0.0117188 0.0190756
0 0.908203 0.501834 0.0264757 0.0498899
1 0.942274 0.532649 0.0277778 0.0484226
1 0.962891 0.505503 0.0342882 0.0469552
0 0.868056 0.4281 0.0208333 0.0374175
0 0.76237 0.377109 0.0230035 0.0396185
0 0.784505 0.394718 0.0273438 0.0425532
0 0.776476 0.346295 0.015625 0.0264123
0 0.789931 0.319883 0.0251736 0.0352164
1 0.792752 0.35033 0.0273438 0.0462216
1 0.815321 0.355466 0.0273438 0.0652971
1 0.965929 0.384813 0.0186632 0.0212766
0 0.461155 0.994131 0.00911458 0.00880411
0 0.14171 0.210198 0.0221354 0.0330154
0 0.905382 0.46515 0.0121528 0.0308144
1 0.808594 0.858034 0.0234375 0.0432869
1 0.831814 0.865371 0.0203993 0.0476889
0 0.202908 0.88518 0.00824653 0.0183419
