1 0.0735415 0.360914 0.0287592 0.035533
1 0.0735415 0.278173 0.032046 0.0385787
0 0.0772391 0.321827 0.0180772 0.022335
0 0.0788825 0.251269 0.021364 0.0192893
0 0.0846343 0.235533 0.0246508 0.0263959
0 0.0981923 0.232995 0.0123254 0.0213198
0 0.111339 0.236548 0.0205423 0.0243655
1 0.110518 0.20203 0.0304026 0.0365482
0 0.0119145 0.49797 0.0221857 0.0314721
0 0.0156122 0.672081 0.0197206 0.0263959
0 0.0390304 0.668528 0.0271159 0.0294416
0 0.00657354 0.766497 0.0115037 0.0263959
0 0.00410846 0.796447 0.00657354 0.0314721
0 0.0143796 0.979695 0.0221857 0.0284264
0 0.0525883 0.974112 0.0246508 0.0294416
0 0.133936 0.988832 0.0180772 0.0203046
0 0.148726 0.982234 0.0147905 0.0192893
0 0.1553 0.971066 0.0197206 0.0274112
0 0.0957272 0.935533 0.0238291 0.0253807
0 0.10682 0.956345 0.0147905 0.0162437
0 0.119556 0.946701 0.0221857 0.0314721
1 0.140509 0.640609 0.0328677 0.0385787
0 0.113394 0.348731 0.0246508 0.0314721
0 0.122432 0.256853 0.0197206 0.0284264
0 0.164749 0.271066 0.0156122 0.022335
0 0.195152 0.277157 0.0188989 0.022335
0 0.122021 0.217766 0.0287592 0.0314721
0 0.132293 0.244162 0.0230074 0.0274112
0 0.151191 0.244162 0.0246508 0.0314721
1 0.159408 0.212183 0.0328677 0.0365482
0 0.122843 0.17665 0.0287592 0.0243655
0 0.146672 0.173096 0.0254725 0.0314721
0 0.157354 0.169543 0.0156122 0.0304569
0 0.163928 0.084264 0.0188989 0.0243655
0 0.206245 0.086802 0.0197206 0.0233503
0 0.218981 0.0796954 0.0172555 0.0233503
0 0.135168 0.461421 0.0238291 0.0335025
0 0.15037 0.458883 0.0164339 0.022335
0 0.148726 0.487817 0.021364 0.0274112
0 0.141331 0.52132 0.0180772 0.0213198
0 0.156943 0.530457 0.0180772 0.0192893
1 0.164749 0.507614 0.0287592 0.0365482
0 0.209532 0.437056 0.0262942 0.0335025
0 0.217749 0.448731 0.0180772 0.022335
0 0.231306 0.446193 0.0188989 0.0233503
0 0.227198 0.469543 0.0205423 0.0253807
1 0.200493 0.486294 0.0377979 0.0446701
1 0.212818 0.620305 0.0131471 0.0162437
1 0.191865 0.592893 0.0238291 0.0365482
0 0.204601 0.55736 0.0131471 0.0243655
0 0.222268 0.562437 0.010682 0.0263959
0 0.252671 0.46599 0.0238291 0.0345178
1 0.288003 0.402538 0.0254725 0.0274112
1 0.316763 0.56802 0.0271159 0.035533
0 0.315941 0.65533 0.032046 0.0375635
0 0.324158 0.630964 0.0221857 0.0253807
1 0.406327 0.928426 0.0336894 0.0395939
1 0.43221 0.925888 0.021364 0.0365482
0 0.401808 0.883756 0.0262942 0.0314721
0 0.415366 0.843655 0.0221857 0.0324873
0 0.387839 0.839086 0.0147905 0.0192893
0 0.396467 0.779188 0.0238291 0.0294416
0 0.386196 0.74264 0.021364 0.0172589
1 0.385374 0.615736 0.0279376 0.035533
0 0.432621 0.664467 0.0238291 0.0294416
0 0.396056 0.581218 0.0230074 0.035533
0 0.376746 0.464975 0.0238291 0.0203046
0 0.414133 0.473096 0.0131471 0.0243655
0 0.274035 0.326396 0.0172555 0.0192893
0 0.294988 0.33198 0.021364 0.0284264
0 0.304848 0.364975 0.0180772 0.0233503
0 0.313476 0.376142 0.00903862 0.013198
1 0.347165 0.395431 0.0336894 0.0314721
1 0.343878 0.359391 0.0254725 0.0324873
0 0.364421 0.350761 0.0221857 0.0233503
0 0.375514 0.346701 0.0147905 0.0192893
0 0.396056 0.343655 0.0262942 0.0233503
0 0.426048 0.334518 0.0156122 0.0172589
1 0.501643 0.556345 0.0205423 0.0182741
0 0.487675 0.47665 0.0205423 0.0294416
0 0.216105 0.179695 0.0197206 0.022335
0 0.221446 0.16802 0.0221857 0.0253807
0 0.237469 0.156345 0.0197206 0.0284264
0 0.257601 0.147716 0.0221857 0.0253807
0 0.28143 0.146193 0.0205423 0.0263959
0 0.263763 0.172589 0.0164339 0.0203046
0 0.282662 0.164467 0.0197206 0.0182741
0 0.272802 0.135533 0.0246508 0.0294416
0 0.295399 0.130457 0.0156122 0.0192893
0 0.306491 0.150761 0.0230074 0.0294416
0 0.304437 0.184772 0.0353328 0.0365482
0 0.337305 0.151269 0.0188989 0.0243655
1 0.337305 0.140609 0.032046 0.0314721
0 0.363599 0.136548 0.0172555 0.0213198
0 0.377157 0.141117 0.0164339 0.022335
1 0.427691 0.210152 0.0336894 0.0426396
0 0.422761 0.184264 0.0205423 0.0172589
0 0.453574 0.175127 0.0328677 0.035533
0 0.447823 0.18731 0.0262942 0.0274112
0 0.415366 0.114213 0.0238291 0.0253807
0 0.4318 0.132995 0.0238291 0.0304569
0 0.442482 0.128934 0.0172555 0.0324873
0 0.453985 0.121827 0.0188989 0.0243655
0 0.43221 0.105584 0.021364 0.0182741
1 0.496713 0.219289 0.0386196 0.0446701
0 0.530813 0.185279 0.0262942 0.035533
1 0.56327 0.174112 0.0287592 0.0233503
0 0.546426 0.134518 0.0246508 0.0294416
0 0.537387 0.671574 0.021364 0.0274112
0 0.553821 0.680711 0.0328677 0.035533
0 0.583402 0.677665 0.0230074 0.0192893
0 0.598192 0.665482 0.0230074 0.0274112
0 0.555464 0.63401 0.0164339 0.013198
0 0.588332 0.637563 0.0262942 0.0263959
1 0.595316 0.711168 0.0336894 0.0416244
1 0.6212 0.7 0.0328677 0.0375635
1 0.67009 0.634518 0.0435497 0.0527919
0 0.692687 0.609645 0.0279376 0.035533
0 0.715694 0.629949 0.0279376 0.0335025
0 0.653246 0.601015 0.0131471 0.0243655
1 0.668447 0.583756 0.0336894 0.0446701
0 0.688168 0.585787 0.0205423 0.0243655
1 0.716105 0.590863 0.0336894 0.0446701
0 0.726787 0.639086 0.0287592 0.0375635
0 0.730896 0.663452 0.0304026 0.0253807
0 0.677486 0.844162 0.0271159 0.0274112
0 0.697617 0.889848 0.0262942 0.0314721
1 0.706245 0.926396 0.032046 0.0395939
1 0.732128 0.925888 0.0230074 0.0324873
0 0.70378 0.988832 0.0287592 0.022335
0 0.741167 0.993401 0.0164339 0.0111675
1 0.74774 0.892386 0.0345111 0.0426396
0 0.78143 0.886294 0.021364 0.0345178
0 0.785538 0.84264 0.0246508 0.0263959
0 0.792523 0.506599 0.0205423 0.0243655
0 0.802794 0.531472 0.0164339 0.013198
0 0.837305 0.518274 0.0115037 0.0152284
0 0.85456 0.627919 0.0279376 0.0274112
0 0.873459 0.608122 0.0246508 0.0324873
0 0.895234 0.604061 0.0271159 0.0284264
1 0.875103 0.584772 0.0180772 0.0182741
1 0.860723 0.677157 0.0336894 0.0365482
1 0.901397 0.680203 0.0345111 0.0365482
0 0.858258 0.704569 0.0221857 0.0243655
0 0.879211 0.716751 0.0230074 0.0263959
1 0.899343 0.719289 0.0287592 0.0375635
0 0.880444 0.997462 0.0221857 0.00507614
0 0.916598 0.992386 0.0238291 0.013198
1 0.944947 0.664467 0.0345111 0.0314721
1 0.982334 0.653299 0.0304026 0.0477157
1 0.119967 0.855838 0.0115037 0.0142132
0 0.134347 0.844162 0.010682 0.0172589
0 0.123254 0.832995 0.0115037 0.013198
0 0.125308 0.844162 0.00739523 0.00913706
0 0.133936 0.832487 0.00821693 0.00812183
0 0.130649 0.853807 0.00986031 0.0101523
0 0.193098 0.629442 0.0131471 0.0162437
1 0.603122 0.741117 0.0164339 0.0263959
1 0.842646 0.692893 0.010682 0.0192893
0 0.896056 0.636548 0.0254725 0.0345178
1 0.771569 0.526904 0.0328677 0.0243655
0 0.855382 0.582741 0.0147905 0.0263959
