0 0.0801721 0.0387903 0.0273758 0.0460224
0 0.101682 0.0253123 0.023465 0.0374753
0 0.0782167 0.0637738 0.0250293 0.0315582
0 0.202972 0.0585141 0.0203363 0.034188
0 0.212163 0.0328731 0.0199452 0.034188
0 0.220375 0.0575279 0.0136879 0.025641
0 0.234259 0.0443787 0.023465 0.0401052
0 0.240907 0.0811966 0.0203363 0.0387903
0 0.281189 0.0279421 0.0172077 0.0282709
0 0.316582 0.132479 0.0175987 0.0309007
0 0.319124 0.192636 0.0203363 0.034188
0 0.267305 0.238659 0.0285491 0.0512821
0 0.261244 0.272189 0.0242472 0.0381328
0 0.125538 0.340565 0.0258115 0.0420776
1 0.114978 0.315582 0.0359797 0.0683761
0 0.128471 0.404668 0.0301134 0.0493097
0 0.10833 0.395464 0.014079 0.042735
0 0.0930778 0.403353 0.0336332 0.0650888
0 0.118107 0.454306 0.0289402 0.0473373
0 0.103246 0.467456 0.018772 0.0433925
0 0.0786077 0.554569 0.0336332 0.0585141
0 0.107743 0.544379 0.0324599 0.0565417
0 0.0156433 0.664366 0.0250293 0.0677186
0 0.0279625 0.679158 0.0308956 0.0552268
0 0.056316 0.689678 0.0414548 0.0644313
0 0.0439969 0.73833 0.0293312 0.0460224
0 0.230544 0.350756 0.0308956 0.0545694
0 0.253813 0.378369 0.0297223 0.061144
0 0.273758 0.403682 0.0336332 0.0447074
0 0.263004 0.442801 0.0246382 0.0466798
0 0.264568 0.470414 0.0332421 0.0493097
0 0.285295 0.515122 0.0301134 0.0571992
0 0.272976 0.528271 0.0226828 0.0348455
0 0.170121 0.473044 0.0179898 0.0309007
0 0.200039 0.50526 0.0191631 0.0309007
0 0.284513 0.571006 0.0113414 0.0401052
0 0.271998 0.596318 0.0316777 0.052597
0 0.245209 0.55194 0.0258115 0.0243261
0 0.250684 0.585141 0.0250293 0.0381328
0 0.22761 0.539448 0.0164255 0.0190664
0 0.227024 0.571663 0.0262026 0.0532544
0 0.212163 0.555556 0.0160344 0.0249836
0 0.17677 0.593688 0.0172077 0.0302433
0 0.165819 0.57002 0.0195542 0.0315582
0 0.155456 0.58284 0.0191631 0.0322156
0 0.1535 0.554569 0.0113414 0.0230112
0 0.162886 0.538133 0.0199452 0.0348455
0 0.326946 0.673241 0.0250293 0.0420776
0 0.360383 0.973702 0.0215096 0.0381328
0 0.372898 0.94313 0.0129057 0.026956
1 0.387955 0.872781 0.0258115 0.042735
0 0.375831 0.772189 0.014079 0.026956
0 0.372507 0.751479 0.0175987 0.0328731
0 0.349042 0.698554 0.0113414 0.0203813
0 0.455417 0.7643 0.0168166 0.0335306
0 0.433907 0.678172 0.0215096 0.0348455
0 0.453461 0.647272 0.0222917 0.0387903
0 0.420806 0.649901 0.0156433 0.025641
1 0.407509 0.576266 0.0148612 0.0216963
1 0.304263 0.539448 0.0226828 0.0282709
1 0.407313 0.519395 0.0152522 0.0289283
0 0.419437 0.547666 0.0324599 0.0512821
0 0.458741 0.57265 0.0250293 0.0394477
1 0.444857 0.528271 0.0222917 0.0650888
1 0.428236 0.514135 0.0179898 0.0223537
0 0.452288 0.51808 0.0308956 0.0552268
0 0.472233 0.542406 0.0254204 0.0433925
1 0.518185 0.635437 0.0367618 0.0558843
0 0.397927 0.418803 0.0277669 0.0473373
0 0.415917 0.456936 0.0246382 0.0394477
0 0.424716 0.481262 0.0195542 0.0368179
0 0.445248 0.435569 0.0215096 0.0335306
0 0.486117 0.469757 0.0242472 0.0401052
0 0.511341 0.506575 0.0207274 0.0374753
0 0.51623 0.547337 0.0195542 0.0598291
0 0.526203 0.54142 0.0246382 0.0466798
0 0.547321 0.533531 0.0269847 0.0532544
0 0.534415 0.585799 0.0222917 0.0368179
1 0.578999 0.596976 0.0207274 0.0302433
0 0.574892 0.613741 0.0242472 0.042735
0 0.601877 0.646943 0.0242472 0.0420776
0 0.618694 0.671269 0.0179898 0.0328731
0 0.547712 0.732084 0.0191631 0.0335306
0 0.341025 0.357659 0.0265937 0.0420776
0 0.333985 0.325115 0.0250293 0.0348455
0 0.344544 0.303419 0.0195542 0.0506246
0 0.472233 0.305062 0.0222917 0.0381328
0 0.500391 0.292571 0.0168166 0.0289283
0 0.53598 0.279093 0.0160344 0.0164366
0 0.419046 0.0900723 0.0222917 0.0368179
0 0.438795 0.0979619 0.0195542 0.0447074
1 0.459132 0.109139 0.037544 0.0578567
0 0.483575 0.127548 0.0269847 0.0486522
0 0.462847 0.166995 0.0394994 0.0644313
0 0.490614 0.150888 0.0269847 0.0282709
0 0.513883 0.153189 0.0258115 0.0381328
0 0.500978 0.11407 0.0219007 0.0493097
0 0.523856 0.114398 0.0246382 0.0473373
1 0.534415 0.135766 0.0121236 0.0164366
0 0.543606 0.126233 0.0156433 0.0302433
0 0.630817 0.151874 0.0289402 0.0381328
0 0.668752 0.13741 0.0172077 0.0276134
0 0.678334 0.161736 0.0285491 0.0407627
1 0.685178 0.211045 0.0203363 0.0184089
0 0.619476 0.251479 0.028158 0.0479947
0 0.689675 0.256739 0.0175987 0.0177515
0 0.645483 0.311637 0.0207274 0.0368179
0 0.659953 0.303748 0.0160344 0.0289283
0 0.681267 0.306049 0.0195542 0.0361604
0 0.672859 0.32643 0.0215096 0.0374753
0 0.69691 0.343195 0.0219007 0.0381328
0 0.681658 0.359961 0.0179898 0.0322156
0 0.658975 0.401709 0.0242472 0.0381328
1 0.721744 0.4119 0.0308956 0.0519395
0 0.589949 0.319198 0.0215096 0.0335306
0 0.588971 0.349441 0.0195542 0.0309007
1 0.591905 0.39382 0.0262026 0.0486522
0 0.73465 0.931295 0.0168166 0.026956
0 0.752053 0.777449 0.0359797 0.0493097
0 0.731326 0.738988 0.0344153 0.0618014
0 0.699648 0.681131 0.0250293 0.0407627
0 0.725655 0.627219 0.0277669 0.0460224
0 0.548103 0.316239 0.0105592 0.0131492
0 0.573524 0.357988 0.00977708 0.0164366
0 0.555729 0.371795 0.0109503 0.0190664
0 0.602464 0.327087 0.0105592 0.0164366
0 0.606961 0.334977 0.00782167 0.0138067
0 0.617716 0.381657 0.0105592 0.0177515
0 0.622214 0.389875 0.00782167 0.017094
0 0.632382 0.394149 0.014079 0.0230112
0 0.632968 0.375082 0.0136879 0.0164366
1 0.616347 0.426364 0.0132968 0.0216963
0 0.609699 0.482577 0.0125147 0.0184089
0 0.690262 0.512821 0.0258115 0.0433925
0 0.758115 0.489809 0.0285491 0.0499671
0 0.731912 0.543721 0.0277669 0.0420776
0 0.755182 0.528928 0.0250293 0.0466798
0 0.768088 0.516765 0.0125147 0.035503
0 0.781971 0.52334 0.0246382 0.0433925
0 0.768674 0.569362 0.0277669 0.0433925
0 0.786077 0.57002 0.0203363 0.0512821
0 0.809934 0.568705 0.0289402 0.052597
0 0.747165 0.56739 0.0246382 0.0407627
0 0.768674 0.613083 0.0183809 0.0322156
0 0.783731 0.61144 0.0156433 0.034188
0 0.797419 0.635437 0.018772 0.0387903
0 0.811107 0.651874 0.0219007 0.0374753
0 0.81052 0.630178 0.0144701 0.0190664
0 0.829683 0.641354 0.0191631 0.0309007
1 0.811107 0.674556 0.023465 0.0315582
1 0.821666 0.707101 0.0195542 0.0309007
0 0.831052 0.684089 0.0156433 0.0309007
0 0.839265 0.705457 0.0195542 0.0407627
0 0.856277 0.705457 0.0168166 0.0289283
0 0.869183 0.735371 0.0238561 0.0414201
1 0.855495 0.672584 0.0246382 0.0368179
1 0.84122 0.618014 0.0164255 0.0302433
0 0.845131 0.593688 0.0164255 0.0276134
1 0.835941 0.547009 0.0105592 0.0118343
0 0.825186 0.543064 0.014079 0.0184089
0 0.874071 0.456936 0.0132968 0.0262985
0 0.89695 0.475016 0.0160344 0.026956
0 0.891083 0.495398 0.0175987 0.026956
1 0.882284 0.495398 0.0109503 0.0374753
0 0.921392 0.508547 0.0172077 0.0322156
0 0.916113 0.525312 0.0191631 0.0302433
1 0.925303 0.555556 0.0226828 0.034188
0 0.908682 0.576594 0.0183809 0.0328731
0 0.931952 0.577252 0.0203363 0.034188
1 0.924325 0.60881 0.0262026 0.034188
1 0.968713 0.654175 0.0250293 0.0394477
1 0.970278 0.636095 0.0226828 0.025641
1 0.979664 0.666995 0.0203363 0.0387903
0 0.961478 0.672584 0.0160344 0.0210388
1 0.411615 0.30046 0.00743058 0.0144642
0 0.387172 0.842867 0.0172077 0.0210388
1 0.833203 0.531229 0.0136879 0.0197239
0 0.707665 0.30572 0.0168166 0.0184089
0 0.318146 0.0785667 0.0105592 0.0190664
0 0.504889 0.315253 0.0156433 0.0164366
0 0.571568 0.0805391 0.0175987 0.026956
