0 0.00527903 0.0104803 0.00904977 0.0174672
0 0.0162142 0.019214 0.0233786 0.0262009
0 0.0241327 0.0432314 0.0211161 0.0305677
0 0.0618401 0.187336 0.0165913 0.0218341
0 0.0482655 0.194323 0.0241327 0.0235808
0 0.00452489 0.224891 0.00754148 0.0165939
0 0.0267722 0.234498 0.00829563 0.00786026
0 0.18816 0.324891 0.020362 0.0209607
0 0.142157 0.358515 0.00829563 0.0113537
0 0.175716 0.260699 0.0165913 0.0165939
0 0.158748 0.260262 0.0173454 0.0209607
0 0.254525 0.20655 0.0248869 0.0270742
0 0.273756 0.230568 0.0211161 0.0262009
0 0.30279 0.304367 0.0143288 0.0183406
0 0.226998 0.596943 0.0346908 0.0358079
0 0.196833 0.662445 0.0346908 0.0323144
0 0.177225 0.687773 0.0196078 0.0218341
1 0.203243 0.69476 0.0384615 0.0427948
1 0.233786 0.694323 0.0331825 0.0349345
1 0.172323 0.716594 0.0309201 0.0393013
0 0.233409 0.744105 0.0279035 0.0366812
1 0.260181 0.858515 0.0301659 0.0349345
1 0.249246 0.89214 0.0279035 0.0305677
0 0.272624 0.882533 0.020362 0.0270742
1 0.209276 0.906987 0.0188537 0.0218341
0 0.199849 0.811354 0.0105581 0.0104803
0 0.213047 0.811354 0.0173454 0.0104803
0 0.224736 0.81048 0.0105581 0.0104803
0 0.236425 0.829258 0.00829563 0.0131004
0 0.223982 0.873799 0.0105581 0.0113537
0 0.279789 0.968122 0.0105581 0.0165939
0 0.288462 0.975546 0.0143288 0.0174672
1 0.282051 0.319214 0.0180995 0.0235808
1 0.404977 0.028821 0.0346908 0.0384279
1 0.361614 0.0978166 0.0414781 0.0419214
0 0.38273 0.104367 0.0248869 0.0358079
0 0.40083 0.0842795 0.0173454 0.0200873
0 0.429864 0.1 0.025641 0.0323144
0 0.381976 0.128384 0.0128205 0.0122271
0 0.39819 0.141485 0.0135747 0.0139738
0 0.449849 0.148472 0.0173454 0.0209607
0 0.467949 0.147598 0.0143288 0.0122271
1 0.484163 0.665502 0.0346908 0.0366812
1 0.512443 0.675983 0.0309201 0.0349345
1 0.47549 0.701747 0.0339367 0.028821
1 0.512443 0.81048 0.0324284 0.0349345
0 0.530166 0.827074 0.0211161 0.0296943
0 0.510181 0.841921 0.0263952 0.031441
1 0.417044 0.798253 0.0316742 0.0384279
0 0.439291 0.809607 0.0248869 0.0296943
1 0.421192 0.835371 0.0354449 0.0305677
1 0.395551 0.814847 0.0248869 0.0349345
1 0.49736 0.902183 0.0399698 0.0384279
1 0.523379 0.88559 0.0271493 0.0366812
0 0.427979 0.89345 0.0218703 0.019214
0 0.44721 0.901747 0.0180995 0.0218341
0 0.422323 0.938865 0.0165913 0.019214
0 0.409879 0.903493 0.0158371 0.0270742
0 0.950226 0.321834 0.0301659 0.0340611
0 0.956259 0.338865 0.0346908 0.0331878
1 0.971719 0.299563 0.0384615 0.0436681
0 0.868778 0.0676856 0.0180995 0.0253275
1 0.357843 0.624017 0.0294118 0.0375546
1 0.358597 0.651965 0.0263952 0.0148472
0 0.326169 0.645852 0.0158371 0.0148472
1 0.341252 0.722707 0.0309201 0.0218341
1 0.315988 0.732314 0.0241327 0.028821
0 0.0735294 0.833624 0.0113122 0.0113537
0 0.0659879 0.808297 0.0143288 0.0131004
1 0.076546 0.737118 0.0143288 0.0157205
1 0.0501508 0.661572 0.020362 0.0235808
1 0.0727753 0.672926 0.020362 0.0218341
0 0.0889894 0.654585 0.0105581 0.0113537
1 0.110483 0.670742 0.0188537 0.0157205
0 0.124434 0.655459 0.0105581 0.0131004
1 0.136124 0.693886 0.0173454 0.0183406
0 0.149321 0.663755 0.0105581 0.0104803
0 0.196456 0.548472 0.00980392 0.0122271
0 0.174208 0.516594 0.0135747 0.00960699
1 0.147813 0.560699 0.015083 0.0157205
0 0.140649 0.50393 0.0128205 0.0104803
0 0.15083 0.50262 0.00904977 0.0131004
0 0.152715 0.495197 0.0188537 0.019214
0 0.0324284 0.166812 0.00904977 0.0122271
0 0.0822021 0.379476 0.00904977 0.0113537
0 0.0648567 0.763319 0.0135747 0.0174672
0 0.916667 0.295633 0.0113122 0.0131004
0 0.101433 0.0873362 0.0158371 0.0174672
0 0.393665 0.773799 0.0120664 0.019214
1 0.200226 0.573799 0.0143288 0.019214
0 0.0211161 0.694323 0.0196078 0.0122271
0 0.218326 0.349345 0.0173454 0.0209607
0 0.13914 0.654585 0.00980392 0.0131004
0 0.249246 0.820087 0.0143288 0.019214
0 0.201357 0.770742 0.015083 0.0183406
