1 0.0131823 0.232543 0.012254 0.0223979
1 0.01671 0.222332 0.01114 0.0177866
0 0.0170813 0.210474 0.01114 0.00988142
1 0.0243223 0.242095 0.0115113 0.0204216
1 0.03342 0.252635 0.0126253 0.0243742
1 0.0410323 0.235507 0.0129967 0.0217391
1 0.0454883 0.248682 0.0115113 0.016469
1 0.0577423 0.237154 0.014482 0.0197628
1 0.0553286 0.255929 0.0118827 0.0204216
1 0.066283 0.258893 0.0137393 0.0223979
0 0.0766803 0.250659 0.00928333 0.016469
1 0.0802079 0.265481 0.0118827 0.0197628
0 0.064612 0.279644 0.01114 0.0177866
0 0.0742666 0.282938 0.00742666 0.0151515
0 0.0800223 0.28195 0.00557 0.0118577
1 0.0699963 0.292819 0.00928333 0.0125165
1 0.004456 0.832016 0.00816933 0.0144928
1 0.00538433 0.817852 0.00779799 0.013834
1 0.0154103 0.814888 0.010026 0.0158103
1 0.0146677 0.822793 0.0107687 0.0105402
1 0.0248793 0.815217 0.00891199 0.013834
1 0.0219087 0.805665 0.0103973 0.0171278
1 0.0129967 0.794796 0.0126253 0.0204216
1 0.00909766 0.8083 0.00854066 0.0144928
1 0.0471593 0.802372 0.0126253 0.0184453
0 0.03899 0.790184 0.006684 0.0151515
0 0.04456 0.782279 0.00742666 0.013834
1 0.0549573 0.777339 0.00965466 0.0171278
1 0.0608986 0.780962 0.0148533 0.0204216
1 0.0868919 0.390975 0.01114 0.0204216
1 0.109172 0.403491 0.01114 0.0177866
1 0.105087 0.416667 0.0103973 0.016469
1 0.125511 0.419302 0.0118827 0.0177866
1 0.131638 0.406785 0.00928333 0.013834
1 0.129967 0.431159 0.00965466 0.0151515
1 0.058485 0.202899 0.0129967 0.0197628
1 0.064055 0.216403 0.0137393 0.0230567
1 0.0738953 0.213439 0.00965466 0.0210804
0 0.0683253 0.203228 0.00816933 0.00724638
1 0.066283 0.191041 0.00705533 0.0197628
1 0.0566283 0.155138 0.0115113 0.0177866
1 0.065169 0.148551 0.0129967 0.0177866
1 0.0751949 0.14888 0.00854066 0.0131752
1 0.0557 0.139987 0.00891199 0.0125165
1 0.113442 0.16469 0.00928333 0.0171278
1 0.12254 0.154809 0.0118827 0.0184453
0 0.131266 0.149539 0.0107687 0.0158103
1 0.121612 0.171607 0.010026 0.0111989
1 0.131081 0.166337 0.00891199 0.0177866
1 0.138507 0.164361 0.00594133 0.013834
1 0.150204 0.161067 0.00631266 0.0151515
1 0.152618 0.172596 0.00742666 0.0118577
1 0.114185 0.148221 0.00705533 0.0131752
1 0.120683 0.140646 0.00965466 0.0125165
1 0.127182 0.139328 0.00482733 0.00724638
1 0.213145 0.485178 0.006684 0.0111989
1 0.222986 0.483202 0.00779799 0.013834
1 0.218901 0.49473 0.00705533 0.0131752
1 0.2241 0.502635 0.00928333 0.0144928
1 0.230227 0.503953 0.00594133 0.0158103
1 0.234683 0.490777 0.00742666 0.0144928
1 0.240995 0.477931 0.00742666 0.00988142
1 0.199963 0.40448 0.00928333 0.0184453
1 0.203119 0.363307 0.006684 0.013834
1 0.209989 0.360013 0.00854066 0.0151515
1 0.202191 0.350132 0.00779799 0.013834
1 0.208318 0.348814 0.00519866 0.0085639
1 0.173784 0.0438076 0.00742666 0.013834
0 0.176569 0.0517128 0.00705533 0.0111989
0 0.180468 0.044137 0.00519866 0.00658762
1 0.187338 0.0421607 0.00854066 0.0158103
1 0.175269 0.0615942 0.00594133 0.00988142
1 0.182882 0.0569829 0.00928333 0.0177866
1 0.188637 0.0675231 0.00965466 0.016469
0 0.194393 0.0586298 0.00779799 0.0118577
0 0.203119 0.0714756 0.00816933 0.0125165
1 0.188823 0.0846509 0.00854066 0.016469
1 0.198478 0.0909091 0.00928333 0.0158103
1 0.199777 0.0806983 0.00965466 0.00988142
1 0.202377 0.109684 0.00965466 0.0191041
0 0.208132 0.114625 0.00779799 0.0171278
1 0.212217 0.127141 0.0115113 0.0184453
1 0.214816 0.111001 0.010026 0.016469
1 0.215002 0.095191 0.006684 0.016469
0 0.297995 0.581357 0.0107687 0.016469
1 0.323802 0.594862 0.006684 0.0131752
1 0.333086 0.599473 0.006684 0.0144928
0 0.330115 0.581028 0.00816933 0.0144928
1 0.299666 0.530962 0.00816933 0.0118577
1 0.319718 0.54776 0.00816933 0.013834
1 0.327144 0.540843 0.00816933 0.0158103
1 0.321574 0.533597 0.006684 0.0144928
1 0.315633 0.534914 0.006684 0.0131752
1 0.295952 0.513175 0.006684 0.0158103
1 0.303008 0.52108 0.00816933 0.0118577
1 0.301151 0.508893 0.00742666 0.0125165
1 0.294281 0.496047 0.00854066 0.0105402
1 0.303379 0.496047 0.00891199 0.0105402
1 0.328258 0.496047 0.00891199 0.0144928
1 0.272558 0.433794 0.006684 0.00988142
1 0.238582 0.293149 0.010026 0.0118577
1 0.245451 0.297431 0.01114 0.0151515
1 0.235611 0.302701 0.00854066 0.013834
1 0.227999 0.27668 0.00816933 0.0158103
0 0.233569 0.274374 0.00742666 0.013834
1 0.253249 0.284585 0.00742666 0.0210804
1 0.283141 0.27668 0.00928333 0.0144928
0 0.263275 0.128458 0.00965466 0.0118577
0 0.263275 0.135375 0.00816933 0.00988142
1 0.278128 0.177866 0.006684 0.0118577
0 0.274044 0.178195 0.006684 0.0085639
1 0.286483 0.257576 0.00928333 0.0144928
1 0.291125 0.269433 0.0103973 0.0158103
1 0.298366 0.258564 0.0107687 0.0151515
0 0.293724 0.283267 0.00891199 0.0131752
1 0.315447 0.370883 0.00854066 0.0118577
1 0.340141 0.332675 0.00742666 0.0144928
1 0.312662 0.135705 0.00891199 0.0158103
1 0.221315 0.119236 0.00816933 0.0144928
1 0.364649 0.215415 0.0118827 0.0171278
1 0.350538 0.231225 0.00816933 0.0184453
1 0.36075 0.225296 0.014482 0.0171278
1 0.378945 0.400856 0.010026 0.0191041
1 0.379317 0.460474 0.00631266 0.0131752
1 0.369848 0.470026 0.00965466 0.013834
1 0.368177 0.480567 0.00928333 0.0111989
1 0.361307 0.727273 0.0118827 0.0210804
1 0.366877 0.740448 0.0103973 0.0144928
1 0.374861 0.727602 0.0152247 0.0270092
1 0.382473 0.73386 0.00742666 0.0184453
1 0.357037 0.717062 0.00779799 0.0191041
1 0.365577 0.703228 0.0129967 0.0230567
1 0.377646 0.703557 0.0126253 0.0158103
1 0.37059 0.687747 0.006684 0.0105402
1 0.383958 0.685771 0.0126253 0.0237154
1 0.390828 0.680171 0.0129967 0.0296443
1 0.377831 0.667325 0.00928333 0.0197628
1 0.386186 0.661726 0.0126253 0.0204216
1 0.380431 0.644928 0.0115113 0.0171278
1 0.398626 0.660079 0.010026 0.0131752
1 0.355737 0.624177 0.006684 0.013834
1 0.358893 0.610013 0.00779799 0.0131752
0 0.360564 0.619565 0.00594133 0.0125165
0 0.364278 0.632082 0.00594133 0.013834
1 0.368548 0.636364 0.00928333 0.0158103
0 0.366134 0.620224 0.00519866 0.0111989
0 0.367434 0.610672 0.00779799 0.0131752
1 0.374861 0.609354 0.00928333 0.0171278
0 0.380988 0.603096 0.00519866 0.0125165
1 0.376717 0.631094 0.00779799 0.00922266
1 0.403453 0.644928 0.0115113 0.0144928
1 0.412551 0.641634 0.00891199 0.0158103
1 0.411251 0.651515 0.00705533 0.00790514
1 0.427776 0.637022 0.006684 0.0171278
1 0.41515 0.843544 0.0103973 0.013834
1 0.422948 0.853426 0.00965466 0.0177866
1 0.424248 0.835968 0.0107687 0.0158103
1 0.432974 0.849144 0.01114 0.0184453
1 0.432417 0.858696 0.00928333 0.0125165
1 0.441515 0.834651 0.00965466 0.0210804
1 0.435017 0.841897 0.0107687 0.0197628
1 0.384515 0.140646 0.010026 0.0151515
0 0.391385 0.137022 0.00816933 0.0184453
1 0.402711 0.19664 0.010026 0.0151515
1 0.408281 0.131752 0.00928333 0.0118577
1 0.413851 0.163043 0.00854066 0.0111989
1 0.409209 0.182477 0.0103973 0.0197628
1 0.426847 0.273057 0.0107687 0.0191041
1 0.431675 0.287879 0.0129967 0.0237154
1 0.440958 0.340909 0.010026 0.0177866
1 0.448756 0.349802 0.00928333 0.0197628
1 0.460267 0.372859 0.00408466 0.0144928
1 0.46788 0.794796 0.013368 0.0217391
1 0.472707 0.77141 0.01114 0.0197628
1 0.425733 0.153162 0.00779799 0.0125165
1 0.472707 0.0780632 0.00816933 0.0125165
1 0.486818 0.131423 0.0103973 0.0191041
1 0.487746 0.142951 0.0129967 0.0131752
1 0.500557 0.131752 0.00891199 0.0171278
1 0.491459 0.1222 0.00779799 0.0111989
1 0.494801 0.108696 0.00779799 0.0105402
1 0.543632 0.949934 0.006684 0.0158103
1 0.540475 0.960145 0.00557 0.0217391
1 0.535648 0.978261 0.00779799 0.0131752
1 0.512625 0.925889 0.010026 0.0177866
1 0.535091 0.906126 0.0126253 0.0217391
1 0.542146 0.884387 0.00816933 0.0217391
1 0.518195 0.90415 0.0129967 0.0230567
1 0.508541 0.903491 0.00779799 0.0204216
1 0.517453 0.876812 0.0137393 0.0263505
1 0.510769 0.882411 0.0107687 0.0204216
1 0.519124 0.858037 0.01114 0.0151515
1 0.535648 0.856719 0.0129967 0.013834
1 0.521166 0.839592 0.014482 0.0230567
1 0.533606 0.84058 0.01114 0.0197628
1 0.537133 0.821805 0.00928333 0.0177866
1 0.523765 0.815547 0.0129967 0.0223979
1 0.515039 0.833004 0.00965466 0.0177866
1 0.547159 0.709157 0.00928333 0.0191041
1 0.49573 0.611331 0.006684 0.0118577
1 0.502599 0.599802 0.00928333 0.0125165
1 0.513554 0.618577 0.00594133 0.0105402
1 0.497029 0.530632 0.00779799 0.0151515
1 0.523765 0.52141 0.0115113 0.0204216
1 0.520795 0.530632 0.00705533 0.013834
1 0.530821 0.536891 0.00928333 0.0197628
1 0.539176 0.524704 0.0118827 0.0204216
1 0.53212 0.509552 0.0126253 0.0217391
1 0.523765 0.50527 0.00779799 0.0105402
1 0.540661 0.506917 0.00742666 0.013834
1 0.54883 0.504941 0.0118827 0.0204216
1 0.554586 0.494071 0.012254 0.0184453
1 0.564983 0.48946 0.010026 0.0210804
1 0.52228 0.495059 0.00779799 0.0111989
1 0.525993 0.484848 0.0107687 0.0184453
1 0.533977 0.487813 0.0118827 0.0204216
1 0.531192 0.471014 0.0107687 0.0144928
0 0.542889 0.474308 0.0103973 0.0197628
1 0.55143 0.481225 0.0118827 0.016469
1 0.558485 0.46805 0.0118827 0.0217391
0 0.56554 0.476285 0.00816933 0.00922266
1 0.566097 0.462121 0.0107687 0.0191041
1 0.530078 0.430501 0.00705533 0.0177866
1 0.53769 0.42556 0.0118827 0.0210804
1 0.549573 0.423913 0.0118827 0.0204216
1 0.54586 0.440382 0.0118827 0.0217391
1 0.536019 0.444664 0.00928333 0.0184453
1 0.556814 0.447958 0.012254 0.0197628
1 0.544189 0.456192 0.00854066 0.0111989
1 0.539547 0.0316206 0.00594133 0.0118577
1 0.57371 0.0243742 0.00816933 0.0118577
1 0.597104 0.00395257 0.00965466 0.00658762
1 0.594876 0.61693 0.01114 0.0177866
1 0.676755 0.6861 0.00928333 0.016469
1 0.680097 0.669631 0.00854066 0.0151515
1 0.657817 0.61693 0.0129967 0.013834
1 0.663758 0.636364 0.00631266 0.0131752
1 0.661344 0.609025 0.006684 0.0177866
1 0.671927 0.587286 0.00779799 0.016469
1 0.677312 0.60639 0.0118827 0.016469
1 0.701263 0.588274 0.00482733 0.0131752
1 0.705904 0.605072 0.00965466 0.013834
1 0.558114 0.520422 0.01114 0.0144928
1 0.564612 0.535573 0.00928333 0.0144928
1 0.573338 0.534585 0.00891199 0.0085639
1 0.637765 0.181159 0.00928333 0.0158103
1 0.668771 0.418314 0.00742666 0.0144928
1 0.672299 0.427536 0.00928333 0.0144928
1 0.674527 0.41502 0.00557 0.0105402
1 0.678983 0.420949 0.00408466 0.0131752
1 0.689566 0.422266 0.00594133 0.0105402
1 0.697178 0.385705 0.00705533 0.016469
1 0.721686 0.660738 0.00557 0.0105402
1 0.728556 0.663373 0.00742666 0.0131752
1 0.729484 0.653491 0.00779799 0.00790514
1 0.737096 0.664361 0.00816933 0.0177866
1 0.740995 0.668643 0.00557 0.0144928
0 0.73264 0.677207 0.006684 0.0118577
1 0.736539 0.679842 0.00482733 0.0105402
1 0.742295 0.685441 0.006684 0.0111989
1 0.747494 0.679842 0.00891199 0.0171278
1 0.744523 0.651845 0.00742666 0.00724638
0 0.748422 0.658432 0.00705533 0.00988142
0 0.760861 0.670949 0.00594133 0.0111989
0 0.767545 0.665679 0.00594133 0.00988142
1 0.764946 0.691041 0.00742666 0.00922266
1 0.710917 0.50527 0.00928333 0.0158103
1 0.698663 0.506588 0.00705533 0.0131752
1 0.728556 0.523715 0.00816933 0.0131752
1 0.727256 0.5 0.00779799 0.0131752
1 0.731712 0.512516 0.00854066 0.0131752
1 0.73951 0.510211 0.00854066 0.00988142
1 0.745266 0.503953 0.00742666 0.0105402
1 0.72707 0.457839 0.013368 0.0237154
1 0.737096 0.460474 0.00816933 0.0197628
1 0.719087 0.322793 0.00705533 0.0131752
1 0.751392 0.290514 0.00854066 0.0144928
1 0.761418 0.291831 0.00705533 0.0144928
1 0.755848 0.30303 0.0107687 0.0184453
1 0.778128 0.541173 0.00854066 0.0125165
1 0.783141 0.456192 0.00965466 0.013834
1 0.78964 0.445652 0.00779799 0.0151515
1 0.736911 0.4361 0.0107687 0.0237154
1 0.718158 0.135046 0.006684 0.0118577
1 0.740438 0.179513 0.00594133 0.013834
1 0.78147 0.123518 0.00854066 0.016469
1 0.796324 0.119895 0.00779799 0.0158103
1 0.818789 0.134387 0.00891199 0.0105402
0 0.803936 0.103755 0.006684 0.013834
1 0.800037 0.112978 0.00854066 0.0111989
1 0.82306 0.0866271 0.00705533 0.0151515
1 0.826773 0.0869565 0.00779799 0.0171278
1 0.860007 0.0638999 0.004456 0.0131752
1 0.863535 0.0750988 0.00854066 0.0158103
1 0.845154 0.751647 0.01114 0.0184453
1 0.852024 0.742095 0.0115113 0.0256917
0 0.85648 0.757246 0.00854066 0.0125165
1 0.863906 0.759881 0.010026 0.0151515
1 0.858336 0.728261 0.012254 0.016469
1 0.865577 0.741436 0.0141107 0.0230567
1 0.875418 0.756258 0.0137393 0.0250329
1 0.886186 0.733202 0.0107687 0.0263505
1 0.889714 0.76581 0.0103973 0.0204216
1 0.880431 0.778986 0.0118827 0.0217391
1 0.892128 0.783597 0.0107687 0.0191041
1 0.881916 0.792819 0.00965466 0.0151515
0 0.897698 0.757576 0.00557 0.0105402
0 0.899183 0.765481 0.00854066 0.0131752
0 0.902711 0.750329 0.006684 0.0144928
1 0.906981 0.745389 0.00928333 0.016469
1 0.916264 0.752635 0.0107687 0.0191041
1 0.925362 0.762187 0.00891199 0.0144928
1 0.911066 0.771739 0.00928333 0.0191041
1 0.924805 0.775362 0.00928333 0.0184453
1 0.929261 0.778656 0.00482733 0.0131752
1 0.919606 0.786561 0.010026 0.0158103
1 0.927776 0.800066 0.00779799 0.0151515
1 0.907538 0.794137 0.0103973 0.0177866
1 0.905681 0.802701 0.00965466 0.0151515
1 0.914408 0.810606 0.00928333 0.0125165
1 0.915707 0.79809 0.00816933 0.016469
1 0.919421 0.818841 0.00891199 0.0184453
1 0.925733 0.823781 0.00594133 0.013834
1 0.924434 0.812582 0.00631266 0.0111989
1 0.797066 0.596509 0.00557 0.0111989
1 0.842183 0.577075 0.00891199 0.0144928
1 0.835685 0.558959 0.00705533 0.00988142
1 0.842183 0.561594 0.00742666 0.013834
1 0.84831 0.561265 0.00557 0.0105402
1 0.854066 0.55863 0.00742666 0.00922266
1 0.857222 0.571805 0.00854066 0.0171278
1 0.862607 0.575099 0.00594133 0.0131752
1 0.886186 0.600132 0.00557 0.0118577
1 0.846082 0.538867 0.00705533 0.0118577
1 0.797809 0.476285 0.00928333 0.0158103
1 0.803008 0.480896 0.00854066 0.0184453
1 0.791682 0.479578 0.00742666 0.0131752
1 0.789825 0.463768 0.006684 0.0144928
1 0.796695 0.460804 0.010026 0.016469
1 0.805236 0.464756 0.00854066 0.016469
1 0.802265 0.445652 0.0115113 0.0217391
1 0.81192 0.45224 0.00928333 0.0204216
0 0.789268 0.427207 0.00705533 0.00988142
1 0.801337 0.417655 0.00891199 0.0131752
1 0.835314 0.493412 0.00854066 0.0158103
1 0.844226 0.491765 0.00854066 0.0125165
1 0.844968 0.498682 0.00928333 0.0131752
1 0.85648 0.412055 0.00928333 0.0177866
1 0.859079 0.427866 0.00482733 0.00988142
1 0.965837 0.46278 0.00965466 0.0217391
1 0.973078 0.460145 0.00482733 0.0111989
1 0.961567 0.459486 0.00557 0.0177866
1 0.959896 0.477931 0.00965466 0.016469
1 0.96788 0.474967 0.00705533 0.0131752
1 0.956925 0.504282 0.00965466 0.016469
1 0.965652 0.503623 0.00928333 0.016469
1 0.972521 0.508235 0.00742666 0.0151515
1 0.980505 0.508235 0.0107687 0.0191041
1 0.989046 0.508564 0.00928333 0.0197628
1 0.974192 0.520092 0.00705533 0.0111989
1 0.98199 0.523057 0.0107687 0.0144928
1 0.975121 0.486166 0.00742666 0.0118577
1 0.979577 0.489789 0.00519866 0.00988142
1 0.986818 0.49473 0.00854066 0.0144928
1 0.86205 0.437747 0.00779799 0.013834
1 0.864278 0.403821 0.00631266 0.00922266
1 0.869291 0.400527 0.006684 0.00922266
1 0.881359 0.388999 0.00928333 0.0125165
1 0.888786 0.376482 0.00854066 0.013834
1 0.808949 0.339262 0.00779799 0.0184453
1 0.81062 0.319499 0.00594133 0.0118577
1 0.823617 0.314229 0.0103973 0.0118577
1 0.838284 0.291173 0.0107687 0.0144928
1 0.782956 0.250329 0.00779799 0.0118577
1 0.802079 0.250329 0.00594133 0.0144928
1 0.808578 0.199275 0.010026 0.0177866
1 0.80078 0.204875 0.00854066 0.0158103
1 0.917378 0.298419 0.00705533 0.00790514
1 0.062384 0.138999 0.00742666 0.00922266
1 0.639064 0.198287 0.00742666 0.0144928
1 0.306907 0.361331 0.00779799 0.013834
0 0.370219 0.59552 0.00816933 0.0131752
0 0.363535 0.599473 0.00594133 0.0105402
1 0.815262 0.201252 0.0107687 0.0230567
1 0.809692 0.248353 0.00482733 0.0105402
1 0.0575566 0.272069 0.00816933 0.0131752
1 0.189194 0.815876 0.00557 0.0111989
1 0.0638693 0.910079 0.006684 0.013834
1 0.037319 0.776021 0.00779799 0.00790514
1 0.0360193 0.801383 0.00891199 0.016469
1 0.727627 0.177207 0.00779799 0.0144928
1 0.83977 0.273386 0.00705533 0.0131752
0 0.334571 0.583663 0.006684 0.0144928
1 0.869662 0.407115 0.00519866 0.00527009
1 0.359265 0.633399 0.00482733 0.013834
1 0.771073 0.694664 0.00408466 0.00592885
0 0.0519866 0.21805 0.00965466 0.0118577
1 0.209432 0.339592 0.004456 0.00724638
0 0.241738 0.506588 0.006684 0.0105402
1 0.239696 0.494401 0.00779799 0.0111989
1 0.236539 0.507246 0.00371333 0.00922266
1 0.387115 0.70224 0.00631266 0.00790514
1 0.439844 0.852437 0.00557 0.0118577
1 0.528407 0.868577 0.00594133 0.00988142
1 0.78834 0.109354 0.004456 0.00790514
1 0.861121 0.565547 0.00742666 0.0085639
1 0.882287 0.365613 0.00519866 0.0118577
1 0.975678 0.856719 0.00408466 0.0111989
