0 0.0573212 0.235577 0.045403 0.042735
0 0.0859818 0.253472 0.0459705 0.0411325
1 0.0720772 0.284455 0.0522134 0.0422009
0 0.35244 0.096688 0.0431328 0.0438034
0 0.394154 0.0697115 0.0289444 0.028312
0 0.44126 0.0430021 0.0437003 0.0432692
0 0.482974 0.0360577 0.045403 0.036859
0 0.454597 0.17094 0.0408627 0.0331197
0 0.441544 0.626603 0.0215664 0.0202991
0 0.460272 0.637553 0.0238365 0.0219017
0 0.470772 0.622596 0.0289444 0.0272436
0 0.479285 0.686966 0.0244041 0.0309829
0 0.472191 0.73344 0.0283768 0.025641
0 0.414302 0.843483 0.0431328 0.0331197
0 0.3916 0.918536 0.0363224 0.0293803
0 0.374007 0.949252 0.0499432 0.0438034
0 0.770148 0.573184 0.077185 0.0608974
0 0.794268 0.522436 0.0664018 0.0619658
0 0.833428 0.539263 0.0482406 0.0603632
0 0.816402 0.481838 0.0641317 0.0534188
0 0.784336 0.460203 0.0488082 0.0432692
0 0.715948 0.469284 0.0505108 0.0411325
0 0.907208 0.327724 0.0334847 0.0272436
0 0.611521 0.216346 0.0221339 0.0202991
0 0.58286 0.738515 0.0499432 0.045406
0 0.594495 0.830128 0.0482406 0.0405983
0 0.630817 0.684829 0.0425653 0.0384615
0 0.671112 0.690171 0.0357548 0.0267094
0 0.687855 0.736378 0.0295119 0.0272436
0 0.218218 0.235043 0.0437003 0.0384615
0 0.400114 0.607105 0.0215664 0.0133547
0 0.230704 0.409722 0.0187287 0.0213675
