0 0.11082 0.0533626 0.0331588 0.0204678
0 0.127836 0.0822368 0.0322862 0.0197368
0 0.103403 0.0994152 0.021815 0.0219298
1 0.0855148 0.111842 0.0366492 0.0307018
0 0.0663176 0.126096 0.0331588 0.0226608
1 0.158377 0.260234 0.0322862 0.0277778
1 0.0187609 0.379386 0.0235602 0.0277778
0 0.103403 0.418494 0.021815 0.0182749
0 0.130454 0.419591 0.0253054 0.0204678
0 0.163176 0.448465 0.0157068 0.00657895
1 0.168848 0.462719 0.0165794 0.0160819
1 0.166667 0.479898 0.017452 0.0153509
1 0.0986038 0.62902 0.0157068 0.0153509
1 0.0924956 0.661184 0.0244328 0.0153509
1 0.116056 0.751096 0.0401396 0.0285088
1 0.152269 0.73538 0.0287958 0.0204678
1 0.211606 0.678728 0.0235602 0.0182749
1 0.268761 0.696272 0.0139616 0.0197368
0 0.178883 0.789108 0.0157068 0.0109649
0 0.120855 0.832237 0.013089 0.00950292
1 0.219023 0.533626 0.0244328 0.0131579
0 0.281414 0.581871 0.0253054 0.0204678
0 0.288394 0.600512 0.0253054 0.0211988
1 0.358639 0.62098 0.0279232 0.0211988
1 0.435864 0.61769 0.0445026 0.0321637
0 0.453316 0.59905 0.0200698 0.0138889
0 0.469459 0.580044 0.0226876 0.0197368
0 0.471204 0.620614 0.026178 0.0219298
0 0.512653 0.610746 0.030541 0.0255848
1 0.329407 0.678728 0.039267 0.0299708
1 0.492583 0.953947 0.0322862 0.0263158
1 0.511344 0.972222 0.034904 0.0248538
0 0.529668 0.948465 0.0139616 0.0109649
0 0.549302 0.957968 0.0183246 0.0168129
1 0.456806 0.818348 0.0357766 0.0299708
1 0.493892 0.828582 0.0401396 0.0285088
0 0.515271 0.807749 0.0340314 0.0277778
0 0.538831 0.783991 0.0253054 0.0168129
0 0.544066 0.801901 0.0270506 0.0204678
0 0.566754 0.766813 0.0287958 0.0233918
1 0.798866 0.0215643 0.039267 0.0328947
0 0.763962 0.0339912 0.0322862 0.0314327
0 0.74651 0.102705 0.0253054 0.0211988
0 0.72644 0.105994 0.021815 0.0175439
0 0.705061 0.125365 0.0401396 0.0328947
0 0.579407 0.141447 0.0209424 0.0168129
0 0.604276 0.128289 0.0253054 0.0182749
1 0.619983 0.146199 0.030541 0.0219298
0 0.613002 0.16155 0.0235602 0.0204678
0 0.601658 0.180556 0.0357766 0.0277778
0 0.541012 0.159357 0.0226876 0.0146199
0 0.450262 0.142178 0.0244328 0.0226608
0 0.504799 0.152412 0.0322862 0.0255848
0 0.52007 0.202851 0.0331588 0.0270468
0 0.546684 0.216374 0.0322862 0.0263158
0 0.594241 0.261696 0.0191972 0.0160819
1 0.626091 0.271564 0.0253054 0.0241228
0 0.498255 0.269737 0.0279232 0.0204678
1 0.655323 0.313231 0.0244328 0.0182749
1 0.69808 0.280702 0.034904 0.0263158
1 0.719023 0.287281 0.0139616 0.0277778
1 0.716405 0.302997 0.0139616 0.0124269
0 0.698953 0.298977 0.0226876 0.0190058
0 0.763089 0.234649 0.0287958 0.0233918
1 0.775305 0.255848 0.0357766 0.0292398
0 0.796684 0.233918 0.0331588 0.0263158
0 0.806283 0.259137 0.0244328 0.0211988
1 0.789703 0.280702 0.0314136 0.0233918
0 0.844677 0.272661 0.0244328 0.0204678
0 0.887871 0.28655 0.0200698 0.0160819
0 0.855148 0.289839 0.0244328 0.0182749
0 0.878709 0.290205 0.0226876 0.0219298
1 0.332024 0.0124269 0.013089 0.0175439
1 0.301483 0.00877193 0.0200698 0.0160819
1 0.287086 0.061038 0.0191972 0.00950292
1 0.296248 0.0928363 0.0183246 0.0146199
1 0.315881 0.17288 0.0191972 0.0153509
1 0.42452 0.222588 0.0200698 0.0124269
0 0.312391 0.260234 0.026178 0.0204678
0 0.257417 0.278509 0.026178 0.0219298
0 0.271379 0.260234 0.0331588 0.0263158
0 0.24651 0.332968 0.0148342 0.00950292
1 0.601222 0.707237 0.0209424 0.0153509
0 0.581152 0.731725 0.0279232 0.0248538
0 0.607766 0.725877 0.0270506 0.0219298
0 0.63438 0.741228 0.0279232 0.0263158
0 0.675393 0.701754 0.0279232 0.0233918
0 0.690663 0.775219 0.0322862 0.0226608
0 0.930628 0.361842 0.0253054 0.0204678
0 0.95637 0.375 0.0244328 0.0233918
0 0.972077 0.395833 0.0226876 0.0211988
0 0.943717 0.410453 0.0340314 0.0270468
0 0.848604 0.356725 0.0253054 0.0277778
1 0.792757 0.33845 0.0253054 0.0219298
0 0.82199 0.340643 0.0296684 0.0233918
0 0.804974 0.360015 0.0340314 0.0270468
0 0.834642 0.362939 0.0253054 0.0211988
0 0.824171 0.380482 0.0287958 0.0255848
1 0.825916 0.40095 0.0375218 0.0226608
0 0.792757 0.38633 0.030541 0.0285088
0 0.784031 0.444444 0.0183246 0.0160819
0 0.842496 0.469664 0.0200698 0.0168129
1 0.832897 0.476974 0.0340314 0.0241228
1 0.829407 0.515351 0.0357766 0.0321637
0 0.861257 0.517178 0.026178 0.0255848
0 0.892234 0.532164 0.021815 0.0175439
0 0.908377 0.546053 0.017452 0.0146199
0 0.90096 0.517178 0.0287958 0.0255848
0 0.84904 0.991959 0.0244328 0.0131579
1 0.243892 0.118421 0.021815 0.0248538
0 0.224258 0.220395 0.0244328 0.0197368
0 0.256981 0.405702 0.0183246 0.0146199
0 0.234293 0.41557 0.0183246 0.0138889
0 0.251745 0.423246 0.0270506 0.0219298
0 0.607766 0.785088 0.0148342 0.0131579
0 0.618674 0.783991 0.0139616 0.0153509
0 0.631326 0.798977 0.0270506 0.0204678
0 0.617801 0.808114 0.0191972 0.0226608
0 0.643979 0.815058 0.0279232 0.0219298
0 0.669284 0.822003 0.0296684 0.0314327
0 0.687173 0.820175 0.013089 0.0204678
1 0.645288 0.777412 0.0427574 0.0372807
1 0.678447 0.792398 0.039267 0.0350877
0 0.670593 0.847222 0.0322862 0.0277778
0 0.67103 0.879751 0.0244328 0.0211988
0 0.94808 0.975877 0.0165794 0.0131579
0 0.830279 0.861842 0.021815 0.0160819
0 0.84075 0.854167 0.021815 0.0182749
0 0.797993 0.860746 0.0287958 0.0255848
1 0.595986 0.653874 0.026178 0.0197368
0 0.358639 0.776681 0.0191972 0.0168129
0 0.383072 0.712354 0.0209424 0.0124269
0 0.40925 0.733918 0.026178 0.0160819
0 0.409686 0.748904 0.0270506 0.0153509
0 0.378709 0.733918 0.0314136 0.0292398
0 0.401832 0.719664 0.0270506 0.0211988
0 0.395724 0.672149 0.0253054 0.0226608
0 0.434119 0.655336 0.0200698 0.0168129
0 0.465096 0.651681 0.026178 0.0211988
0 0.404887 0.694079 0.0226876 0.0182749
0 0.426265 0.673246 0.030541 0.0248538
1 0.433682 0.719664 0.0401396 0.0328947
0 0.467714 0.706506 0.0279232 0.0226608
0 0.50349 0.638889 0.0331588 0.0277778
0 0.584642 0.471857 0.017452 0.0138889
0 0.654014 0.538377 0.021815 0.0168129
0 0.572862 0.554459 0.0235602 0.0182749
0 0.588133 0.569079 0.0244328 0.0241228
0 0.645288 0.577485 0.0148342 0.0175439
0 0.648342 0.595029 0.0139616 0.0219298
1 0.667103 0.576023 0.0340314 0.0307018
1 0.701571 0.568348 0.0383944 0.0299708
0 0.713787 0.602705 0.0244328 0.0168129
0 0.742583 0.59905 0.0157068 0.0124269
1 0.739529 0.623173 0.0253054 0.0358187
0 0.747382 0.65095 0.0253054 0.0241228
0 0.736038 0.583699 0.0270506 0.0241228
0 0.755236 0.580044 0.013089 0.0241228
1 0.753054 0.565058 0.0279232 0.0160819
1 0.787086 0.647295 0.026178 0.0226608
0 0.807155 0.637792 0.0226876 0.0182749
0 0.776614 0.66557 0.0209424 0.0109649
0 0.489092 0.361477 0.0235602 0.0197368
1 0.563264 0.407164 0.030541 0.0263158
0 0.577661 0.427266 0.0331588 0.0197368
0 0.842496 0.657164 0.0200698 0.0175439
0 0.49171 0.0877193 0.021815 0.0190058
1 0.402269 0.35307 0.0226876 0.0204678
1 0.391361 0.380117 0.0270506 0.0204678
0 0.196335 0.100146 0.0209424 0.0146199
0 0.254799 0.0939327 0.0139616 0.0182749
0 0.168848 0.500365 0.0270506 0.0211988
0 0.252182 0.341374 0.0209424 0.0160819
0 0.730366 0.309942 0.0139616 0.0175439
0 0.186736 0.111842 0.0157068 0.0116959
0 0.893979 0.271199 0.021815 0.0160819
0 0.55192 0.426901 0.0235602 0.0190058
0 0.881763 0.548977 0.0183246 0.0160819
1 0.375654 0.638889 0.0165794 0.0190058
1 0.0767888 0.650585 0.0122164 0.0131579
0 0.131326 0.836257 0.0165794 0.00877193
