0 0.0685798 0.649387 0.0243191 0.0301003
1 0.0374514 0.837235 0.0437743 0.0490524
0 0.0685798 0.829989 0.0359922 0.0457079
1 0.0963035 0.737458 0.0330739 0.03233
0 0.206226 0.521182 0.0311284 0.03233
1 0.178502 0.630992 0.0340467 0.0334448
0 0.195525 0.656076 0.0311284 0.03233
1 0.20963 0.675585 0.0321012 0.0356745
1 0.235895 0.786511 0.020428 0.03233
0 0.252918 0.779822 0.0311284 0.0367893
0 0.205253 0.95262 0.0272374 0.025641
1 0.211576 0.971572 0.0340467 0.0367893
0 0.360895 0.122631 0.036965 0.0379041
0 0.378405 0.15942 0.0214008 0.0222965
1 0.30107 0.628205 0.0340467 0.0301003
1 0.325875 0.610925 0.0272374 0.0334448
0 0.404183 0.103679 0.0262646 0.0178372
0 0.387646 0.262542 0.0184825 0.0189521
0 0.383755 0.628763 0.0243191 0.0289855
0 0.402237 0.645485 0.0243191 0.0289855
0 0.404669 0.627648 0.0194553 0.0111483
0 0.395914 0.687848 0.0214008 0.0245262
1 0.410019 0.714604 0.0301556 0.0334448
0 0.435311 0.734671 0.0301556 0.0312152
0 0.400292 0.606466 0.0184825 0.0245262
0 0.434825 0.622074 0.0330739 0.0334448
1 0.479572 0.199554 0.036965 0.0379041
0 0.51216 0.175028 0.0321012 0.0334448
1 0.511187 0.19175 0.0359922 0.0267559
0 0.523346 0.148829 0.0272374 0.0278707
0 0.533074 0.103679 0.0291829 0.0356745
0 0.554475 0.142698 0.0272374 0.0267559
0 0.539883 0.134337 0.0252918 0.0278707
1 0.587062 0.0713489 0.0262646 0.0200669
1 0.619163 0.0758082 0.0340467 0.0334448
1 0.581712 0.0245262 0.0350195 0.0401338
0 0.535992 0.227982 0.0252918 0.0301003
1 0.551556 0.240245 0.0136187 0.0189521
1 0.616245 0.185619 0.0223735 0.0301003
0 0.681907 0.0813824 0.0311284 0.0289855
0 0.642996 0.022854 0.0233463 0.0234114
0 0.617218 0.0356745 0.020428 0.0222965
0 0.621595 0.0111483 0.0233463 0.0200669
1 0.776265 0.357302 0.0389105 0.0479376
0 0.805447 0.37068 0.0291829 0.0301003
1 0.784533 0.402453 0.0379377 0.0379041
1 0.823444 0.40078 0.0359922 0.03233
0 0.81177 0.295429 0.0340467 0.0356745
0 0.843872 0.203456 0.0262646 0.03233
0 0.739786 0.0200669 0.0243191 0.0356745
1 0.754864 0.0278707 0.036965 0.0423634
1 0.7607 0.0602007 0.0389105 0.0334448
0 0.789397 0.0434783 0.0145914 0.0200669
0 0.805934 0.0379041 0.0243191 0.0245262
0 0.839494 0.137681 0.0272374 0.0301003
0 0.849708 0.152174 0.0282101 0.03233
0 0.8643 0.17447 0.0340467 0.0367893
0 0.865759 0.201784 0.0194553 0.0200669
0 0.901751 0.186734 0.0350195 0.0301003
0 0.927043 0.182274 0.0291829 0.0367893
0 0.957198 0.184504 0.0311284 0.0301003
1 0.86965 0.600334 0.0194553 0.03233
1 0.79037 0.610368 0.0262646 0.0167224
1 0.799611 0.630435 0.0291829 0.0301003
1 0.797179 0.731327 0.0282101 0.0312152
0 0.822957 0.689521 0.0194553 0.0234114
1 0.939202 0.662207 0.0340467 0.0379041
0 0.895428 0.721293 0.0243191 0.0312152
0 0.93677 0.72631 0.0252918 0.0301003
1 0.953307 0.721851 0.0272374 0.039019
1 0.945039 0.755853 0.0262646 0.0245262
1 0.973735 0.738573 0.0350195 0.0367893
1 0.944066 0.899108 0.0301556 0.0278707
0 0.947471 0.857302 0.0175097 0.0222965
0 0.941148 0.874025 0.020428 0.0222965
0 0.794747 0.0652174 0.0194553 0.0189521
1 0.795233 0.53456 0.020428 0.0234114
0 0.773833 0.826644 0.0223735 0.0234114
0 0.70963 0.858974 0.016537 0.0167224
0 0.754864 0.816054 0.0214008 0.0267559
0 0.775292 0.793757 0.0233463 0.0245262
0 0.788424 0.774247 0.020428 0.0211817
0 0.787451 0.750836 0.0223735 0.0234114
1 0.0792802 0.632664 0.016537 0.0189521
0 0.894455 0.69398 0.0223735 0.0211817
0 0.698444 0.0518395 0.0194553 0.0211817
0 0.15321 0.634894 0.0184825 0.0301003
0 0.171693 0.609253 0.0184825 0.0144928
0 0.194066 0.50223 0.020428 0.0278707
0 0.981031 0.179487 0.016537 0.0178372
0 0.824903 0.230769 0.0272374 0.0222965
0 0.728113 0.974359 0.0184825 0.0200669
0 0.753405 0.974916 0.016537 0.0211817
0 0.167802 0.672241 0.020428 0.0289855
0 0.526265 0.0875139 0.0175097 0.0122631
0 0.368677 0.295429 0.0175097 0.0222965
1 0.0919261 0.584727 0.0145914 0.0122631
1 0.817607 0.327759 0.0223735 0.0267559
1 0.99465 0.173913 0.0107004 0.0289855
0 0.652237 0.00613155 0.0262646 0.0100334
