1 0.0487465 0.598152 0.0501393 0.0831409
1 0.0842618 0.644342 0.0487465 0.0785219
1 0.0501393 0.681293 0.0557103 0.0877598
1 0.428969 0.471132 0.0334262 0.0508083
1 0.462396 0.453811 0.0557103 0.0669746
1 0.454735 0.506928 0.051532 0.0808314
1 0.41156 0.518476 0.045961 0.0715935
0 0.428273 0.56351 0.0320334 0.0646651
1 0.465877 0.579677 0.0431755 0.0785219
1 0.43663 0.640878 0.0543175 0.0715935
1 0.391365 0.594688 0.0501393 0.0946882
0 0.364903 0.654734 0.0278552 0.0531178
1 0.371866 0.713626 0.0334262 0.0600462
0 0.350975 0.93418 0.0250696 0.0438799
0 0.355153 0.976905 0.0250696 0.0369515
0 0.378134 0.937644 0.0320334 0.0508083
0 0.408774 0.935335 0.0320334 0.0554273
1 0.693593 0.444573 0.0222841 0.0254042
1 0.799443 0.408776 0.0278552 0.0554273
0 0.814763 0.446882 0.0194986 0.0300231
1 0.837047 0.484988 0.0306407 0.073903
0 0.81337 0.487298 0.0278552 0.0554273
1 0.795265 0.52194 0.0417827 0.0600462
1 0.744429 0.562356 0.0431755 0.0669746
1 0.677577 0.578522 0.0571031 0.108545
0 0.608635 0.617783 0.0445682 0.0808314
1 0.6539 0.610855 0.051532 0.0946882
0 0.66922 0.668591 0.0487465 0.0715935
0 0.961003 0.860277 0.0194986 0.0300231
1 0.939415 0.845266 0.0376045 0.0692841
1 0.958914 0.906467 0.04039 0.0762125
1 0.927577 0.893764 0.0362117 0.0646651
1 0.897632 0.822171 0.0376045 0.0415704
1 0.713788 0.84873 0.0292479 0.0300231
1 0.713788 0.817552 0.0348189 0.0461894
1 0.699164 0.906467 0.0250696 0.0300231
0 0.635794 0.881062 0.0236769 0.0623557
1 0.669916 0.935335 0.0473538 0.0785219
1 0.668524 0.974596 0.0417827 0.0461894
1 0.614206 0.973441 0.0334262 0.0484988
0 0.595404 0.931871 0.0376045 0.039261
1 0.590529 0.957275 0.0334262 0.039261
1 0.558496 0.969977 0.0362117 0.0461894
1 0.548747 0.937644 0.0334262 0.0554273
0 0.372563 0.948037 0.0208914 0.034642
1 0.745822 0.864896 0.0236769 0.034642
0 0.690808 0.844111 0.0167131 0.0254042
