1 0.0685444 0.0290632 0.00947159 0.00846501
1 0.0705384 0.0409142 0.00947159 0.00959368
1 0.0884845 0.0172122 0.00747757 0.00846501
0 0.0411266 0.0426072 0.00747757 0.00620767
1 0.0381356 0.0482506 0.00947159 0.00733634
0 0.00348953 0.179458 0.00598205 0.00677201
0 0.0610668 0.341986 0.0184447 0.0214447
0 0.0912263 0.323646 0.0109671 0.00959368
0 0.0892323 0.332393 0.0129611 0.0112867
0 0.0214357 0.372178 0.0119641 0.015237
0 0.0351446 0.370767 0.0164506 0.01693
0 0.0436191 0.367381 0.00648056 0.0112867
0 0.0383848 0.379233 0.0139581 0.0112867
0 0.0473579 0.384029 0.0169492 0.0197517
0 0.056331 0.367664 0.0149551 0.0163657
0 0.057328 0.360609 0.0159521 0.0146727
0 0.0742772 0.365406 0.0169492 0.018623
0 0.0645563 0.382901 0.0174477 0.022009
0 0.0528415 0.413939 0.00598205 0.00733634
0 0.0615653 0.414221 0.00947159 0.010158
0 0.0712861 0.418454 0.00997009 0.0107223
1 0.0231805 0.46219 0.0104686 0.00902935
1 0.00697906 0.379797 0.0129611 0.0112867
1 0.085992 0.402652 0.0134596 0.00959368
1 0.0687936 0.436512 0.0139581 0.0107223
1 0.155284 0.0510722 0.00947159 0.0107223
1 0.164008 0.0510722 0.00997009 0.011851
1 0.240778 0.0459932 0.00697906 0.00733634
0 0.160518 0.167043 0.00697906 0.00902935
0 0.188435 0.193284 0.0169492 0.0174944
0 0.244267 0.24746 0.0139581 0.015237
1 0.213609 0.341422 0.00947159 0.013544
0 0.177966 0.36202 0.00797607 0.00846501
0 0.154038 0.640519 0.0119641 0.00902935
0 0.158774 0.636569 0.00448654 0.00790068
0 0.303091 0.384876 0.0169492 0.0158014
0 0.294865 0.400395 0.00947159 0.011851
0 0.307079 0.400677 0.0179462 0.0191874
0 0.308325 0.413939 0.0174477 0.011851
0 0.325025 0.402652 0.0169492 0.0231377
0 0.336989 0.401242 0.0119641 0.0180587
0 0.327268 0.38798 0.00847458 0.00620767
0 0.341476 0.386851 0.0159521 0.0174944
0 0.359172 0.368792 0.0184447 0.018623
0 0.371635 0.361738 0.0144566 0.01693
0 0.360668 0.348476 0.0124626 0.015237
1 0.25324 0.421275 0.00398804 0.0107223
0 0.267198 0.473194 0.00697906 0.00846501
1 0.270937 0.478273 0.00548355 0.00733634
0 0.261466 0.474323 0.00648056 0.00395034
0 0.286391 0.729402 0.00847458 0.0107223
0 0.373878 0.589165 0.0109671 0.0124153
0 0.382851 0.58465 0.0109671 0.0124153
0 0.392572 0.580418 0.00947159 0.0107223
0 0.400548 0.573363 0.00847458 0.00902935
0 0.416002 0.583239 0.0104686 0.00959368
0 0.408026 0.593962 0.00847458 0.0107223
0 0.414506 0.593962 0.0114656 0.0129797
0 0.413011 0.606941 0.0124626 0.0129797
0 0.427468 0.592269 0.0104686 0.0129797
0 0.4332 0.586907 0.0109671 0.0124153
0 0.454885 0.603837 0.0104686 0.0124153
1 0.442921 0.626129 0.0154536 0.018623
0 0.381605 0.697517 0.0104686 0.0112867
0 0.373131 0.738149 0.0124626 0.0158014
0 0.437936 0.836907 0.0144566 0.0158014
0 0.428963 0.822799 0.0154536 0.0158014
1 0.429711 0.807844 0.0169492 0.015237
0 0.439681 0.802201 0.0119641 0.0163657
0 0.451894 0.801919 0.0114656 0.0146727
0 0.457876 0.790914 0.0124626 0.0141084
0 0.446411 0.764108 0.0134596 0.013544
0 0.452891 0.775959 0.0114656 0.0124153
0 0.462612 0.769752 0.00897308 0.0158014
1 0.447159 0.745767 0.0159521 0.0174944
0 0.452642 0.761851 0.0109671 0.0158014
0 0.469093 0.725451 0.00598205 0.0107223
0 0.473579 0.724887 0.00697906 0.011851
0 0.470588 0.711625 0.0119641 0.013544
0 0.489033 0.712472 0.0149551 0.018623
0 0.497757 0.713318 0.00747757 0.0158014
0 0.546361 0.765237 0.0119641 0.0112867
0 0.491775 0.121614 0.0164506 0.0174944
0 0.512712 0.111738 0.0174477 0.01693
0 0.510967 0.102991 0.0149551 0.015237
0 0.50349 0.107788 0.00997009 0.013544
0 0.479063 0.241817 0.00897308 0.00620767
0 0.52667 0.149266 0.0144566 0.0163657
0 0.518694 0.156321 0.0134596 0.0191874
0 0.535145 0.161682 0.0124626 0.0141084
0 0.538634 0.152088 0.0114656 0.015237
1 0.572532 0.115124 0.00847458 0.00902935
0 0.52991 0.204571 0.0129611 0.0174944
0 0.539382 0.194413 0.00598205 0.0107223
0 0.545115 0.193849 0.00448654 0.00620767
1 0.545364 0.201467 0.00897308 0.00902935
1 0.534646 0.224323 0.00947159 0.011851
0 0.532403 0.237585 0.0119641 0.013544
0 0.54013 0.251975 0.0134596 0.015237
0 0.533898 0.266084 0.0119641 0.011851
0 0.540877 0.270034 0.0129611 0.0141084
0 0.553838 0.260158 0.0139581 0.0158014
0 0.561565 0.27342 0.0124626 0.0141084
0 0.573779 0.271445 0.0129611 0.0146727
0 0.536142 0.280756 0.0124626 0.0163657
0 0.520439 0.286117 0.0149551 0.0158014
0 0.50997 0.301072 0.0149551 0.018623
1 0.495015 0.300508 0.0159521 0.00959368
0 0.494267 0.310384 0.0124626 0.0146727
0 0.503988 0.319977 0.0129611 0.01693
0 0.485045 0.346783 0.0159521 0.0163657
1 0.496012 0.333804 0.0149551 0.0174944
0 0.485793 0.309537 0.00947159 0.0107223
1 0.4833 0.317156 0.0184447 0.0191874
0 0.578265 0.299379 0.0139581 0.0174944
0 0.592971 0.316874 0.0104686 0.0107223
0 0.587737 0.332393 0.0149551 0.020316
0 0.59995 0.338883 0.0104686 0.015237
1 0.605683 0.354966 0.0159521 0.0191874
1 0.609172 0.374718 0.0189432 0.020316
0 0.626122 0.358352 0.0119641 0.0146727
1 0.591725 0.258747 0.0129611 0.0163657
0 0.600698 0.241253 0.0149551 0.015237
0 0.60992 0.252257 0.0164506 0.0180587
0 0.617149 0.255926 0.0109671 0.0141084
0 0.627119 0.256208 0.0129611 0.0180587
0 0.602692 0.264955 0.0119641 0.00733634
0 0.604935 0.276242 0.0134596 0.0208804
0 0.613659 0.278781 0.0189432 0.020316
0 0.629362 0.276242 0.0154536 0.0231377
0 0.619143 0.234199 0.0129611 0.0146727
0 0.612413 0.201185 0.0124626 0.015237
0 0.624377 0.196953 0.0144566 0.0158014
0 0.633599 0.187641 0.0139581 0.011851
0 0.637587 0.198081 0.0119641 0.0124153
0 0.643071 0.235609 0.0119641 0.0141084
0 0.638086 0.245485 0.0119641 0.0146727
1 0.653789 0.246332 0.0174477 0.018623
0 0.668744 0.240971 0.0164506 0.020316
1 0.560818 0.243792 0.0179462 0.0191874
0 0.663011 0.293736 0.0119641 0.0141084
0 0.661266 0.310666 0.0164506 0.0174944
0 0.678215 0.382054 0.0144566 0.01693
0 0.674477 0.395034 0.0139581 0.013544
0 0.68345 0.393623 0.00797607 0.0107223
0 0.685444 0.375282 0.00997009 0.013544
1 0.704885 0.336061 0.0149551 0.018623
0 0.73006 0.30079 0.0124626 0.0158014
0 0.737288 0.312641 0.0149551 0.0146727
0 0.751994 0.323646 0.0134596 0.0141084
1 0.759472 0.340576 0.0154536 0.018623
0 0.777168 0.343397 0.00997009 0.0107223
0 0.784895 0.339165 0.0114656 0.013544
1 0.790877 0.332957 0.0134596 0.0225734
0 0.715354 0.375282 0.0169492 0.0191874
0 0.734048 0.371614 0.0144566 0.0163657
0 0.741525 0.386287 0.0154536 0.015237
0 0.727069 0.392212 0.0134596 0.0146727
0 0.7333 0.398138 0.0109671 0.0129797
0 0.72657 0.407167 0.0104686 0.011851
1 0.745513 0.425226 0.0184447 0.022009
0 0.731805 0.432562 0.0159521 0.0163657
0 0.741027 0.443567 0.0144566 0.0158014
0 0.734048 0.450903 0.0124626 0.013544
0 0.713858 0.456828 0.00997009 0.0107223
0 0.719591 0.485892 0.0144566 0.0158014
0 0.705384 0.492664 0.0159521 0.01693
0 0.690429 0.512415 0.0159521 0.0180587
0 0.72009 0.500282 0.0134596 0.015237
0 0.718345 0.51947 0.0129611 0.0163657
1 0.711366 0.526806 0.00897308 0.0174944
0 0.73006 0.520034 0.0124626 0.015237
0 0.721585 0.535271 0.0134596 0.015237
0 0.728814 0.533578 0.00598205 0.011851
0 0.722582 0.551354 0.0114656 0.0158014
1 0.71336 0.553047 0.0139581 0.013544
0 0.70015 0.555869 0.0144566 0.0124153
0 0.6999 0.56772 0.0159521 0.0180587
0 0.715354 0.565745 0.0169492 0.018623
0 0.723579 0.579007 0.0124626 0.01693
0 0.732303 0.582393 0.0119641 0.0146727
0 0.701396 0.580418 0.0119641 0.0107223
0 0.714606 0.598194 0.0114656 0.00902935
0 0.726072 0.60807 0.0154536 0.018623
0 0.735294 0.610327 0.00797607 0.015237
0 0.703141 0.605813 0.0134596 0.011851
0 0.707129 0.611456 0.00947159 0.0107223
0 0.716849 0.62754 0.0119641 0.0146727
0 0.684197 0.609481 0.00947159 0.00790068
0 0.691924 0.642777 0.0139581 0.01693
0 0.714108 0.648702 0.0104686 0.0141084
0 0.695912 0.663657 0.0149551 0.0180587
0 0.678215 0.67974 0.0154536 0.0163657
0 0.704138 0.683409 0.00847458 0.0112867
0 0.714108 0.681998 0.0144566 0.0174944
0 0.723829 0.690181 0.0149551 0.0180587
0 0.706132 0.707393 0.0134596 0.0141084
1 0.695663 0.727144 0.0194417 0.022009
1 0.713858 0.73307 0.0179462 0.020316
0 0.711615 0.718397 0.0104686 0.00902935
0 0.728814 0.764108 0.0129611 0.0158014
0 0.713609 0.788939 0.0164506 0.0191874
0 0.729312 0.793736 0.0159521 0.0174944
0 0.748754 0.798815 0.0139581 0.0141084
1 0.752991 0.816591 0.0174477 0.0191874
0 0.781406 0.846783 0.0134596 0.0163657
1 0.781406 0.859481 0.0184447 0.01693
0 0.794616 0.866253 0.0109671 0.013544
1 0.849202 0.950903 0.0144566 0.0225734
0 0.85992 0.952878 0.0159521 0.018623
0 0.865404 0.93877 0.00897308 0.011851
0 0.867398 0.926919 0.0119641 0.011851
0 0.894317 0.89842 0.0149551 0.00790068
0 0.834247 0.710214 0.0174477 0.0208804
0 0.854686 0.704853 0.0164506 0.0191874
0 0.848953 0.708804 0.0159521 0.020316
0 0.848704 0.731659 0.0174477 0.0197517
1 0.860419 0.759029 0.0129611 0.0158014
1 0.878365 0.757901 0.0189432 0.0225734
1 0.884347 0.776806 0.0159521 0.0197517
0 0.874128 0.775395 0.0114656 0.0112867
1 0.856929 0.782449 0.0199402 0.0231377
0 0.872383 0.792043 0.0139581 0.0174944
1 0.82652 0.339729 0.0159521 0.0191874
0 0.842722 0.352144 0.0114656 0.0146727
0 0.84995 0.358352 0.00797607 0.0112867
1 0.845214 0.342269 0.0174477 0.018623
1 0.854935 0.337754 0.0109671 0.018623
0 0.875872 0.330135 0.0119641 0.013544
1 0.811067 0.398138 0.0149551 0.0174944
0 0.805085 0.4114 0.0119641 0.013544
1 0.816052 0.423533 0.0199402 0.0208804
0 0.832253 0.421558 0.0104686 0.0112867
0 0.774427 0.575056 0.0144566 0.013544
0 0.770937 0.594526 0.00947159 0.0141084
0 0.790628 0.583804 0.0119641 0.00620767
0 0.931954 0.374153 0.0134596 0.0124153
0 0.947408 0.393341 0.0154536 0.0158014
0 0.966351 0.386005 0.0144566 0.0158014
0 0.973081 0.38798 0.00797607 0.0141084
0 0.975573 0.411964 0.0139581 0.01693
0 0.942921 0.560666 0.0124626 0.011851
1 0.949651 0.570824 0.0179462 0.0174944
1 0.940179 0.577878 0.0179462 0.020316
0 0.978564 0.628668 0.00897308 0.0146727
0 0.530907 0.623589 0.0129611 0.013544
0 0.581007 0.653499 0.0134596 0.0146727
0 0.0496012 0.0451467 0.00947159 0.00902935
0 0.25997 0.460779 0.00847458 0.0107223
0 0.67672 0.370485 0.00847458 0.0107223
0 0.454387 0.234763 0.0154536 0.013544
0 0.55658 0.0967833 0.00548355 0.00733634
0 0.630608 0.21219 0.0109671 0.0124153
0 0.641326 0.211625 0.00947159 0.010158
