0 0.317056 0.228607 0.029724 0.0394295
1 0.394551 0.213507 0.0162774 0.0243289
0 0.383581 0.193372 0.0240623 0.0293624
1 0.517693 0.0755034 0.02477 0.0268456
1 0.491154 0.0809564 0.019816 0.0192953
0 0.494338 0.0964765 0.02477 0.0268456
0 0.580326 0.152685 0.0254777 0.0285235
0 0.601911 0.188339 0.0389243 0.0461409
0 0.226822 0.423658 0.0219391 0.0234899
0 0.354919 0.386745 0.0360934 0.0486577
1 0.207714 0.803272 0.034678 0.0276846
1 0.262208 0.783977 0.0389243 0.0612416
1 0.225053 0.822567 0.0467091 0.0478188
0 0.291578 0.889262 0.0268931 0.0419463
1 0.372965 0.894715 0.0240623 0.0243289
1 0.387473 0.869547 0.0318471 0.0327181
1 0.556263 0.693372 0.0481246 0.0612416
1 0.460014 0.688339 0.0467091 0.0461409
1 0.488677 0.640101 0.0559094 0.0587248
1 0.584572 0.455537 0.0481246 0.0553691
1 0.58528 0.416946 0.0467091 0.0436242
0 0.816348 0.124581 0.0431706 0.0394295
1 0.713022 0.439597 0.0318471 0.033557
0 0.854565 0.198406 0.0233546 0.0360738
0 0.93489 0.345218 0.0240623 0.0327181
0 0.962845 0.365772 0.0304317 0.0352349
1 0.870488 0.204279 0.0141543 0.022651
0 0.498938 0.609899 0.0353857 0.0369128
0 0.52017 0.0520134 0.019816 0.0184564
0 0.569356 0.135487 0.0219391 0.022651
0 0.596249 0.182466 0.0304317 0.0327181
0 0.569002 0.212248 0.0311394 0.0369128
0 0.372611 0.912332 0.0219391 0.0276846
0 0.369073 0.861997 0.0304317 0.022651
0 0.124912 0.311661 0.0219391 0.0192953
