0 0.132845 0.0155068 0.0341702 0.026475
1 0.141562 0.159228 0.0460251 0.0370651
1 0.0718271 0.0226929 0.0432357 0.0438729
0 0.119247 0.185325 0.0404463 0.0438729
1 0.140865 0.270045 0.0306834 0.0378215
0 0.131799 0.353253 0.0334728 0.0272315
0 0.159693 0.363464 0.0320781 0.0370651
0 0.176778 0.37708 0.039749 0.0416036
0 0.274059 0.420953 0.0320781 0.0385779
0 0.298466 0.403933 0.027894 0.03177
1 0.283124 0.433056 0.0585774 0.0340393
1 0.103208 0.611195 0.0655509 0.0695915
0 0.216876 0.663389 0.0432357 0.0468986
1 0.190725 0.71407 0.0690377 0.0695915
1 0.248954 0.704992 0.055788 0.075643
1 0.370642 0.757564 0.0467225 0.0461422
0 0.381799 0.72239 0.0341702 0.0378215
0 0.416667 0.746596 0.0355649 0.0408472
0 0.449093 0.738654 0.0320781 0.0340393
0 0.305788 0.571861 0.067643 0.0695915
1 0.308229 0.628593 0.0516039 0.0499244
1 0.369596 0.613086 0.0767085 0.0794251
1 0.411785 0.562784 0.0774059 0.0801815
0 0.490237 0.545386 0.0529986 0.0590015
1 0.492678 0.705371 0.0885635 0.0763994
1 0.556137 0.869516 0.0453278 0.0385779
0 0.938982 0.0601362 0.0327755 0.0355522
0 0.901325 0.0835855 0.0355649 0.0355522
0 0.871339 0.321104 0.039749 0.0370651
0 0.904114 0.321483 0.0271967 0.0363086
0 0.937936 0.323752 0.041841 0.0393343
1 0.838215 0.388805 0.0362622 0.0408472
0 0.73675 0.562405 0.0313808 0.0295008
0 0.211994 0.0646747 0.0237099 0.0279879
0 0.196653 0.0654312 0.0223152 0.0279879
1 0.186192 0.121407 0.0125523 0.0143722
1 0.111925 0.0919062 0.0160391 0.0204236
1 0.269874 0.64826 0.0306834 0.0590015
