0 0.154472 0.172492 0.0307136 0.0273556
0 0.643631 0.183511 0.0569106 0.0433131
0 0.652213 0.151216 0.0505872 0.0379939
0 0.6486 0.223784 0.0469738 0.0402736
1 0.699639 0.194909 0.0496838 0.0463526
0 0.66757 0.235182 0.0397471 0.0402736
1 0.734417 0.696809 0.0722674 0.06231
0 0.602529 0.737842 0.0560072 0.0486322
0 0.51355 0.75038 0.0532972 0.0433131
0 0.503162 0.68769 0.0469738 0.0379939
0 0.549232 0.697948 0.0433604 0.0387538
0 0.444896 0.761778 0.0587173 0.0448328
0 0.350949 0.775076 0.0406504 0.0349544
0 0.208672 0.276976 0.0271003 0.018997
0 0.858175 0.911094 0.0252936 0.0167173
1 0.325203 0.840046 0.0234869 0.0159574
