0 0.137467 0.194527 0.0282152 0.0221893
0 0.170604 0.194157 0.0354331 0.033284
0 0.191929 0.232249 0.0360892 0.0428994
0 0.183071 0.27034 0.0314961 0.0303254
0 0.17815 0.296228 0.0295276 0.0362426
0 0.125328 0.216346 0.0170604 0.0214497
0 0.151247 0.226701 0.0452756 0.0436391
1 0.196194 0.403476 0.0551181 0.0510355
0 0.209318 0.470044 0.0288714 0.0318047
0 0.228675 0.476331 0.0216535 0.0369822
0 0.237205 0.518121 0.0413386 0.0421598
0 0.178806 0.530325 0.0321522 0.035503
0 0.215879 0.548817 0.0328084 0.0384615
0 0.18143 0.5625 0.0400262 0.0392012
0 0.0570866 0.705251 0.0275591 0.033284
0 0.0308399 0.698595 0.0328084 0.0421598
0 0.0777559 0.733728 0.0308399 0.0340237
0 0.0439633 0.734098 0.0301837 0.033284
0 0.0577428 0.762204 0.0262467 0.0318047
0 0.0669291 0.801775 0.0406824 0.0488166
0 0.103018 0.83358 0.0209974 0.0147929
0 0.12336 0.826923 0.0170604 0.0177515
0 0.185367 0.846154 0.0255906 0.0251479
0 0.143701 0.866864 0.0170604 0.0192308
0 0.146654 0.884246 0.0229659 0.0199704
0 0.182087 0.873151 0.0177165 0.0184911
0 0.153215 0.85318 0.0242782 0.022929
0 0.16437 0.861686 0.0177165 0.0236686
0 0.182743 0.933432 0.0242782 0.0295858
0 0.0725066 0.955251 0.0203412 0.0258876
0 0.160761 0.993713 0.0183727 0.012574
0 0.383858 0.938979 0.023622 0.0258876
0 0.372703 0.900148 0.019685 0.0236686
0 0.417979 0.888683 0.0223097 0.0244083
1 0.462927 0.845044 0.0308399 0.0347633
0 0.529856 0.844675 0.0177165 0.0236686
0 0.619094 0.964867 0.0190289 0.0273669
0 0.613517 0.885725 0.019685 0.0214497
0 0.645013 0.919379 0.0209974 0.0133136
0 0.605971 0.944157 0.0216535 0.0184911
0 0.471129 0.907914 0.019685 0.0244083
0 0.44521 0.816568 0.0295276 0.0281065
0 0.441601 0.789201 0.0249344 0.0236686
0 0.416995 0.798447 0.0308399 0.0362426
0 0.390748 0.81213 0.0255906 0.0266272
0 0.386483 0.785133 0.0288714 0.0303254
1 0.395341 0.690089 0.0374016 0.0488166
1 0.384514 0.660873 0.0419948 0.0451183
0 0.42979 0.674556 0.0380577 0.0428994
0 0.426837 0.711538 0.0465879 0.0414201
0 0.294948 0.397189 0.0269029 0.0266272
0 0.297244 0.427515 0.0288714 0.0369822
0 0.309383 0.440459 0.0387139 0.0392012
0 0.343832 0.464867 0.0328084 0.033284
0 0.383202 0.47818 0.0446194 0.0495562
0 0.314304 0.487796 0.0328084 0.0421598
1 0.343504 0.511095 0.0413386 0.0547337
1 0.417979 0.47929 0.0328084 0.0340237
0 0.383202 0.322115 0.0328084 0.0199704
0 0.38353 0.337278 0.0308399 0.0177515
0 0.386155 0.35429 0.0413386 0.0295858
0 0.420932 0.344305 0.0374016 0.0377219
0 0.419291 0.302145 0.0314961 0.0347633
0 0.4521 0.303624 0.0354331 0.0362426
0 0.487533 0.315828 0.0314961 0.0399408
0 0.466535 0.33395 0.0328084 0.0377219
0 0.384514 0.530695 0.0433071 0.0451183
0 0.388123 0.568047 0.0347769 0.0340237
1 0.423228 0.523299 0.0446194 0.0451183
0 0.488845 0.518861 0.0262467 0.0318047
1 0.468176 0.539941 0.0334646 0.0443787
0 0.447178 0.58395 0.0360892 0.0392012
0 0.453084 0.62426 0.0374016 0.035503
0 0.420276 0.626479 0.0282152 0.035503
1 0.96227 0.938609 0.0387139 0.0414201
1 0.966535 0.975592 0.0380577 0.035503
1 0.933399 0.906435 0.0321522 0.0318047
1 0.925197 0.9375 0.0367454 0.0406805
1 0.927822 0.975962 0.0393701 0.0392012
0 0.903543 0.909763 0.0288714 0.0281065
0 0.879265 0.91568 0.0262467 0.0295858
0 0.899934 0.885725 0.0282152 0.0258876
0 0.895013 0.859837 0.0301837 0.0318047
0 0.651903 0.68713 0.0203412 0.0251479
0 0.659121 0.701923 0.0203412 0.0266272
0 0.802165 0.762574 0.0255906 0.0236686
0 0.795276 0.814719 0.0288714 0.0288462
0 0.765092 0.829882 0.0314961 0.0340237
0 0.787402 0.842086 0.0144357 0.0244083
0 0.799541 0.842825 0.0203412 0.0288462
1 0.744094 0.857618 0.0341207 0.0392012
0 0.845801 0.587278 0.0183727 0.0177515
0 0.505906 0.465237 0.0249344 0.0310651
0 0.561024 0.472263 0.0354331 0.0377219
0 0.581365 0.489275 0.0275591 0.0318047
1 0.597113 0.448595 0.0209974 0.0258876
1 0.630906 0.400888 0.0400262 0.0414201
0 0.645669 0.341716 0.0301837 0.0325444
0 0.6729 0.301036 0.0282152 0.0310651
0 0.675197 0.328033 0.0328084 0.022929
1 0.741798 0.352071 0.0439633 0.0428994
1 0.764108 0.383876 0.0465879 0.0488166
1 0.812664 0.358358 0.0203412 0.0214497
1 0.6729 0.358358 0.0452756 0.0480769
1 0.721785 0.400518 0.0367454 0.0525148
0 0.704396 0.373521 0.0387139 0.0443787
0 0.73458 0.406805 0.0347769 0.0414201
0 0.68668 0.412352 0.0400262 0.0436391
1 0.644029 0.484098 0.0282152 0.0140533
1 0.55315 0.529956 0.0485564 0.0510355
1 0.593832 0.522189 0.0380577 0.045858
0 0.622703 0.490754 0.023622 0.0303254
0 0.648294 0.509615 0.0472441 0.0517751
0 0.721129 0.495562 0.0301837 0.0266272
0 0.691929 0.501109 0.0229659 0.0258876
0 0.686024 0.524038 0.0242782 0.0273669
0 0.717192 0.519231 0.0354331 0.0399408
0 0.731299 0.538092 0.0282152 0.0362426
0 0.672244 0.54253 0.0334646 0.0421598
0 0.705052 0.553624 0.0321522 0.033284
0 0.753609 0.233728 0.0282152 0.0369822
1 0.870735 0.201553 0.0406824 0.0465976
0 0.200459 0.526627 0.0203412 0.0236686
0 0.44521 0.829512 0.0255906 0.0140533
0 0.83399 0.81213 0.0314961 0.0295858
0 0.989829 0.944527 0.0177165 0.0266272
0 0.615814 0.519601 0.0137795 0.0318047
0 0.272966 0.558432 0.0328084 0.035503
1 0.258202 0.629438 0.0164042 0.0177515
0 0.499344 0.41679 0.015748 0.00961538
0 0.595472 0.39497 0.0150919 0.0162722
1 0.994751 0.609837 0.0104987 0.0170118
0 0.669619 0.480769 0.0190289 0.0221893
0 0.588911 0.47855 0.0177165 0.0236686
1 0.594488 0.284393 0.00918635 0.0110947
