0 0.30499 0.150202 0.0519348 0.0524194
0 0.232179 0.329637 0.0305499 0.0262097
0 0.389511 0.351815 0.0336049 0.0342742
1 0.164969 0.352823 0.0448065 0.0544355
1 0.161914 0.460685 0.0529532 0.0584677
0 0.199084 0.359375 0.0458248 0.0433468
1 0.245927 0.37248 0.0458248 0.0514113
1 0.250509 0.392137 0.0549898 0.0282258
1 0.253564 0.44002 0.0509165 0.0514113
0 0.183809 0.427419 0.0397149 0.0423387
1 0.318737 0.80998 0.0448065 0.0372984
0 0.457739 0.819556 0.0356415 0.0403226
0 0.216395 0.722278 0.0315682 0.03125
0 0.27444 0.683972 0.0356415 0.0352823
0 0.273931 0.722278 0.0366599 0.0372984
0 0.552444 0.30494 0.0417515 0.03125
0 0.595723 0.308972 0.0427699 0.0433468
0 0.613035 0.257056 0.0407332 0.0322581
1 0.632892 0.279738 0.0519348 0.0594758
1 0.540733 0.33619 0.0610998 0.0493952
1 0.719959 0.366935 0.0529532 0.0584677
0 0.606415 0.452621 0.0315682 0.0282258
1 0.291752 0.550403 0.0478615 0.0524194
0 0.322811 0.53881 0.0346232 0.0393145
0 0.531568 0.532762 0.0244399 0.0393145
1 0.641548 0.449597 0.0488798 0.0403226
0 0.628819 0.548891 0.0315682 0.0292339
0 0.543279 0.683468 0.0376782 0.0383065
0 0.485234 0.661794 0.0274949 0.0191532
0 0.488289 0.703125 0.0315682 0.0231855
0 0.587067 0.629536 0.0315682 0.0352823
0 0.661405 0.515625 0.0315682 0.0292339
0 0.73778 0.510081 0.0295316 0.0201613
0 0.76222 0.498992 0.0295316 0.0241935
0 0.788697 0.50504 0.0356415 0.0120968
0 0.788187 0.549395 0.0386965 0.0383065
0 0.728106 0.543851 0.0468432 0.0453629
0 0.72556 0.588206 0.0295316 0.0332661
0 0.797862 0.585685 0.0295316 0.0443548
1 0.761202 0.577117 0.0478615 0.0574597
1 0.697556 0.620968 0.0529532 0.0524194
0 0.748473 0.623488 0.0427699 0.0372984
0 0.836049 0.672379 0.0366599 0.0342742
0 0.791752 0.724294 0.0417515 0.0413306
0 0.809063 0.74496 0.0397149 0.0443548
0 0.756619 0.746472 0.0468432 0.0433468
0 0.26833 0.617944 0.0437882 0.0443548
0 0.302953 0.603327 0.0376782 0.0352823
1 0.381365 0.682964 0.0498982 0.0514113
1 0.418024 0.6875 0.0356415 0.0282258
0 0.461813 0.667843 0.0213849 0.0171371
0 0.351324 0.325605 0.0325866 0.0282258
0 0.301935 0.636593 0.0274949 0.0332661
0 0.325356 0.805444 0.0274949 0.0302419
0 0.780041 0.52873 0.0305499 0.0131048
