0 0.0867483 0.221282 0.0180947 0.0258237
0 0.0369878 0.213713 0.0186269 0.032057
0 0.026876 0.244435 0.0218201 0.0382903
0 0.0122406 0.249332 0.0138371 0.0356189
0 0.056413 0.360641 0.0223523 0.032057
0 0.0784992 0.469724 0.0207557 0.0293856
0 0.0814263 0.504898 0.0212879 0.0373998
0 0.142363 0.487533 0.0164981 0.0240427
0 0.149548 0.474622 0.0180947 0.0284951
0 0.141032 0.316563 0.010644 0.0240427
0 0.213944 0.252449 0.0255455 0.0347284
0 0.211549 0.29163 0.0207557 0.0347284
0 0.17323 0.309439 0.0154337 0.0258237
0 0.175625 0.325467 0.0180947 0.0222618
0 0.256253 0.314782 0.0186269 0.0276046
0 0.284726 0.284951 0.0191591 0.0267142
0 0.261043 0.281389 0.0228845 0.0338379
0 0.237094 0.318344 0.0207557 0.0400712
0 0.273816 0.114871 0.0164981 0.0249332
1 0.27488 0.153161 0.0196913 0.0338379
1 0.292975 0.111754 0.0207557 0.0311665
0 0.311602 0.13179 0.0186269 0.0249332
0 0.327568 0.128673 0.0175625 0.0276046
1 0.340341 0.150045 0.0250133 0.0418522
1 0.317456 0.158949 0.0207557 0.0382903
1 0.340341 0.195904 0.0218201 0.0373998
1 0.361629 0.192787 0.0207557 0.0365093
0 0.38265 0.207035 0.0202235 0.0311665
1 0.3438 0.232858 0.0212879 0.0400712
0 0.411655 0.284506 0.0196913 0.0293856
0 0.38132 0.318344 0.0154337 0.0311665
0 0.323842 0.390472 0.0186269 0.0258237
0 0.335285 0.366874 0.0170303 0.032057
0 0.348856 0.368655 0.0143693 0.0284951
0 0.403672 0.36821 0.0122406 0.0186999
0 0.37174 0.4626 0.0122406 0.0186999
0 0.334753 0.437222 0.0159659 0.0267142
0 0.374135 0.450134 0.0180947 0.0204809
1 0.341671 0.517364 0.0202235 0.0373998
0 0.363757 0.146037 0.0111762 0.0160285
1 0.369611 0.140695 0.0101118 0.0106857
0 0.315061 0.100178 0.00957956 0.015138
1 0.476317 0.321015 0.0191591 0.0311665
1 0.427621 0.394924 0.00798297 0.0240427
0 0.5 0.381122 0.0186269 0.032057
0 0.385844 0.540962 0.0170303 0.0293856
0 0.50612 0.418077 0.0127728 0.015138
0 0.514635 0.438112 0.0202235 0.032057
0 0.529271 0.360641 0.0175625 0.0284951
0 0.54843 0.352182 0.0186269 0.0186999
0 0.560138 0.373108 0.00904737 0.0231523
0 0.545769 0.372217 0.0164981 0.032057
1 0.580894 0.381567 0.0164981 0.0365093
1 0.594465 0.356634 0.0202235 0.0204809
1 0.629324 0.0138023 0.0133049 0.0258237
0 0.63917 0.022707 0.0117084 0.0204809
0 0.799894 0.105521 0.0202235 0.0293856
1 0.654337 0.198575 0.0175625 0.0356189
0 0.730176 0.225289 0.0170303 0.0124666
1 0.69984 0.258682 0.0159659 0.0258237
1 0.66711 0.261354 0.0111762 0.0204809
1 0.672964 0.281834 0.0122406 0.015138
0 0.704098 0.282725 0.0127728 0.016919
1 0.697712 0.285396 0.0170303 0.0258237
1 0.76397 0.227516 0.0122406 0.0293856
0 0.802288 0.207035 0.0164981 0.0258237
0 0.821714 0.215494 0.010644 0.0213713
0 0.935072 0.109528 0.0127728 0.0195904
0 0.919904 0.115316 0.0154337 0.0293856
1 0.899947 0.145147 0.0191591 0.0338379
1 0.923097 0.153161 0.0186269 0.0267142
1 0.921501 0.352627 0.0207557 0.0284951
1 0.950772 0.364648 0.0133049 0.0347284
0 0.159659 0.631345 0.00957956 0.0142476
0 0.147419 0.646037 0.0149015 0.0258237
0 0.164449 0.666518 0.0159659 0.0293856
0 0.138904 0.673642 0.0170303 0.0240427
0 0.130122 0.692342 0.0175625 0.0347284
0 0.149814 0.709261 0.0164981 0.0276046
0 0.129324 0.731968 0.0191591 0.0338379
0 0.14529 0.744435 0.0159659 0.0284951
1 0.190261 0.774711 0.0143693 0.0231523
1 0.202501 0.796972 0.0143693 0.0213713
0 0.240553 0.76447 0.0127728 0.0258237
0 0.0981905 0.808994 0.0186269 0.0258237
0 0.0513571 0.859751 0.0250133 0.0365093
0 0.247472 0.920303 0.0149015 0.0276046
0 0.229111 0.916296 0.0218201 0.0391808
0 0.270357 0.88602 0.0202235 0.0284951
0 0.271421 0.84951 0.0212879 0.0338379
0 0.0625333 0.982636 0.0122406 0.0204809
0 0.159659 0.969724 0.00851517 0.0195904
1 0.170303 0.973731 0.0127728 0.0276046
0 0.189196 0.980855 0.0101118 0.0186999
0 0.243481 0.983081 0.0143693 0.0249332
0 0.212879 0.882458 0.0159659 0.0160285
0 0.212347 0.841496 0.0127728 0.0106857
0 0.108568 0.911843 0.0159659 0.0195904
0 0.229111 0.671416 0.0143693 0.0231523
0 0.246142 0.677649 0.0164981 0.0249332
0 0.303087 0.694123 0.0133049 0.0186999
0 0.297499 0.713268 0.0149015 0.0267142
0 0.292709 0.739092 0.0170303 0.0284951
0 0.310005 0.734194 0.0154337 0.0293856
0 0.309473 0.638468 0.0143693 0.032057
1 0.327834 0.634461 0.0223523 0.0382903
1 0.36083 0.652271 0.0191591 0.0347284
1 0.392762 0.675423 0.0180947 0.0311665
0 0.395955 0.617988 0.0170303 0.0267142
0 0.332092 0.668299 0.0149015 0.0204809
0 0.335285 0.677204 0.010644 0.015138
0 0.344066 0.686109 0.0143693 0.0258237
0 0.33289 0.69724 0.0143693 0.0213713
0 0.335817 0.722618 0.0159659 0.0293856
0 0.351517 0.663402 0.0175625 0.0267142
0 0.353113 0.723508 0.0186269 0.0258237
0 0.36083 0.684328 0.0138371 0.0133571
0 0.368813 0.702137 0.0159659 0.0347284
0 0.363491 0.754675 0.0202235 0.0293856
0 0.368813 0.785396 0.0191591 0.0267142
1 0.348856 0.819679 0.0175625 0.0311665
1 0.34859 0.863758 0.0159659 0.0213713
0 0.362427 0.847729 0.0149015 0.0267142
0 0.3752 0.606857 0.00957956 0.0186999
1 0.455029 0.588157 0.0170303 0.0382903
0 0.458489 0.644256 0.0164981 0.0240427
0 0.412453 0.633126 0.0149015 0.0249332
0 0.423363 0.626447 0.0101118 0.0222618
0 0.439596 0.658504 0.0138371 0.0276046
0 0.406067 0.644702 0.0212879 0.032057
0 0.425226 0.673642 0.0234167 0.0311665
0 0.397818 0.714604 0.0111762 0.015138
0 0.403406 0.749777 0.0117084 0.0178094
0 0.412986 0.782725 0.0202235 0.0213713
0 0.411389 0.730187 0.0127728 0.0213713
0 0.425226 0.731523 0.0159659 0.0293856
0 0.438797 0.743099 0.0196913 0.0240427
0 0.437733 0.765361 0.0154337 0.0222618
0 0.452368 0.846839 0.0138371 0.0231523
0 0.467536 0.83081 0.0154337 0.0195904
0 0.4843 0.832591 0.010644 0.0124666
0 0.480575 0.848175 0.0117084 0.0222618
0 0.469133 0.852627 0.0154337 0.0240427
0 0.473124 0.878451 0.0170303 0.0293856
1 0.613358 0.427427 0.0111762 0.0142476
0 0.604311 0.439003 0.0154337 0.0249332
0 0.588611 0.483526 0.0159659 0.0231523
1 0.632251 0.505788 0.0191591 0.032057
0 0.609633 0.512021 0.0143693 0.0338379
1 0.580628 0.518255 0.0234167 0.0391808
0 0.621075 0.552983 0.0149015 0.0231523
0 0.663651 0.507569 0.0170303 0.0267142
0 0.685737 0.507569 0.0143693 0.0267142
0 0.691325 0.493767 0.0170303 0.0311665
0 0.537786 0.541407 0.0154337 0.0231523
0 0.534859 0.563224 0.0127728 0.0222618
0 0.540979 0.589047 0.0143693 0.0276046
0 0.507717 0.699911 0.00957956 0.0213713
0 0.517563 0.686109 0.0101118 0.016919
0 0.512773 0.728851 0.0143693 0.0240427
0 0.622406 0.686999 0.0154337 0.0293856
0 0.630389 0.662956 0.0122406 0.016919
0 0.567589 0.567231 0.0175625 0.0267142
0 0.720862 0.392253 0.0207557 0.0293856
0 0.704098 0.42431 0.0191591 0.0293856
0 0.735498 0.407836 0.0180947 0.0231523
0 0.737094 0.454141 0.0223523 0.030276
0 0.757052 0.448353 0.0196913 0.0293856
1 0.743214 0.478629 0.0143693 0.0204809
1 0.755987 0.475957 0.0175625 0.0276046
0 0.748536 0.516919 0.0143693 0.0204809
0 0.749335 0.538736 0.0127728 0.0195904
0 0.74215 0.662956 0.0164981 0.0276046
0 0.743481 0.700801 0.0212879 0.032057
0 0.767962 0.691451 0.0159659 0.0240427
0 0.780202 0.671861 0.0149015 0.0258237
0 0.797499 0.685663 0.0133049 0.0249332
0 0.801756 0.664292 0.0154337 0.0231523
0 0.798297 0.802315 0.0159659 0.0213713
0 0.78446 0.804987 0.00957956 0.0231523
1 0.762906 0.878005 0.0260777 0.0373998
0 0.773284 0.907836 0.0159659 0.0240427
0 0.812932 0.785396 0.0111762 0.0231523
1 0.800958 0.832146 0.0255455 0.0400712
1 0.89356 0.899822 0.0244811 0.0365093
0 0.851783 0.731523 0.0175625 0.0186999
0 0.865088 0.738201 0.00904737 0.0142476
1 0.870942 0.791184 0.0164981 0.0329475
0 0.877328 0.816118 0.0133049 0.0222618
0 0.870942 0.843277 0.0111762 0.0213713
1 0.86083 0.93366 0.0164981 0.0293856
0 0.869345 0.920303 0.0122406 0.0186999
0 0.872539 0.951915 0.0133049 0.0284951
1 0.887174 0.939448 0.0170303 0.0284951
1 0.881852 0.946572 0.0202235 0.0284951
0 0.585152 0.964381 0.0175625 0.0284951
1 0.599787 0.987088 0.0159659 0.0222618
0 0.615487 0.901603 0.0143693 0.0222618
0 0.631985 0.909617 0.0186269 0.0276046
0 0.617616 0.922974 0.0207557 0.0240427
0 0.615753 0.948798 0.0170303 0.0240427
0 0.652475 0.979519 0.0159659 0.0249332
0 0.559606 0.451915 0.0111762 0.0204809
0 0.575572 0.447907 0.0175625 0.0284951
0 0.543108 0.430988 0.0143693 0.0106857
1 0.661788 0.17008 0.0122406 0.0178094
0 0.707823 0.166518 0.00957956 0.0142476
0 0.885577 0.747106 0.0117084 0.0213713
1 0.897286 0.813001 0.0138371 0.0213713
0 0.88744 0.84016 0.0175625 0.0311665
0 0.903406 0.743099 0.00904737 0.0240427
0 0.790846 0.946126 0.0180947 0.0258237
0 0.978446 0.0574354 0.0186269 0.0258237
1 0.989356 0.0391808 0.0191591 0.0373998
0 0.882118 0.00801425 0.0164981 0.0124666
0 0.861895 0.00667854 0.0143693 0.0115761
0 0.769558 0.00801425 0.0191591 0.0142476
1 0.737892 0.273375 0.0154337 0.0160285
0 0.791378 0.38691 0.0170303 0.0186999
1 0.770623 0.539181 0.0138371 0.0240427
1 0.699042 0.689671 0.0111762 0.0276046
0 0.652741 0.668299 0.00904737 0.016919
0 0.414316 0.369101 0.00904737 0.0186999
0 0.421501 0.36821 0.00532198 0.016919
0 0.114156 0.644702 0.00904737 0.0124666
0 0.149015 0.612199 0.00851517 0.0115761
0 0.119745 0.638468 0.010644 0.0124666
0 0.122406 0.712378 0.0149015 0.0213713
1 0.0715806 0.975957 0.0101118 0.0160285
0 0.0846195 0.910953 0.0159659 0.0338379
1 0.229111 0.728406 0.0111762 0.0195904
0 0.201969 0.733304 0.00904737 0.016919
1 0.919904 0.174533 0.0122406 0.0178094
0 0.996807 0.412289 0.00532198 0.0213713
1 0.994146 0.711932 0.0117084 0.0276046
1 0.996541 0.669635 0.00585418 0.0195904
0 0.886376 0.774265 0.0186269 0.0293856
1 0.798829 0.345948 0.0202235 0.0258237
0 0.811868 0.372663 0.0164981 0.0347284
0 0.503725 0.728851 0.00798297 0.016919
0 0.280734 0.883793 0.0101118 0.0204809
0 0.181213 0.96171 0.0111762 0.0178094
0 0.21075 0.722173 0.00851517 0.0142476
0 0.267429 0.756456 0.0164981 0.0222618
0 0.318254 0.185218 0.0159659 0.0195904
0 0.419372 0.382903 0.010644 0.0142476
0 0.44678 0.859751 0.0143693 0.0240427
0 0.490687 0.857524 0.00957956 0.0142476
0 0.220064 0.62244 0.0111762 0.0106857
0 0.424162 0.5935 0.0191591 0.0347284
1 0.986961 0.695013 0.00798297 0.0222618
0 0.0540181 0.824577 0.0207557 0.0284951
0 0.0319319 0.878451 0.0180947 0.0258237
0 0.0875466 0.944346 0.0143693 0.016919
0 0.122672 0.899822 0.0143693 0.0204809
0 0.0681213 0.608638 0.0117084 0.016919
0 0.486429 0.0204809 0.0149015 0.0195904
0 0.488292 0.0574354 0.0175625 0.0240427
0 0.0718467 0.634907 0.00745077 0.0106857
0 0.490154 0.706589 0.0127728 0.0186999
0 0.500532 0.697685 0.00798297 0.0204809
0 0.319851 0.661175 0.0180947 0.0258237
0 0.305216 0.661175 0.0122406 0.0186999
0 0.321181 0.412289 0.0164981 0.0249332
0 0.618414 0.526714 0.0170303 0.0329475
0 0.5471 0.501336 0.0117084 0.0195904
1 0.691059 0.231077 0.00585418 0.0186999
