0 0.201935 0.0931677 0.0322581 0.0662526
1 0.248387 0.23706 0.0554839 0.0766046
0 0.214839 0.26294 0.04 0.0621118
0 0.147742 0.973085 0.0270968 0.0414079
0 0.174839 0.985507 0.0219355 0.0289855
0 0.198065 0.990683 0.0245161 0.0186335
0 0.245806 0.851967 0.0451613 0.068323
1 0.294839 0.831263 0.0554839 0.101449
0 0.153548 0.535197 0.0490323 0.068323
0 0.17871 0.586957 0.0477419 0.0766046
0 0.207742 0.52795 0.043871 0.0745342
1 0.311613 0.494824 0.0632258 0.0952381
1 0.346452 0.435818 0.0554839 0.0848861
0 0.326452 0.417184 0.0309677 0.0559006
0 0.320645 0.145963 0.04 0.0351967
0 0.36129 0.688406 0.043871 0.0724638
0 0.371613 0.552795 0.0412903 0.0745342
0 0.415484 0.533126 0.0387097 0.0641822
0 0.44129 0.47205 0.0335484 0.0621118
1 0.506452 0.595238 0.0580645 0.0890269
0 0.482581 0.47412 0.043871 0.0662526
0 0.501935 0.455487 0.0309677 0.0496894
1 0.552903 0.438923 0.0709677 0.115942
0 0.476774 0.406832 0.0374194 0.0600414
0 0.453548 0.362319 0.0529032 0.0745342
0 0.492903 0.312629 0.0180645 0.0372671
0 0.512258 0.250518 0.0464516 0.0910973
0 0.535484 0.313665 0.0619355 0.0973085
0 0.543871 0.230849 0.04 0.068323
0 0.594839 0.281573 0.0593548 0.10352
1 0.624516 0.23499 0.0464516 0.068323
0 0.575484 0.186335 0.0593548 0.0952381
0 0.652258 0.15942 0.0529032 0.10352
0 0.679355 0.154244 0.0193548 0.0766046
0 0.621935 0.187371 0.0154839 0.0227743
1 0.585806 0.52588 0.0567742 0.0786749
1 0.650323 0.526915 0.0258065 0.0807453
1 0.627097 0.578675 0.0541935 0.0848861
1 0.581935 0.614907 0.0593548 0.0952381
0 0.628387 0.643892 0.0309677 0.0414079
0 0.752903 0.700828 0.0296774 0.0351967
0 0.792903 0.688406 0.0503226 0.0600414
0 0.745161 0.1294 0.0425806 0.0766046
0 0.77871 0.135611 0.0245161 0.0724638
0 0.760645 0.218427 0.04 0.0641822
0 0.819355 0.263975 0.0387097 0.068323
0 0.916129 0.670807 0.0387097 0.0828157
0 0.892258 0.177019 0.0477419 0.0724638
0 0.935484 0.181159 0.0335484 0.0559006
0 0.930968 0.126294 0.0270968 0.0538302
0 0.963226 0.0786749 0.0348387 0.0621118
0 0.86129 0.0786749 0.0374194 0.0662526
0 0.883871 0.0455487 0.0232258 0.0372671
0 0.905161 0.0828157 0.0296774 0.0496894
0 0.852903 0.160455 0.043871 0.068323
0 0.813548 0.168737 0.0425806 0.0807453
0 0.296129 0.349896 0.0219355 0.057971
0 0.00903226 0.543478 0.0154839 0.0434783
0 0.0980645 0.784679 0.0335484 0.0331263
