0 0.063522 0.0452899 0.0339623 0.0507246
0 0.0880503 0.0615942 0.027673 0.0434783
0 0.027044 0.146739 0.0314465 0.0398551
0 0.0522013 0.166667 0.0339623 0.0471014
1 0.0459119 0.622283 0.0314465 0.0525362
0 0.0465409 0.67663 0.0427673 0.0525362
0 0.0295597 0.985507 0.036478 0.0289855
0 0.0811321 0.628623 0.0415094 0.057971
0 0.107547 0.584239 0.0389937 0.0452899
0 0.122013 0.641304 0.0427673 0.0688406
1 0.306918 0.862319 0.0503145 0.0688406
1 0.344025 0.817935 0.0415094 0.0525362
0 0.277987 0.836051 0.0377358 0.0597826
0 0.311321 0.568841 0.0440252 0.0652174
0 0.236478 0.572464 0.0477987 0.0688406
0 0.255975 0.470109 0.0389937 0.0380435
0 0.325157 0.51087 0.036478 0.0507246
0 0.432075 0.672101 0.0440252 0.0543478
0 0.46478 0.828804 0.0440252 0.0634058
0 0.501258 0.853261 0.0389937 0.0543478
0 0.539623 0.950181 0.0477987 0.067029
0 0.506289 0.769928 0.0415094 0.057971
0 0.525157 0.765399 0.036478 0.0706522
1 0.545912 0.775362 0.0251572 0.0543478
1 0.527044 0.730978 0.0503145 0.0525362
1 0.49434 0.734601 0.0176101 0.0271739
0 0.544654 0.666667 0.0377358 0.0543478
0 0.501887 0.6875 0.0427673 0.0597826
0 0.505031 0.65308 0.0238994 0.0163043
0 0.474214 0.726449 0.0327044 0.0507246
0 0.469811 0.781703 0.0339623 0.0380435
0 0.460377 0.771739 0.0377358 0.0507246
0 0.525157 0.473732 0.036478 0.048913
0 0.586792 0.511775 0.0415094 0.0742754
0 0.613836 0.565217 0.0402516 0.057971
0 0.613208 0.486413 0.0389937 0.0525362
0 0.622642 0.537138 0.0327044 0.0380435
0 0.645912 0.509058 0.0314465 0.0398551
0 0.667296 0.553442 0.0389937 0.0561594
0 0.645912 0.647645 0.036478 0.0561594
0 0.673585 0.692029 0.036478 0.0543478
0 0.633962 0.699275 0.0402516 0.0543478
0 0.677358 0.646739 0.0289308 0.0326087
0 0.701887 0.673913 0.0251572 0.0362319
0 0.707547 0.533514 0.0289308 0.0416667
1 0.637107 0.333333 0.0339623 0.0398551
0 0.664151 0.305254 0.0377358 0.048913
0 0.72956 0.288043 0.0327044 0.0471014
0 0.767296 0.596014 0.0352201 0.0398551
0 0.778616 0.463768 0.0377358 0.0471014
0 0.853459 0.407609 0.0238994 0.0398551
1 0.869811 0.434783 0.0113208 0.0253623
0 0.942138 0.777174 0.045283 0.0615942
0 0.965409 0.821558 0.0415094 0.0561594
0 0.956604 0.871377 0.0389937 0.0471014
0 0.876101 0.851449 0.0339623 0.0253623
0 0.842138 0.85779 0.0238994 0.0199275
0 0.825786 0.709239 0.0415094 0.0597826
0 0.81761 0.625906 0.0327044 0.0597826
0 0.144654 0.0615942 0.0402516 0.0543478
0 0.121384 0.0652174 0.0213836 0.0471014
0 0.166038 0.0987319 0.0352201 0.0452899
1 0.190566 0.0996377 0.036478 0.057971
0 0.148428 0.275362 0.0301887 0.0434783
0 0.116981 0.235507 0.0301887 0.0362319
0 0.184906 0.23279 0.0402516 0.0525362
0 0.224528 0.233696 0.0389937 0.057971
0 0.27044 0.229167 0.0327044 0.0199275
0 0.158491 0.679348 0.0427673 0.0507246
0 0.0691824 0.163043 0.0226415 0.0398551
0 0.496226 0.432065 0.0339623 0.0525362
0 0.558491 0.393116 0.0251572 0.0362319
0 0.599371 0.597826 0.0440252 0.0615942
0 0.318868 0.490942 0.0314465 0.0398551
0 0.662264 0.586957 0.0465409 0.0471014
0 0.692453 0.615036 0.0264151 0.0452899
