0 0.186471 0.251829 0.027917 0.0397074
0 0.102362 0.300418 0.0171797 0.0219436
0 0.0762348 0.294148 0.0164639 0.0240334
0 0.0490336 0.299896 0.0250537 0.0208986
1 0.0293486 0.283699 0.0257695 0.0386625
1 0.0490336 0.272205 0.0264853 0.0282132
0 0.00644238 0.268025 0.0114531 0.0365726
1 0.0540444 0.330721 0.043665 0.061651
0 0.0168218 0.352142 0.0307802 0.045977
1 0.186471 0.201672 0.023622 0.0438871
0 0.237652 0.147335 0.0372226 0.0480669
0 0.152112 0.392894 0.0207588 0.045977
1 0.171797 0.404911 0.0171797 0.0219436
1 0.256263 0.323406 0.0343593 0.0365726
0 0.256979 0.346395 0.0300644 0.0428422
0 0.261632 0.38767 0.0336435 0.0480669
1 0.250537 0.414838 0.035791 0.045977
0 0.245526 0.441484 0.0343593 0.0532915
0 0.223336 0.412226 0.0300644 0.0428422
0 0.206156 0.389237 0.0314961 0.0407524
0 0.190766 0.392372 0.027917 0.0344828
0 0.164281 0.433124 0.0250537 0.0470219
0 0.192913 0.430512 0.0422334 0.0647858
0 0.216893 0.455068 0.0343593 0.0553814
0 0.194345 0.484848 0.0293486 0.0376176
0 0.144596 0.497388 0.0372226 0.0480669
0 0.0858984 0.579415 0.0372226 0.0553814
0 0.218683 0.672936 0.0207588 0.0376176
1 0.234073 0.733542 0.0143164 0.0271682
0 0.295991 0.777952 0.0221904 0.0365726
1 0.274159 0.670846 0.0386543 0.0626959
1 0.30995 0.647858 0.0443808 0.0668757
1 0.280959 0.621735 0.0450966 0.0397074
1 0.309234 0.698537 0.0400859 0.0470219
0 0.347173 0.27116 0.0286328 0.0407524
0 0.324266 0.509404 0.0257695 0.0428422
0 0.35111 0.508359 0.0322119 0.0449321
0 0.353973 0.595089 0.0322119 0.0470219
1 0.40587 0.533438 0.0372226 0.0553814
1 0.398354 0.598224 0.043665 0.0449321
0 0.432713 0.49791 0.0264853 0.030303
0 0.463493 0.432602 0.027917 0.0397074
0 0.353973 0.738245 0.0164639 0.0282132
0 0.385827 0.726228 0.0372226 0.0543365
0 0.408375 0.706374 0.0293486 0.0438871
0 0.389048 0.790491 0.0350752 0.0491118
0 0.384753 0.823406 0.027917 0.0334378
1 0.426628 0.792581 0.0458125 0.0679206
1 0.481031 0.855277 0.0272011 0.0386625
1 0.45884 0.712644 0.0329277 0.045977
1 0.444882 0.726228 0.0193271 0.0355277
1 0.462062 0.747126 0.0150322 0.0188088
1 0.487115 0.819749 0.0150322 0.0261233
0 0.474946 0.125914 0.0150322 0.0198537
0 0.496063 0.103971 0.0314961 0.0470219
0 0.474588 0.0909091 0.0286328 0.0480669
0 0.496421 0.0788924 0.0207588 0.0198537
0 0.535075 0.0564263 0.0307802 0.0417973
0 0.522906 0.0256008 0.0221904 0.0323929
0 0.501432 0.0344828 0.0264853 0.0376176
1 0.660702 0.265935 0.0343593 0.0491118
0 0.534359 0.687043 0.043665 0.0532915
1 0.542233 0.638454 0.0408017 0.0522466
1 0.574803 0.667189 0.0429492 0.0679206
0 0.543665 0.799373 0.0264853 0.0397074
1 0.565855 0.80721 0.0379384 0.0679206
0 0.598783 0.92372 0.0379384 0.0606061
0 0.613099 0.898119 0.0336435 0.0470219
1 0.621689 0.862069 0.0379384 0.0585162
0 0.636364 0.828109 0.0415175 0.0574713
0 0.646027 0.851097 0.0408017 0.0532915
0 0.6199 0.804598 0.0243379 0.0355277
0 0.641732 0.780042 0.0293486 0.0428422
0 0.648175 0.764368 0.0322119 0.0428422
0 0.682176 0.858934 0.0415175 0.0668757
0 0.721904 0.847962 0.0479599 0.0700104
0 0.682176 0.815047 0.0372226 0.0522466
0 0.767359 0.844305 0.0272011 0.0355277
1 0.778812 0.868339 0.0329277 0.045977
0 0.786328 0.960815 0.0379384 0.0532915
0 0.774875 0.915883 0.0207588 0.0407524
0 0.803865 0.931034 0.0314961 0.045977
0 0.817466 0.966562 0.0300644 0.0522466
1 0.833214 0.908568 0.0200429 0.0532915
0 0.840014 0.884535 0.0107373 0.0282132
0 0.858984 0.876176 0.035791 0.0553814
0 0.872226 0.853187 0.0178955 0.030303
1 0.881532 0.874608 0.023622 0.0564263
0 0.906228 0.887147 0.0272011 0.0438871
0 0.919828 0.861024 0.0272011 0.0188088
1 0.926986 0.886625 0.0257695 0.0470219
1 0.976378 0.976489 0.0300644 0.0470219
0 0.899427 0.861024 0.0150322 0.0229885
0 0.790981 0.758098 0.035791 0.0532915
0 0.774159 0.65256 0.027917 0.0407524
1 0.893343 0.673981 0.0472441 0.0710554
0 0.934145 0.69906 0.0329277 0.0501567
1 0.941661 0.605016 0.0365068 0.0606061
0 0.915175 0.57837 0.0408017 0.0532915
0 0.879384 0.537095 0.0150322 0.0417973
0 0.784538 0.579415 0.0343593 0.0532915
0 0.806371 0.550157 0.0350752 0.0553814
0 0.781675 0.495298 0.0186113 0.0208986
1 0.737652 0.471787 0.0393701 0.0512017
0 0.833214 0.476489 0.0314961 0.0522466
0 0.835004 0.427377 0.0350752 0.0626959
0 0.721188 0.458203 0.0264853 0.0365726
1 0.717251 0.203762 0.0257695 0.0585162
0 0.740515 0.142633 0.027917 0.0428422
0 0.260916 0.930512 0.0121689 0.0240334
0 0.369005 0.535528 0.0307802 0.0365726
0 0.49821 0.435737 0.0186113 0.0208986
0 0.528275 0.426855 0.015748 0.0219436
0 0.454903 0.403866 0.0250537 0.0198537
0 0.514316 0.0501567 0.0164639 0.0229885
0 0.516106 0.176594 0.0171797 0.0292581
0 0.404796 0.859979 0.0164639 0.0292581
1 0.288475 0.898119 0.0200429 0.015674
0 0.304223 0.276907 0.0186113 0.0271682
0 0.756263 0.459248 0.0150322 0.0240334
0 0.920186 0.823929 0.0178955 0.0261233
0 0.259485 0.745559 0.0164639 0.015674
0 0.0658554 0.288401 0.0100215 0.0250784
