0 0.0880386 0.00686185 0.00817236 0.010064
0 0.0664933 0.0329369 0.00965825 0.0128088
1 0.0520059 0.037054 0.0148588 0.0173833
0 0.0200594 0.0855444 0.0104012 0.0118939
0 0.00780089 0.0823422 0.0111441 0.0128088
0 0.0118871 0.0924062 0.0104012 0.0128088
0 0.0304606 0.223239 0.0118871 0.0128088
0 0.0917533 0.225069 0.0215453 0.0237877
0 0.101412 0.238792 0.0156018 0.0128088
0 0.0917533 0.279506 0.0156018 0.0173833
0 0.089153 0.301464 0.0208024 0.0247027
0 0.0687221 0.302379 0.01263 0.0173833
0 0.152303 0.31107 0.0163447 0.0219579
0 0.131129 0.229643 0.0156018 0.0182983
0 0.15899 0.228728 0.0208024 0.0219579
0 0.130015 0.369625 0.0104012 0.010979
1 0.0832095 0.349039 0.0326895 0.0356816
1 0.0761516 0.372827 0.0319465 0.0283623
1 0.0560921 0.39204 0.0215453 0.021043
0 0.0761516 0.402104 0.0141159 0.0137237
0 0.0839525 0.42269 0.0118871 0.0201281
1 0.0668648 0.415828 0.0282318 0.0356816
0 0.114413 0.393413 0.00742942 0.00914913
0 0.144874 0.385636 0.0089153 0.0118939
0 0.16419 0.39387 0.0118871 0.0155535
0 0.176449 0.390668 0.0111441 0.0128088
0 0.183507 0.408509 0.00742942 0.0137237
0 0.17422 0.378317 0.01263 0.0118939
1 0.191679 0.379231 0.013373 0.0155535
0 0.0356612 0.443733 0.0163447 0.0182983
0 0.0200594 0.444648 0.0163447 0.0182983
1 0.018945 0.480787 0.0304606 0.0301921
1 0.0304606 0.514639 0.0178306 0.0155535
0 0.0271174 0.523788 0.0141159 0.0137237
0 0.0508915 0.5215 0.0200594 0.0237877
0 0.0731798 0.540256 0.0156018 0.0247027
1 0.0356612 0.556267 0.0282318 0.0256176
1 0.0731798 0.499543 0.0274889 0.0329369
1 0.102155 0.524703 0.0289747 0.032022
0 0.11627 0.500457 0.0141159 0.0164684
1 0.144874 0.504117 0.0282318 0.031107
0 0.140788 0.459286 0.0200594 0.0237877
0 0.164933 0.4785 0.0104012 0.0128088
0 0.00445765 0.926349 0.00742942 0.0118939
1 0.192422 0.922232 0.02526 0.0329369
1 0.202452 0.949222 0.0185736 0.0228728
0 0.216568 0.915371 0.0170877 0.0155535
1 0.230312 0.928637 0.0148588 0.0146386
1 0.229198 0.940073 0.01263 0.00823422
0 0.304235 0.993138 0.0156018 0.0118939
0 0.327266 0.865508 0.0245171 0.031107
0 0.325037 0.825709 0.0230312 0.0247027
0 0.343239 0.84172 0.0222883 0.0256176
1 0.309064 0.736048 0.02526 0.0301921
0 0.286776 0.755718 0.0163447 0.0219579
0 0.283432 0.777219 0.0111441 0.0118939
0 0.239227 0.746569 0.0148588 0.0182983
0 0.182764 0.729643 0.0118871 0.0155535
1 0.178678 0.68161 0.0230312 0.0292772
0 0.154903 0.681153 0.0170877 0.021043
0 0.164562 0.705855 0.0215453 0.0283623
0 0.199108 0.691217 0.0118871 0.0137237
1 0.219911 0.688015 0.0193165 0.031107
1 0.238484 0.700366 0.02526 0.0265325
1 0.265973 0.698994 0.0237741 0.0292772
1 0.257429 0.757548 0.0156018 0.0164684
0 0.151189 0.767155 0.0156018 0.0173833
0 0.179049 0.763952 0.0148588 0.0182983
0 0.186478 0.776761 0.0118871 0.0146386
0 0.3789 0.825709 0.0178306 0.0192132
0 0.798291 0.0224154 0.0200594 0.0247027
0 0.782318 0.0247027 0.0193165 0.0219579
0 0.770431 0.0535224 0.0193165 0.0247027
0 0.791605 0.053065 0.0185736 0.0237877
0 0.795691 0.0965233 0.0193165 0.0228728
0 0.625557 0.0869167 0.013373 0.0146386
0 0.642273 0.0805124 0.0215453 0.0201281
0 0.634101 0.10796 0.0215453 0.031107
0 0.685364 0.106587 0.01263 0.00823422
0 0.674963 0.112077 0.0111441 0.0155535
0 0.660475 0.132662 0.0104012 0.010979
0 0.670877 0.13129 0.0118871 0.0137237
0 0.693165 0.162855 0.013373 0.0164684
0 0.712481 0.134492 0.0178306 0.0201281
1 0.396731 0.795059 0.0148588 0.0182983
0 0.400446 0.814273 0.0148588 0.0182983
0 0.326895 0.700366 0.0222883 0.021043
0 0.31575 0.690759 0.0104012 0.010979
1 0.311293 0.684812 0.013373 0.0173833
0 0.299034 0.68893 0.00965825 0.0128088
1 0.296805 0.690302 0.0111441 0.0118939
0 0.343982 0.668801 0.0148588 0.0201281
0 0.352155 0.655535 0.0148588 0.0155535
0 0.371842 0.662855 0.0111441 0.0155535
0 0.374071 0.678408 0.0141159 0.0155535
0 0.397845 0.655078 0.0200594 0.0274474
0 0.408247 0.646386 0.01263 0.0173833
0 0.419019 0.664227 0.0148588 0.0219579
0 0.406389 0.675663 0.0178306 0.021043
0 0.437593 0.686642 0.0148588 0.021043
0 0.427192 0.698536 0.0118871 0.0155535
0 0.365899 0.964776 0.0200594 0.0155535
0 0.359212 0.972095 0.01263 0.0118939
0 0.435736 0.835773 0.0304606 0.0356816
1 0.445022 0.808326 0.0312036 0.0356816
0 0.473254 0.865508 0.02526 0.031107
0 0.491456 0.853156 0.0185736 0.0192132
1 0.507058 0.854986 0.0156018 0.0155535
0 0.513001 0.841263 0.0230312 0.0265325
0 0.492199 0.825709 0.0215453 0.021043
0 0.529346 0.860476 0.01263 0.0155535
0 0.52786 0.885178 0.01263 0.0137237
0 0.474368 0.73376 0.01263 0.0146386
0 0.475111 0.719579 0.0111441 0.0118939
0 0.454681 0.715919 0.013373 0.0155535
1 0.454681 0.752059 0.0163447 0.0146386
1 0.639673 0.827996 0.02526 0.0237877
0 0.648588 0.849954 0.0193165 0.0256176
0 0.6263 0.851784 0.0237741 0.0274474
0 0.694279 0.846752 0.0200594 0.0228728
0 0.707652 0.860018 0.0170877 0.0201281
0 0.71471 0.822964 0.013373 0.0137237
0 0.769688 0.918115 0.02526 0.032022
0 0.792719 0.864135 0.0148588 0.0192132
0 0.81055 0.869625 0.0193165 0.0247027
0 0.868871 0.860018 0.0156018 0.0201281
0 0.893759 0.919488 0.0104012 0.00914913
0 0.903789 0.935041 0.0200594 0.0219579
0 0.911218 0.964318 0.01263 0.0146386
0 0.919391 0.982617 0.0156018 0.0201281
0 0.929792 0.952425 0.0230312 0.0237877
0 0.919019 0.924062 0.02526 0.0347667
0 0.927563 0.906679 0.0111441 0.0146386
0 0.952823 0.939616 0.026003 0.0329369
0 0.980312 0.94419 0.0141159 0.0201281
0 0.985141 0.97484 0.0104012 0.0192132
1 0.964339 0.980329 0.0297177 0.0375114
0 0.955795 0.167887 0.0245171 0.0265325
0 0.927563 0.170631 0.026003 0.0283623
1 0.91419 0.240622 0.0185736 0.031107
0 0.877415 0.228728 0.0178306 0.0219579
0 0.858098 0.215462 0.0208024 0.0247027
0 0.857355 0.273559 0.0208024 0.0274474
0 0.872957 0.277676 0.0118871 0.021043
0 0.882244 0.536597 0.00965825 0.0118939
0 0.884473 0.550778 0.0141159 0.0146386
0 0.797177 0.649131 0.0104012 0.0137237
0 0.822808 0.747941 0.00965825 0.0137237
0 0.640045 0.566331 0.0200594 0.0237877
0 0.558321 0.547118 0.0215453 0.0182983
1 0.606612 0.42086 0.0364042 0.0402562
0 0.553492 0.416285 0.0178306 0.0201281
0 0.661961 0.351327 0.0148588 0.0201281
0 0.678306 0.325252 0.0267459 0.0283623
0 0.721025 0.289113 0.026003 0.0292772
0 0.245914 0.372827 0.0163447 0.0192132
0 0.491828 0.527447 0.0193165 0.021043
1 0.363299 0.256633 0.0178306 0.0265325
0 0.380758 0.267612 0.01263 0.010064
0 0.434993 0.309241 0.0185736 0.0219579
0 0.418276 0.304666 0.013373 0.010979
0 0.372957 0.322049 0.0104012 0.00914913
0 0.367385 0.334858 0.01263 0.0146386
0 0.411961 0.215462 0.0230312 0.032022
0 0.395617 0.220037 0.01263 0.0155535
0 0.453566 0.197164 0.0200594 0.0228728
0 0.437593 0.183898 0.0148588 0.0182983
0 0.430535 0.166514 0.01263 0.010979
0 0.444279 0.147758 0.0163447 0.0192132
1 0.4974 0.159652 0.0156018 0.0173833
0 0.519688 0.148673 0.0230312 0.0301921
1 0.490342 0.184812 0.0297177 0.0329369
1 0.513744 0.174748 0.0245171 0.0365965
1 0.499629 0.134492 0.026003 0.0237877
1 0.482541 0.142269 0.0230312 0.032022
0 0.550892 0.131747 0.0185736 0.0237877
0 0.575409 0.138152 0.0156018 0.0201281
1 0.571694 0.126258 0.01263 0.00914913
1 0.556092 0.151876 0.026003 0.0274474
0 0.593611 0.23193 0.0193165 0.0155535
0 0.732169 0.13495 0.0185736 0.0228728
0 0.746657 0.15279 0.0222883 0.0237877
0 0.748514 0.129003 0.0245171 0.0292772
0 0.758915 0.10796 0.0170877 0.0219579
0 0.780832 0.121683 0.0208024 0.0256176
0 0.776746 0.139982 0.0156018 0.0201281
0 0.719168 0.198079 0.0163447 0.021043
0 0.704309 0.2086 0.0193165 0.0201281
0 0.736256 0.225984 0.0193165 0.0219579
0 0.682764 0.222781 0.013373 0.0155535
0 0.675706 0.24108 0.00965825 0.0137237
0 0.760773 0.401647 0.0148588 0.0182983
0 0.782689 0.413083 0.0185736 0.021043
0 0.772288 0.425892 0.01263 0.0137237
0 0.711738 0.479414 0.013373 0.0219579
0 0.80312 0.630833 0.0118871 0.0155535
0 0.77786 0.736505 0.0163447 0.0237877
0 0.716196 0.739707 0.0208024 0.0247027
0 0.220654 0.81107 0.00742942 0.0155535
1 0.289004 0.344007 0.0148588 0.0201281
0 0.778603 0.479872 0.013373 0.0173833
0 0.458767 0.594694 0.01263 0.0128088
0 0.744056 0.635865 0.0141159 0.0146386
0 0.0954681 0.00503202 0.00965825 0.00823422
0 0.0026003 0.434126 0.00371471 0.0155535
0 0.0932392 0.685727 0.0230312 0.021043
0 0.330238 0.99634 0.0170877 0.0073193
0 0.307949 0.70677 0.00965825 0.010064
1 0.426077 0.342635 0.0156018 0.0173833
1 0.778232 0.276761 0.0111441 0.0228728
0 0.872585 0.556725 0.0111441 0.0118939
0 0.9974 0.922232 0.00520059 0.0146386
0 0.832838 0.842635 0.0163447 0.0201281
0 0.715082 0.216834 0.00965825 0.0146386
