0 0.154206 0.117152 0.0574099 0.0482063
0 0.141522 0.153027 0.0213618 0.0280269
0 0.182243 0.159753 0.0654206 0.0459641
0 0.214953 0.116031 0.0667557 0.0549327
0 0.413885 0.830717 0.0507343 0.044843
1 0.469292 0.859865 0.070761 0.0538117
0 0.471963 0.809417 0.0627503 0.0470852
0 0.504673 0.831278 0.0267023 0.0325112
1 0.514019 0.80157 0.0480641 0.0381166
1 0.553405 0.843049 0.0734312 0.0560538
1 0.641522 0.965807 0.0307076 0.0482063
0 0.618158 0.867713 0.0720961 0.0560538
0 0.637517 0.838565 0.0574099 0.0470852
0 0.802403 0.0818386 0.058745 0.0381166
0 0.811081 0.118834 0.0547397 0.0426009
0 0.807076 0.158072 0.0547397 0.0426009
0 0.929907 0.670964 0.0547397 0.0414798
0 0.965287 0.691704 0.0427236 0.0336323
0 0.968625 0.72926 0.0520694 0.0369955
1 0.883845 0.718049 0.0427236 0.0347534
0 0.542056 0.323991 0.0400534 0.0313901
0 0.395861 0.0639013 0.0654206 0.0560538
0 0.331776 0.0285874 0.0493992 0.0369955
0 0.34713 0.0745516 0.0320427 0.0392377
0 0.374499 0.152466 0.046729 0.0358744
0 0.423231 0.147422 0.0427236 0.0347534
0 0.471295 0.146861 0.0480641 0.0403587
0 0.447263 0.183857 0.0480641 0.0358744
1 0.420561 0.193386 0.0507343 0.0392377
0 0.379172 0.571749 0.0667557 0.0560538
0 0.423899 0.58296 0.0280374 0.0403587
1 0.384513 0.621637 0.0774366 0.043722
1 0.398531 0.636771 0.070761 0.044843
0 0.326435 0.554372 0.0280374 0.0257848
0 0.569426 0.285314 0.0307076 0.0213004
0 0.805741 0.397982 0.0440587 0.0381166
