0 0.146812 0.280784 0.0419463 0.0466418
0 0.115352 0.274254 0.0310403 0.0429104
1 0.0528523 0.446362 0.0604027 0.0531716
1 0.312919 0.373601 0.0587248 0.0531716
1 0.281879 0.352612 0.045302 0.0578358
1 0.319211 0.32556 0.0478188 0.0522388
0 0.0499161 0.514925 0.0511745 0.0559701
0 0.0234899 0.503265 0.0184564 0.0289179
1 0.284396 0.659515 0.0469799 0.0541045
0 0.231544 0.653918 0.0503356 0.0503731
0 0.275587 0.618937 0.0411074 0.0419776
0 0.202181 0.68097 0.0402685 0.0447761
0 0.177852 0.712687 0.0469799 0.0485075
0 0.134648 0.744869 0.0478188 0.0531716
0 0.0985738 0.701959 0.0310403 0.0363806
1 0.0805369 0.72528 0.045302 0.0587687
0 0.096057 0.765392 0.0360738 0.0382463
0 0.123322 0.816698 0.0402685 0.045709
0 0.223154 0.948228 0.0419463 0.0401119
0 0.344379 0.333022 0.034396 0.0335821
0 0.36703 0.663246 0.0310403 0.0373134
0 0.333893 0.707556 0.045302 0.0475746
1 0.450923 0.495802 0.0444631 0.0382463
0 0.427433 0.468284 0.0394295 0.0410448
0 0.4375 0.435634 0.0427852 0.0391791
0 0.481544 0.424907 0.0369128 0.0438433
0 0.483641 0.543843 0.0310403 0.0317164
0 0.67953 0.288713 0.0402685 0.0475746
0 0.707215 0.263526 0.0302013 0.0382463
0 0.591862 0.283116 0.0461409 0.051306
1 0.61745 0.276119 0.0402685 0.0503731
0 0.565856 0.312034 0.0427852 0.0382463
1 0.528943 0.309701 0.0494966 0.0485075
0 0.555789 0.335821 0.0327181 0.0242537
0 0.579698 0.407649 0.0234899 0.0298507
0 0.66443 0.374534 0.0436242 0.045709
0 0.643456 0.360075 0.033557 0.0429104
0 0.652265 0.450093 0.034396 0.0326493
0 0.676174 0.465951 0.0369128 0.0363806
1 0.634228 0.441231 0.0352349 0.0466418
0 0.661913 0.561567 0.0369128 0.0429104
1 0.700923 0.618004 0.0545302 0.0587687
0 0.716862 0.570429 0.0360738 0.0195896
1 0.730285 0.559235 0.034396 0.0289179
0 0.949245 0.793843 0.0327181 0.0373134
0 0.833473 0.58069 0.0411074 0.0382463
0 0.720218 0.670243 0.0327181 0.0363806
0 0.0943792 0.988806 0.0276846 0.0130597
0 0.247483 0.68097 0.0369128 0.0317164
1 0.881711 0.507929 0.0151007 0.0139925
0 0.694211 0.557836 0.0310403 0.0298507
0 0.338087 0.671175 0.0369128 0.0345149
