0 0.0802469 0.0253759 0.0326797 0.0413534
0 0.0453885 0.031015 0.02687 0.0338346
0 0.0399419 0.0643797 0.033406 0.0441729
0 0.0286855 0.115132 0.0326797 0.0479323
0 0.0577342 0.145677 0.0341322 0.0507519
0 0.136529 0.101504 0.0217865 0.018797
0 0.125272 0.120301 0.0210603 0.0263158
0 0.046841 0.357143 0.0283224 0.0357143
0 0.0395788 0.43656 0.0283224 0.0366541
0 0.0181554 0.431861 0.0246914 0.0366541
0 0.0980392 0.621241 0.0363108 0.0469925
0 0.109296 0.659305 0.0413943 0.0554511
0 0.121278 0.699248 0.0203341 0.0300752
0 0.0515614 0.762218 0.0217865 0.0244361
1 0.0515614 0.745771 0.0450254 0.0535714
1 0.112564 0.796053 0.0464779 0.0526316
1 0.185185 0.925752 0.0406681 0.0488722
0 0.136529 0.915414 0.0130719 0.0225564
0 0.120552 0.93891 0.0290487 0.0394737
0 0.149601 0.951128 0.0275962 0.0413534
1 0.119826 0.978383 0.033406 0.037594
0 0.241467 0.915883 0.0210603 0.0422932
0 0.265069 0.883929 0.0406681 0.0573308
0 0.24183 0.837876 0.0305011 0.0441729
0 0.249818 0.775846 0.0174292 0.0253759
0 0.345679 0.851034 0.0319535 0.0460526
0 0.299564 0.628289 0.0225127 0.0291353
0 0.400145 0.698778 0.0363108 0.0479323
0 0.359114 0.665883 0.0283224 0.0422932
0 0.378722 0.632989 0.0399419 0.0404135
1 0.362019 0.511278 0.0399419 0.0357143
0 0.349673 0.345865 0.0225127 0.0319549
1 0.343863 0.375 0.016703 0.0300752
0 0.388163 0.476974 0.0239651 0.0328947
0 0.391794 0.418233 0.0196078 0.0263158
0 0.401235 0.408365 0.02687 0.0366541
0 0.423021 0.396147 0.0239651 0.0291353
0 0.411765 0.37641 0.0174292 0.0291353
0 0.440087 0.43468 0.0305011 0.0422932
0 0.438272 0.481203 0.0225127 0.0357143
0 0.446986 0.521147 0.0312273 0.0516917
0 0.426652 0.505169 0.0341322 0.0441729
0 0.39724 0.524906 0.0188816 0.0385338
0 0.417211 0.527726 0.0341322 0.0460526
0 0.446623 0.138628 0.0348584 0.0347744
0 0.475672 0.12218 0.0275962 0.0263158
0 0.506899 0.012688 0.0130719 0.0216165
1 0.562092 0.182331 0.0130719 0.0225564
0 0.550472 0.242951 0.0261438 0.0366541
0 0.556282 0.270207 0.0275962 0.0366541
0 0.602033 0.226504 0.0217865 0.0281955
0 0.526144 0.333647 0.0239651 0.0319549
0 0.548656 0.351974 0.0326797 0.0441729
0 0.577705 0.336466 0.0297749 0.0469925
0 0.561728 0.317669 0.0326797 0.0413534
0 0.70915 0.246711 0.0239651 0.0234962
0 0.698257 0.280075 0.0239651 0.018797
0 0.665577 0.213816 0.0283224 0.0366541
1 0.610748 0.269267 0.0159768 0.0159774
0 0.632534 0.327068 0.0232389 0.0319549
0 0.538126 0.388158 0.0188816 0.037594
0 0.513798 0.37547 0.02687 0.0422932
1 0.471678 0.406955 0.0137981 0.0338346
0 0.492012 0.410244 0.0312273 0.0291353
0 0.520334 0.419173 0.0326797 0.0432331
0 0.50472 0.443139 0.033406 0.0404135
0 0.540305 0.43703 0.0290487 0.0432331
0 0.562455 0.43515 0.0254176 0.0432331
0 0.52215 0.477444 0.0377633 0.0526316
0 0.552651 0.472744 0.0305011 0.0432331
0 0.579158 0.457237 0.0326797 0.0441729
0 0.492012 0.512688 0.0399419 0.0516917
0 0.570806 0.489662 0.0246914 0.0244361
0 0.601307 0.472274 0.0261438 0.0328947
0 0.601307 0.506579 0.033406 0.0469925
0 0.629993 0.490602 0.0326797 0.0488722
0 0.623094 0.538064 0.0450254 0.0516917
0 0.430283 0.594925 0.02687 0.0319549
0 0.44045 0.612782 0.02687 0.0319549
1 0.459695 0.637218 0.033406 0.0432331
1 0.48366 0.682801 0.0392157 0.0479323
0 0.466231 0.652726 0.0319535 0.0422932
0 0.533769 0.551692 0.0363108 0.0507519
0 0.534495 0.603383 0.0377633 0.0545113
0 0.551198 0.571429 0.0261438 0.0319549
0 0.567901 0.603853 0.0377633 0.0516917
0 0.55374 0.676222 0.037037 0.0516917
0 0.579884 0.695019 0.0283224 0.0347744
0 0.598039 0.681391 0.0297749 0.0394737
0 0.579158 0.661184 0.0326797 0.0422932
0 0.630356 0.630169 0.0363108 0.0479323
0 0.664851 0.612782 0.0384895 0.0545113
0 0.66594 0.651786 0.0246914 0.0216165
0 0.675381 0.577068 0.0319535 0.0413534
0 0.706972 0.609492 0.0283224 0.0366541
0 0.692084 0.516917 0.0232389 0.0394737
1 0.833333 0.520677 0.0355846 0.037594
0 0.848221 0.489192 0.0275962 0.0404135
0 0.835149 0.796053 0.0275962 0.0357143
0 0.915759 0.776786 0.0261438 0.0347744
0 0.945897 0.780075 0.0341322 0.0488722
0 0.936093 0.741071 0.0305011 0.0404135
0 0.913217 0.743421 0.0225127 0.0319549
0 0.908134 0.610432 0.0283224 0.0385338
0 0.969136 0.728853 0.0355846 0.0404135
0 0.758533 0.469455 0.0225127 0.0291353
0 0.783588 0.477444 0.0305011 0.0432331
0 0.776325 0.43938 0.0290487 0.0347744
0 0.800654 0.450658 0.0225127 0.0347744
0 0.970951 0.382989 0.0188816 0.0366541
0 0.938998 0.360432 0.0232389 0.031015
1 0.931009 0.352444 0.0290487 0.0319549
1 0.891431 0.356203 0.0413943 0.0488722
0 0.906318 0.31391 0.0217865 0.0300752
0 0.972767 0.230733 0.02687 0.0347744
0 0.994553 0.230733 0.0108932 0.0291353
0 0.957153 0.234962 0.0246914 0.0432331
0 0.950254 0.200188 0.0312273 0.0338346
1 0.929194 0.235432 0.0355846 0.0441729
1 0.779593 0.262218 0.0442992 0.0488722
0 0.732389 0.220865 0.0108932 0.0169173
0 0.741467 0.199718 0.0203341 0.0253759
1 0.757444 0.226034 0.0450254 0.0592105
1 0.781409 0.18468 0.0406681 0.0479323
0 0.758533 0.132989 0.02687 0.0366541
0 0.606391 0.101974 0.0188816 0.0234962
1 0.651416 0.0916353 0.0363108 0.0479323
0 0.666667 0.0606203 0.0246914 0.0234962
1 0.692084 0.0554511 0.0232389 0.0263158
0 0.744372 0.0888158 0.0392157 0.0479323
0 0.750182 0.0446429 0.033406 0.0441729
0 0.905955 0.0742481 0.0312273 0.0394737
0 0.929557 0.0845865 0.0246914 0.0357143
0 0.960421 0.0559211 0.0239651 0.0234962
1 0.00617284 0.520207 0.0108932 0.0216165
1 0.539216 0.49906 0.0239651 0.0263158
0 0.932825 0.381109 0.0196078 0.0159774
1 0.939361 0.368421 0.0210603 0.0281955
0 0.953885 0.358083 0.0108932 0.0206767
0 0.631445 0.0949248 0.0108932 0.0319549
