0 0.0227088 0.122214 0.0291971 0.0244428
0 0.0523114 0.163551 0.0202758 0.0194105
1 0.0697486 0.0801582 0.0389294 0.0337886
0 0.0957015 0.0679367 0.027575 0.0237239
0 0.0985401 0.0780014 0.0186537 0.0136592
0 0.0912409 0.0434939 0.0348743 0.0280374
0 0.0855637 0.0248023 0.0316302 0.0179727
0 0.0575831 0.0452912 0.027575 0.0201294
0 0.159367 0.140546 0.026764 0.0179727
1 0.243309 0.297628 0.0340633 0.0316319
0 0.156123 0.374551 0.0137875 0.0143781
0 0.191809 0.365205 0.0202758 0.0201294
0 0.216951 0.379583 0.0154096 0.0129403
0 0.272101 0.371675 0.0170316 0.0129403
0 0.265207 0.378145 0.0145985 0.0129403
0 0.0592052 0.627247 0.0194647 0.0165349
0 0.0794809 0.627965 0.0194647 0.0165349
0 0.104217 0.643781 0.0137875 0.0194105
0 0.0892133 0.647735 0.0210868 0.0215672
0 0.109084 0.704529 0.0154096 0.0129403
0 0.0806975 0.766355 0.0186537 0.0143781
0 0.0993512 0.768871 0.0202758 0.0179727
0 0.127737 0.810927 0.0170316 0.0172538
1 0.130576 0.833932 0.0194647 0.0172538
0 0.140308 0.843278 0.0162206 0.0143781
0 0.143552 0.820273 0.00973236 0.0100647
0 0.160989 0.825306 0.0105434 0.0100647
0 0.0186537 0.901869 0.0210868 0.0150971
0 0.145174 0.915528 0.00973236 0.00934579
0 0.201135 0.98059 0.0194647 0.015816
1 0.197891 0.993889 0.0194647 0.0122214
0 0.216545 0.957584 0.0145985 0.0115025
0 0.213706 0.935658 0.0105434 0.0107836
0 0.285077 0.905104 0.0154096 0.0143781
0 0.103001 0.749101 0.0129765 0.0186916
0 0.111111 0.748742 0.0178427 0.0165349
0 0.127332 0.751258 0.0129765 0.0129403
0 0.137875 0.736161 0.0178427 0.015816
0 0.120438 0.734364 0.0186537 0.0165349
0 0.108273 0.734004 0.00729927 0.00862689
1 0.226683 0.734004 0.0251419 0.0287563
1 0.187753 0.682602 0.0332522 0.0280374
0 0.215328 0.67793 0.0186537 0.015816
0 0.215328 0.663192 0.0186537 0.0222861
0 0.20884 0.652408 0.0202758 0.0165349
0 0.200324 0.643781 0.0162206 0.0107836
0 0.194242 0.630122 0.0251419 0.0237239
1 0.210057 0.631919 0.00973236 0.0201294
0 0.167072 0.637671 0.025953 0.0244428
0 0.227088 0.60532 0.0178427 0.0172538
0 0.269667 0.615025 0.0186537 0.0194105
0 0.276156 0.626528 0.0186537 0.0179727
0 0.266423 0.652408 0.0154096 0.0150971
0 0.262368 0.675054 0.00892133 0.00862689
0 0.253041 0.685119 0.0129765 0.015816
0 0.25588 0.698059 0.00729927 0.0115025
0 0.134631 0.577642 0.0194647 0.0194105
0 0.154096 0.580158 0.0194647 0.0129403
0 0.223033 0.499281 0.0227088 0.0208483
0 0.240876 0.495687 0.0291971 0.0222861
1 0.274939 0.503595 0.025953 0.0251618
0 0.293593 0.508267 0.0145985 0.0186916
1 0.285888 0.477714 0.0300081 0.0237239
0 0.318329 0.513659 0.0105434 0.0150971
0 0.319546 0.495687 0.00973236 0.0179727
0 0.309408 0.0873472 0.0251419 0.0237239
0 0.29927 0.282171 0.0227088 0.0222861
0 0.320762 0.305536 0.0202758 0.0244428
0 0.347932 0.303738 0.0113544 0.0194105
0 0.360908 0.313084 0.0243309 0.0222861
1 0.384428 0.338965 0.0405515 0.0395399
0 0.36618 0.423077 0.0218978 0.0194105
0 0.378751 0.431344 0.0145985 0.0129403
1 0.398216 0.46729 0.0194647 0.0201294
0 0.408354 0.490654 0.0300081 0.0237239
0 0.398621 0.514019 0.0316302 0.0287563
0 0.429035 0.507549 0.0243309 0.023005
0 0.400243 0.646657 0.0170316 0.0165349
1 0.427818 0.673257 0.0121655 0.0179727
1 0.412814 0.690151 0.0178427 0.015816
0 0.392133 0.737599 0.0170316 0.015816
0 0.450527 0.705248 0.00729927 0.0129403
1 0.457826 0.716751 0.0121655 0.00862689
1 0.480941 0.596693 0.0291971 0.0287563
0 0.505272 0.603523 0.0227088 0.0194105
0 0.530414 0.577642 0.0194647 0.0179727
0 0.510543 0.567937 0.0251419 0.0215672
0 0.474453 0.564702 0.0210868 0.0179727
0 0.495134 0.563264 0.0202758 0.0194105
1 0.489862 0.543494 0.0324412 0.0273185
0 0.51176 0.52624 0.0308191 0.023005
0 0.48459 0.429547 0.0235199 0.0222861
1 0.465531 0.35514 0.0405515 0.0373832
1 0.496756 0.370597 0.0348743 0.0337886
0 0.417275 0.285766 0.0218978 0.0280374
0 0.439984 0.280733 0.0300081 0.0280374
0 0.463504 0.295111 0.0251419 0.030913
0 0.484185 0.326743 0.027575 0.0265996
0 0.500406 0.340403 0.0291971 0.0265996
1 0.445255 0.238318 0.0356853 0.0251618
0 0.456204 0.26312 0.0283861 0.0201294
0 0.493917 0.267434 0.0243309 0.0172538
0 0.475264 0.255212 0.0227088 0.0201294
0 0.469992 0.245507 0.0170316 0.0122214
0 0.477697 0.227175 0.0178427 0.015816
0 0.454177 0.202732 0.0308191 0.0258807
0 0.469586 0.211359 0.0210868 0.0186916
0 0.378751 0.0948958 0.0243309 0.0172538
0 0.461476 0.0765636 0.027575 0.0237239
0 0.478102 0.0700935 0.0218978 0.0194105
0 0.517032 0.0679367 0.0300081 0.0265996
0 0.494323 0.0535586 0.026764 0.0251618
0 0.529603 0.0478073 0.0227088 0.0222861
0 0.510138 0.0305536 0.0324412 0.0280374
0 0.532847 0.0226456 0.025953 0.0237239
0 0.536902 0.130841 0.0243309 0.0201294
0 0.505677 0.163192 0.0251419 0.0215672
0 0.536496 0.161395 0.0283861 0.0280374
0 0.541768 0.188354 0.027575 0.0244428
0 0.522303 0.362689 0.0194647 0.0194105
0 0.547851 0.369878 0.0300081 0.0280374
0 0.53528 0.396837 0.0356853 0.0330697
0 0.573804 0.594896 0.0251419 0.0208483
0 0.614355 0.576204 0.026764 0.0208483
0 0.571371 0.438533 0.0316302 0.023005
0 0.596513 0.450395 0.0283861 0.0251618
0 0.59043 0.180086 0.0291971 0.0237239
1 0.58678 0.233285 0.0300081 0.0222861
0 0.591646 0.246585 0.0300081 0.0244428
0 0.617599 0.239037 0.0300081 0.0251618
0 0.631387 0.222502 0.0218978 0.0194105
0 0.650041 0.207764 0.0300081 0.0258807
0 0.624088 0.205248 0.0235199 0.0208483
0 0.64558 0.179367 0.0291971 0.0237239
0 0.610706 0.0945363 0.0113544 0.0165349
0 0.643147 0.128684 0.027575 0.023005
0 0.654907 0.148814 0.0316302 0.0287563
0 0.672749 0.153487 0.0121655 0.0194105
0 0.678427 0.188354 0.0202758 0.0172538
0 0.69262 0.156003 0.025953 0.0244428
0 0.697891 0.16427 0.0137875 0.0165349
0 0.716951 0.159957 0.0308191 0.0352265
1 0.749797 0.156722 0.0462287 0.0345075
0 0.762368 0.191948 0.0340633 0.0345075
0 0.699513 0.0848311 0.0300081 0.0186916
0 0.75588 0.306254 0.0291971 0.0273185
0 0.804542 0.31596 0.0324412 0.0280374
0 0.805758 0.336808 0.0235199 0.0150971
0 0.808191 0.353343 0.0364964 0.030913
0 0.833739 0.337168 0.0291971 0.023005
0 0.856042 0.306614 0.0202758 0.0165349
1 0.864558 0.353702 0.0162206 0.0287563
0 0.841444 0.358375 0.0251419 0.0208483
0 0.857664 0.340762 0.0235199 0.0186916
1 0.845093 0.260604 0.0405515 0.0337886
0 0.84631 0.157441 0.0364964 0.0316319
0 0.662612 0.413012 0.025953 0.0208483
1 0.662612 0.42775 0.0340633 0.0330697
0 0.697486 0.418404 0.0291971 0.0258807
0 0.681265 0.46046 0.0243309 0.0208483
1 0.671938 0.485622 0.0397405 0.0323508
0 0.670316 0.533429 0.0186537 0.0143781
0 0.694242 0.518692 0.0227088 0.0194105
0 0.71249 0.535945 0.0235199 0.0222861
0 0.733171 0.527678 0.0210868 0.0244428
0 0.691809 0.542056 0.0243309 0.0201294
0 0.6691 0.574766 0.0243309 0.0208483
0 0.742903 0.612868 0.0243309 0.0237239
0 0.722222 0.654206 0.0251419 0.0201294
0 0.645985 0.688354 0.0137875 0.0122214
0 0.628143 0.722502 0.0186537 0.0143781
0 0.732766 0.800144 0.0283861 0.0258807
0 0.711273 0.804098 0.0162206 0.0165349
0 0.478508 0.795111 0.0210868 0.0186916
0 0.516221 0.826024 0.0202758 0.015816
0 0.508921 0.836449 0.0235199 0.0237239
0 0.351582 0.842559 0.0170316 0.0143781
0 0.377534 0.808052 0.0202758 0.0215672
0 0.379157 0.823868 0.0202758 0.015816
0 0.351987 0.819554 0.0227088 0.0215672
0 0.372668 0.853343 0.0202758 0.0215672
0 0.351582 0.864486 0.0235199 0.0165349
0 0.330495 0.853702 0.0218978 0.0150971
0 0.333333 0.871316 0.00973236 0.00862689
0 0.377534 0.881021 0.0137875 0.0107836
0 0.387267 0.880302 0.0121655 0.0107836
0 0.400243 0.880302 0.0170316 0.0122214
0 0.412814 0.906542 0.0162206 0.0129403
0 0.4412 0.930985 0.0145985 0.0115025
0 0.38605 0.908699 0.0210868 0.0186916
0 0.386861 0.891804 0.0162206 0.0122214
0 0.397405 0.898275 0.0129765 0.0107836
0 0.370235 0.893602 0.0137875 0.0115025
1 0.374696 0.911215 0.00973236 0.0107836
0 0.325223 0.92128 0.0194647 0.0165349
1 0.343471 0.923436 0.0202758 0.0179727
1 0.3309 0.941409 0.0227088 0.0194105
0 0.60219 0.968728 0.026764 0.0237239
0 0.64558 0.948239 0.0194647 0.0143781
0 0.665856 0.963336 0.0210868 0.0201294
0 0.538118 0.859813 0.00892133 0.0115025
0 0.554339 0.846154 0.0105434 0.0100647
0 0.562855 0.901869 0.0113544 0.0107836
0 0.823195 0.782531 0.0356853 0.0265996
0 0.785888 0.904026 0.0129765 0.0107836
1 0.709246 0.965852 0.0364964 0.0337886
0 0.739659 0.950755 0.0324412 0.0265996
0 0.738848 0.982746 0.0227088 0.0215672
0 0.82279 0.646298 0.0202758 0.0172538
1 0.920114 0.446801 0.0251419 0.0265996
0 0.946878 0.437815 0.0202758 0.0258807
0 0.990673 0.459382 0.0170316 0.0100647
0 0.924169 0.212437 0.026764 0.0251618
0 0.730333 0.464055 0.0170316 0.0150971
0 0.753447 0.469446 0.0324412 0.023005
0 0.758313 0.48706 0.025953 0.0122214
1 0.804542 0.468009 0.0291971 0.023005
0 0.825223 0.4734 0.026764 0.0294752
0 0.843471 0.472682 0.0129765 0.0251618
0 0.781427 0.454709 0.0154096 0.0150971
0 0.791971 0.443566 0.0283861 0.0287563
0 0.781022 0.417685 0.0291971 0.023005
1 0.756285 0.443566 0.0348743 0.0287563
0 0.739254 0.437455 0.0300081 0.0294752
0 0.748986 0.410855 0.0283861 0.0265996
0 0.744526 0.391086 0.027575 0.0201294
0 0.688564 0.919123 0.025953 0.0208483
1 0.102595 0.0212078 0.0121655 0.0179727
0 0.488646 0.0330697 0.0218978 0.0186916
0 0.21249 0.583393 0.0210868 0.0165349
0 0.116788 0.778577 0.0194647 0.0143781
0 0.103812 0.787563 0.0113544 0.00934579
0 0.656123 0.499641 0.025953 0.0215672
1 0.301298 0.554277 0.0202758 0.0244428
0 0.449716 0.0431344 0.0154096 0.015816
0 0.475264 0.402588 0.0291971 0.0215672
0 0.555556 0.833214 0.0113544 0.0100647
0 0.162206 0.843997 0.0129765 0.0115025
0 0.150041 0.8555 0.00973236 0.0129403
1 0.668694 0.676132 0.0121655 0.0136592
0 0.61395 0.0654206 0.025953 0.023005
1 0.293187 0.627247 0.00892133 0.00790798
0 0.111517 0.650252 0.0154096 0.0150971
0 0.721411 0.782171 0.0137875 0.0143781
0 0.216139 0.973041 0.0105434 0.0150971
0 0.772912 0.895399 0.0178427 0.0136592
