0 0.114928 0.045712 0.0139463 0.0234628
0 0.0989153 0.0800971 0.0149793 0.0242718
0 0.137397 0.105178 0.017562 0.0291262
0 0.223915 0.162217 0.0211777 0.0380259
0 0.252066 0.158576 0.0165289 0.0194175
1 0.267304 0.189725 0.0222107 0.0331715
1 0.0596591 0.824434 0.0222107 0.0275081
0 0.102014 0.425162 0.0139463 0.0299353
0 0.134298 0.51335 0.0165289 0.0234628
0 0.153926 0.514563 0.0165289 0.0226537
0 0.0668905 0.515777 0.0232438 0.0364078
1 0.0947831 0.587783 0.0304752 0.0444984
0 0.013688 0.540858 0.0211777 0.0331715
0 0.0320248 0.572816 0.018595 0.0307443
1 0.0307335 0.565534 0.0242769 0.02589
0 0.0426136 0.601133 0.0222107 0.0323625
0 0.104597 0.614078 0.0191116 0.02589
0 0.14437 0.596278 0.0170455 0.0339806
0 0.128874 0.614887 0.0180785 0.02589
0 0.0454545 0.631472 0.017562 0.0218447
0 0.0459711 0.656958 0.018595 0.0275081
1 0.0255682 0.656958 0.0180785 0.0355987
0 0.0648244 0.669903 0.0180785 0.0242718
0 0.0728306 0.699838 0.0144628 0.02589
0 0.0552686 0.713592 0.018595 0.0275081
1 0.0717975 0.748786 0.017562 0.0218447
0 0.0705062 0.783172 0.0191116 0.0291262
1 0.0950413 0.77589 0.0227273 0.0307443
0 0.112862 0.755259 0.0139463 0.0218447
0 0.102789 0.752832 0.0103306 0.013754
1 0.159091 0.713188 0.0206612 0.0331715
1 0.173037 0.720874 0.018595 0.0339806
1 0.15186 0.743123 0.0237603 0.0283172
0 0.181043 0.75 0.0180785 0.0307443
0 0.165031 0.794094 0.0149793 0.0218447
0 0.15625 0.817961 0.0180785 0.02589
1 0.18001 0.814725 0.0222107 0.0307443
1 0.162448 0.865696 0.0160124 0.0242718
0 0.170971 0.847087 0.0154959 0.0242718
1 0.19938 0.821197 0.0165289 0.0242718
0 0.186467 0.843447 0.0134298 0.0250809
1 0.204804 0.847896 0.0160124 0.0307443
0 0.216167 0.863673 0.0139463 0.0218447
0 0.229339 0.866505 0.00929752 0.0177994
0 0.240444 0.866909 0.0129132 0.0218447
0 0.222366 0.879854 0.0118802 0.0234628
1 0.24406 0.890777 0.0180785 0.02589
0 0.255424 0.904531 0.0149793 0.0242718
1 0.225981 0.908981 0.0180785 0.0283172
0 0.242252 0.921521 0.018595 0.0242718
1 0.277118 0.771845 0.0191116 0.0275081
1 0.322056 0.744337 0.0232438 0.0355987
1 0.331353 0.726942 0.0170455 0.0283172
0 0.350723 0.702265 0.0165289 0.0339806
1 0.37061 0.699838 0.0160124 0.0355987
0 0.347882 0.735032 0.0191116 0.0315534
0 0.364411 0.728155 0.0129132 0.0145631
1 0.347624 0.964401 0.0206612 0.0275081
0 0.3453 0.987864 0.0180785 0.0226537
0 0.270661 0.664239 0.0144628 0.02589
0 0.258264 0.675971 0.0144628 0.0218447
0 0.216167 0.531958 0.0191116 0.0299353
0 0.230372 0.579693 0.0123967 0.0250809
0 0.246126 0.58657 0.0180785 0.0291262
0 0.260331 0.533981 0.017562 0.0307443
1 0.328771 0.5089 0.0129132 0.0210356
1 0.325671 0.527104 0.0170455 0.0186084
1 0.339101 0.36246 0.0139463 0.0226537
0 0.324122 0.361246 0.0108471 0.0186084
1 0.308368 0.451052 0.0123967 0.0169903
0 0.31689 0.466424 0.0139463 0.0169903
0 0.280217 0.276699 0.0149793 0.0242718
0 0.25749 0.354369 0.0139463 0.0194175
0 0.28719 0.294094 0.0134298 0.0283172
0 0.272469 0.230583 0.0211777 0.0355987
0 0.296746 0.235032 0.0201446 0.0315534
0 0.302686 0.160194 0.0196281 0.0453074
0 0.316374 0.266586 0.0191116 0.0299353
0 0.353306 0.264563 0.017562 0.0291262
1 0.344008 0.276699 0.018595 0.0275081
0 0.176653 0.157362 0.0134298 0.0169903
0 0.215651 0.0760518 0.0118802 0.0177994
0 0.222624 0.0898058 0.0144628 0.0194175
0 0.22624 0.0578479 0.0206612 0.0347896
0 0.324897 0.155744 0.0268595 0.0412621
0 0.448864 0.21966 0.0216942 0.0347896
0 0.45532 0.267799 0.0170455 0.0275081
0 0.377324 0.322006 0.0211777 0.0323625
0 0.396436 0.324029 0.0139463 0.0250809
0 0.356147 0.0190129 0.0201446 0.0315534
0 0.350465 0.0493528 0.0211777 0.0339806
1 0.397986 0.032767 0.0315083 0.0493528
1 0.375 0.0667476 0.0299587 0.0444984
1 0.343233 0.111246 0.0356405 0.0477346
1 0.36312 0.15089 0.0309917 0.0509709
0 0.430527 0.039644 0.0211777 0.02589
1 0.603564 0.347896 0.026343 0.0453074
1 0.580837 0.331715 0.0242769 0.0420712
0 0.643853 0.223706 0.0149793 0.026699
1 0.655733 0.238269 0.0129132 0.0234628
0 0.889721 0.0606796 0.0129132 0.0275081
0 0.927428 0.0214401 0.0191116 0.0283172
0 0.963326 0.059466 0.0237603 0.026699
0 0.966167 0.0821197 0.0211777 0.0283172
0 0.879649 0.0295307 0.0237603 0.0315534
0 0.853048 0.0497573 0.0232438 0.0380259
0 0.873709 0.0614887 0.0191116 0.0291262
0 0.79468 0.502832 0.0170455 0.0250809
0 0.80501 0.530744 0.0180785 0.02589
0 0.76937 0.569579 0.0222107 0.0469256
0 0.78874 0.570388 0.0216942 0.038835
0 0.809917 0.580097 0.0227273 0.0372168
0 0.917355 0.55178 0.0196281 0.0291262
0 0.937242 0.568366 0.0211777 0.0364078
0 0.972624 0.57767 0.0206612 0.0355987
1 0.973399 0.607605 0.0242769 0.0355987
1 0.980888 0.641181 0.0216942 0.0283172
0 0.989928 0.639563 0.0180785 0.0364078
0 0.471849 0.540858 0.0108471 0.0202265
0 0.480888 0.533576 0.0113636 0.013754
0 0.483471 0.545712 0.0123967 0.0186084
1 0.497934 0.571602 0.0165289 0.0250809
0 0.47469 0.595469 0.0113636 0.0210356
0 0.483988 0.644417 0.0123967 0.0202265
1 0.486054 0.669498 0.018595 0.0218447
1 0.447056 0.713592 0.0284091 0.0404531
1 0.425362 0.718447 0.027376 0.0453074
0 0.471591 0.741909 0.0227273 0.0339806
1 0.42407 0.751618 0.0123967 0.0210356
0 0.413998 0.730987 0.0139463 0.026699
0 0.440857 0.754854 0.0139463 0.02589
1 0.458161 0.777104 0.0299587 0.039644
0 0.467975 0.854773 0.0144628 0.0218447
1 0.482438 0.893204 0.0258264 0.0420712
1 0.482955 0.923544 0.0154959 0.0250809
0 0.466426 0.901699 0.00826446 0.026699
0 0.469525 0.923139 0.0154959 0.02589
0 0.578512 0.849919 0.0123967 0.0169903
0 0.624225 0.881877 0.0118802 0.0161812
0 0.625517 0.902913 0.0134298 0.0194175
0 0.630682 0.811489 0.00929752 0.0210356
1 0.62939 0.738269 0.00774793 0.0169903
0 0.634814 0.739078 0.0072314 0.013754
1 0.641529 0.743528 0.00929752 0.012945
1 0.616994 0.676375 0.00878099 0.0161812
1 0.628874 0.684871 0.0108471 0.0202265
0 0.625775 0.669094 0.0129132 0.0177994
1 0.600723 0.68568 0.0154959 0.0234628
0 0.587293 0.685275 0.0123967 0.0194175
0 0.626808 0.628641 0.0180785 0.0275081
1 0.62655 0.593447 0.0144628 0.0250809
1 0.683368 0.634304 0.0103306 0.0226537
1 0.700155 0.561489 0.00774793 0.0161812
0 0.484504 0.450647 0.0123967 0.0194175
0 0.553202 0.511327 0.0165289 0.02589
0 0.346333 0.507686 0.0139463 0.0202265
0 0.238378 0.987864 0.0139463 0.0161812
0 0.129132 0.0809061 0.0154959 0.0242718
0 0.18905 0.171117 0.0103306 0.0153722
0 0.0260847 0.680825 0.0139463 0.0169903
0 0.296229 0.528722 0.00981405 0.013754
0 0.182076 0.860032 0.0118802 0.0177994
0 0.293647 0.745955 0.00981405 0.0145631
0 0.24406 0.929612 0.0129132 0.0242718
0 0.313275 0.730178 0.0160124 0.0169903
0 0.376291 0.659385 0.0139463 0.0210356
0 0.293647 0.427184 0.0129132 0.0177994
1 0.274793 0.300162 0.00929752 0.0194175
0 0.247934 0.0542071 0.0154959 0.02589
0 0.254649 0.0764563 0.0154959 0.0250809
0 0.412448 0.304612 0.0129132 0.0218447
0 0.407541 0.342638 0.018595 0.0202265
0 0.548295 0.558657 0.00981405 0.0153722
0 0.597107 0.665049 0.0123967 0.0177994
0 0.603306 0.320388 0.018595 0.0177994
0 0.416839 0.0420712 0.0154959 0.0291262
0 0.254649 0.924757 0.0072314 0.0145631
0 0.158316 0.493528 0.0149793 0.0226537
0 0.277118 0.494741 0.0129132 0.0202265
0 0.395403 0.294903 0.0129132 0.0202265
0 0.323089 0.279126 0.00878099 0.0113269
0 0.332128 0.250405 0.0144628 0.026699
0 0.302428 0.190939 0.0201446 0.0275081
0 0.560692 0.493528 0.00981405 0.0177994
0 0.803202 0.551375 0.0134298 0.0153722
0 0.932851 0.0372168 0.0072314 0.00970874
1 0.280475 0.00970874 0.0216942 0.0161812
0 0.386105 0.0153722 0.0118802 0.0226537
0 0.399019 0.845065 0.0108471 0.0169903
