1 0.357188 0.786921 0.0277335 0.0302435
1 0.331049 0.778869 0.0309213 0.0290652
0 0.389066 0.769835 0.0729997 0.084839
1 0.441505 0.771013 0.0465413 0.0801257
1 0.287058 0.74784 0.0627989 0.084839
1 0.338699 0.731343 0.0570609 0.0824823
1 0.429869 0.71524 0.0564233 0.0832679
0 0.431941 0.666929 0.0516417 0.0392773
0 0.377431 0.685782 0.068218 0.0879811
0 0.339656 0.667518 0.0443099 0.0561665
0 0.284667 0.669285 0.0299649 0.0416339
0 0.262193 0.657502 0.0258208 0.043205
0 0.337424 0.636489 0.0474976 0.0365279
0 0.314472 0.628633 0.045585 0.055381
0 0.275104 0.618225 0.0478164 0.0620581
0 0.233025 0.634918 0.0376156 0.0710919
0 0.254861 0.591712 0.0481352 0.0593087
0 0.427638 0.634918 0.0385719 0.0498822
1 0.390022 0.631186 0.0576984 0.0620581
0 0.34364 0.565004 0.0350653 0.0326002
0 0.33328 0.56088 0.0423972 0.0589159
0 0.289608 0.55872 0.0557858 0.0758052
0 0.249283 0.547918 0.0331527 0.0424195
1 0.191903 0.625884 0.0522792 0.0742341
1 0.21103 0.564808 0.0669429 0.084839
1 0.366433 0.571485 0.0596111 0.0864101
0 0.616194 0.350157 0.0210392 0.0278869
0 0.660822 0.354085 0.0306025 0.0302435
0 0.651259 0.323252 0.03124 0.0439906
0 0.622888 0.333071 0.0357029 0.0455617
0 0.662576 0.299686 0.0219955 0.0243519
0 0.680427 0.28751 0.0290086 0.0377062
0 0.709276 0.307934 0.0204017 0.0180676
0 0.72665 0.330126 0.0245457 0.0286724
0 0.711827 0.281618 0.0318776 0.0455617
0 0.736372 0.307345 0.0344278 0.0483111
1 0.75008 0.328947 0.0172139 0.0278869
1 0.771597 0.312451 0.0404845 0.0569521
0 0.77351 0.270424 0.0251833 0.0310291
0 0.751355 0.276905 0.0318776 0.0361351
0 0.75773 0.245876 0.0325151 0.0408484
0 0.729678 0.254124 0.0318776 0.0361351
1 0.697163 0.234878 0.0490915 0.0581304
0 0.637392 0.297133 0.0290086 0.0310291
0 0.622569 0.28535 0.0191266 0.0137471
0 0.606471 0.299097 0.0251833 0.0278869
0 0.668792 0.252553 0.0318776 0.0361351
0 0.638668 0.257855 0.0423972 0.04674
0 0.657953 0.221524 0.036978 0.0377062
1 0.831686 0.379222 0.0401658 0.0373134
0 0.831686 0.39022 0.0331527 0.0490966
0 0.854638 0.396308 0.0363405 0.0447761
1 0.876315 0.412215 0.0325151 0.0341712
0 0.897992 0.385114 0.036978 0.0561665
1 0.873287 0.361155 0.0436723 0.0561665
1 0.90373 0.351139 0.0299649 0.0392773
1 0.8438 0.352514 0.0210392 0.0365279
0 0.860057 0.322467 0.0478164 0.0424195
1 0.0377749 0.807934 0.0188078 0.0164965
1 0.0487727 0.795365 0.0165763 0.0219953
1 0.0352247 0.792812 0.0111572 0.0168892
1 0.656041 0.742537 0.0153012 0.0200314
0 0.638827 0.352121 0.0159388 0.020817
1 0.726331 0.227808 0.0245457 0.0212097
0 0.257252 0.674391 0.0255021 0.0361351
0 0.874243 0.399647 0.00988205 0.0216025
1 0.301562 0.695405 0.055467 0.0852317
