0 0.529911 0.337156 0.0330357 0.0428135
0 0.554911 0.340214 0.03125 0.0382263
0 0.542857 0.365443 0.0321429 0.030581
0 0.544196 0.383028 0.0348214 0.0259939
0 0.51875 0.381498 0.0321429 0.0259939
0 0.461161 0.404434 0.0455357 0.030581
0 0.505804 0.412462 0.0491071 0.0420489
0 0.534375 0.45107 0.0294643 0.0351682
1 0.541518 0.476682 0.0205357 0.0328746
0 0.550893 0.449159 0.0392857 0.0481651
0 0.520982 0.48815 0.0508929 0.0374618
0 0.466964 0.429664 0.0517857 0.0443425
0 0.441518 0.442661 0.0419643 0.0382263
1 0.501786 0.464067 0.0660714 0.0657492
1 0.452679 0.485856 0.0571429 0.0588685
1 0.509375 0.516055 0.0651786 0.0412844
0 0.4875 0.580657 0.0214286 0.0267584
1 0.50625 0.62156 0.0160714 0.0229358
1 0.422768 0.599006 0.0330357 0.0313456
0 0.299107 0.41208 0.0464286 0.0443425
0 0.271429 0.411697 0.0375 0.043578
0 0.160714 0.467508 0.0446429 0.0206422
1 0.115179 0.467508 0.0535714 0.0237003
1 0.16875 0.5 0.0625 0.0565749
1 0.216518 0.505352 0.0366071 0.0366972
0 0.120536 0.485856 0.0410714 0.0359327
0 0.0808036 0.49159 0.0419643 0.0336391
0 0.135714 0.519495 0.0321429 0.0389908
0 0.0959821 0.517202 0.0526786 0.0481651
0 0.109821 0.546636 0.0339286 0.0259939
1 0.145982 0.546254 0.0455357 0.0420489
1 0.198661 0.545872 0.05625 0.0504587
0 0.170536 0.574924 0.0410714 0.0351682
0 0.195089 0.585245 0.0348214 0.0237003
0 0.232589 0.566896 0.0544643 0.0405199
0 0.295536 0.562691 0.0267857 0.0275229
0 0.292857 0.586774 0.0303571 0.0267584
0 0.264286 0.587156 0.0375 0.0244648
0 0.283036 0.609327 0.0410714 0.030581
0 0.245536 0.606651 0.0321429 0.0267584
0 0.228571 0.61315 0.0267857 0.0275229
0 0.254911 0.628058 0.0366071 0.0344037
0 0.289286 0.636468 0.0571429 0.0313456
1 0.326786 0.626147 0.0482143 0.0351682
0 0.366071 0.639908 0.0410714 0.030581
1 0.376786 0.681193 0.0589286 0.0535168
0 0.336607 0.662462 0.05 0.045107
0 0.295536 0.662462 0.0571429 0.045107
1 0.252679 0.672018 0.0446429 0.0474006
0 0.298214 0.703746 0.0571429 0.0420489
0 0.337054 0.705275 0.0419643 0.045107
0 0.666518 0.540138 0.03125 0.0237003
0 0.696429 0.535168 0.0410714 0.0397554
0 0.664286 0.519495 0.0357143 0.0252294
0 0.633929 0.530581 0.0392857 0.0244648
1 0.624107 0.554281 0.0482143 0.0443425
0 0.65625 0.559633 0.025 0.0244648
0 0.7 0.58945 0.0142857 0.0214067
0 0.690625 0.600917 0.0241071 0.0275229
0 0.696429 0.618502 0.0160714 0.0259939
0 0.683036 0.573012 0.0392857 0.0481651
0 0.653571 0.588303 0.0535714 0.0481651
0 0.63125 0.616208 0.0482143 0.0336391
1 0.66875 0.625 0.0553571 0.045107
1 0.775893 0.637997 0.0303571 0.0191131
1 0.75625 0.658257 0.0375 0.0519878
1 0.802679 0.656728 0.0625 0.0519878
0 0.844196 0.678517 0.0348214 0.0405199
0 0.816964 0.693807 0.0392857 0.043578
1 0.814732 0.71789 0.04375 0.0275229
1 0.774554 0.695336 0.05625 0.0527523
1 0.762946 0.717508 0.0633929 0.0405199
0 0.736607 0.736239 0.0410714 0.030581
0 0.703571 0.736621 0.0303571 0.0298165
0 0.70625 0.707569 0.0375 0.0298165
0 0.690179 0.723242 0.025 0.0244648
0 0.622321 0.69419 0.0357143 0.0366972
0 0.606696 0.663609 0.0419643 0.029052
0 0.572768 0.663226 0.0348214 0.0313456
0 0.556696 0.683869 0.0366071 0.0237003
0 0.589732 0.68578 0.04375 0.0382263
0 0.563839 0.706804 0.0401786 0.0359327
0 0.571429 0.728593 0.0410714 0.0244648
1 0.424554 0.881498 0.01875 0.0244648
0 0.439286 0.903287 0.0267857 0.014526
0 0.458036 0.926606 0.0178571 0.029052
0 0.446875 0.94419 0.01875 0.0183486
0 0.434821 0.921636 0.0375 0.0298165
0 0.408036 0.904817 0.0446429 0.0282875
0 0.668304 0.906728 0.03125 0.0152905
0 0.64375 0.923165 0.0357143 0.0267584
1 0.696429 0.889908 0.0410714 0.0214067
0 0.652232 0.950688 0.0383929 0.0298165
0 0.676786 0.926988 0.0357143 0.0344037
0 0.678571 0.958716 0.0410714 0.0321101
0 0.698214 0.910168 0.0375 0.0389908
0 0.716964 0.931957 0.0339286 0.029052
0 0.724107 0.905581 0.0232143 0.0282875
0 0.701786 0.952982 0.0357143 0.0313456
0 0.734375 0.952982 0.0419643 0.0344037
0 0.74375 0.913609 0.0410714 0.0336391
0 0.751339 0.942661 0.0455357 0.0366972
0 0.775 0.919725 0.0303571 0.030581
0 0.789286 0.920872 0.0285714 0.0359327
0 0.760268 0.888761 0.04375 0.0313456
0 0.794643 0.887615 0.0303571 0.0244648
0 0.815625 0.888379 0.0276786 0.0214067
0 0.814732 0.943425 0.0401786 0.0229358
0 0.826786 0.903287 0.0285714 0.0191131
0 0.81875 0.870795 0.0267857 0.0152905
0 0.838393 0.873471 0.0267857 0.016055
0 0.841518 0.884557 0.03125 0.0183486
0 0.854911 0.867355 0.0366071 0.0252294
0 0.872321 0.886468 0.0392857 0.0298165
0 0.886607 0.912844 0.0321429 0.0321101
0 0.859375 0.904817 0.0491071 0.0374618
0 0.855357 0.936927 0.0517857 0.0359327
0 0.835714 0.652141 0.0178571 0.0183486
