0 0.106731 0.0745423 0.0403846 0.0340017
0 0.123077 0.115519 0.0403846 0.0340017
0 0.144712 0.156059 0.0548077 0.0505667
0 0.128365 0.190933 0.0490385 0.043592
0 0.193269 0.16347 0.0442308 0.0305144
0 0.188462 0.140366 0.0384615 0.0244115
0 0.222596 0.1517 0.0317308 0.0261552
1 0.0461538 0.449433 0.0557692 0.0409765
0 0.303365 0.380994 0.0317308 0.0313862
0 0.317788 0.352223 0.0298077 0.0331299
0 0.363462 0.343505 0.0403846 0.0348736
0 0.385096 0.311683 0.0528846 0.0322581
0 0.448558 0.0239756 0.0278846 0.0200523
0 0.406731 0.0261552 0.0211538 0.0104621
0 0.528365 0.0344377 0.0471154 0.0392328
0 0.577404 0.0226678 0.0432692 0.0366173
1 0.644712 0.0453357 0.0509615 0.048823
0 0.457692 0.592851 0.0480769 0.0401046
0 0.305288 0.81299 0.0317308 0.0305144
0 0.0716346 0.864429 0.0451923 0.0374891
0 0.389904 0.917175 0.0432692 0.0470793
0 0.386538 0.884481 0.0538462 0.0427201
0 0.437981 0.887097 0.0394231 0.0287707
0 0.449038 0.845248 0.0423077 0.0427201
1 0.494712 0.86966 0.0451923 0.0444638
0 0.529327 0.869224 0.0336538 0.0401046
1 0.543269 0.920227 0.0538462 0.0462075
1 0.596154 0.901918 0.0576923 0.0531822
0 0.612981 0.928073 0.0298077 0.0252833
0 0.670192 0.932868 0.0403846 0.0348736
1 0.666827 0.948126 0.0375 0.021796
0 0.424519 0.801221 0.0298077 0.0278989
0 0.445192 0.813862 0.0346154 0.027027
0 0.576923 0.806452 0.0384615 0.0331299
0 0.572596 0.754577 0.0375 0.0322581
0 0.625962 0.865737 0.0403846 0.0401046
1 0.606731 0.859634 0.0307692 0.0383609
0 0.638942 0.823017 0.0317308 0.0296425
0 0.658173 0.840017 0.0375 0.0462075
0 0.708173 0.883609 0.0451923 0.0444638
0 0.752885 0.906713 0.0519231 0.0418483
0 0.781731 0.86007 0.0365385 0.0374891
0 0.748077 0.872276 0.0365385 0.0322581
0 0.672596 0.86007 0.0355769 0.027027
0 0.712019 0.85789 0.0317308 0.0209241
0 0.695192 0.845684 0.0326923 0.0261552
0 0.860096 0.979948 0.0432692 0.0401046
0 0.888942 0.97864 0.0298077 0.0357454
0 0.853365 0.94551 0.0336538 0.027027
1 0.857692 0.823888 0.0538462 0.048823
0 0.90625 0.8483 0.0394231 0.0348736
1 0.865865 0.786399 0.0509615 0.0401046
0 0.880288 0.736269 0.0451923 0.0392328
0 0.905769 0.758065 0.0519231 0.0462075
0 0.933173 0.731909 0.0336538 0.027027
0 0.962019 0.714908 0.0490385 0.0418483
1 0.823558 0.163906 0.0663462 0.0557977
1 0.807692 0.122929 0.0576923 0.0470793
1 0.887019 0.122058 0.0605769 0.0523104
0 0.841346 0.11857 0.0403846 0.0366173
1 0.968269 0.0701831 0.0576923 0.0566696
1 0.0721154 0.0828248 0.0288462 0.0139494
0 0.855288 0.854839 0.0355769 0.0287707
0 0.661538 0.995641 0.0326923 0.0087184
0 0.578846 0.928073 0.0230769 0.0183086
0 0.305769 0.874019 0.0461538 0.0409765
0 0.896154 0.819093 0.0192308 0.0252833
