1 0.1233 0.619674 0.060931 0.0907744
1 0.0987186 0.602075 0.0509937 0.0874398
1 0.112055 0.679696 0.0368724 0.0596517
0 0.146705 0.683772 0.0449791 0.0603927
1 0.151674 0.739348 0.0570084 0.072249
1 0.167364 0.785291 0.0523013 0.0596517
1 0.204106 0.745461 0.0452406 0.0703964
0 0.210905 0.776213 0.0368724 0.0385328
1 0.195476 0.677288 0.0525628 0.0711375
1 0.179916 0.601149 0.0627615 0.0804001
1 0.245162 0.713227 0.0504707 0.0741015
1 0.243593 0.749907 0.0363494 0.0155613
1 0.220058 0.69007 0.0279812 0.0426084
1 0.16841 0.652464 0.0219665 0.0177844
1 0.221496 0.655243 0.0277197 0.0418674
1 0.231564 0.603742 0.0389644 0.0796591
1 0.257584 0.597073 0.0543933 0.0515006
1 0.255753 0.639496 0.0570084 0.0800296
1 0.300732 0.640793 0.040795 0.0589107
1 0.295371 0.698036 0.061454 0.0852167
1 0.289618 0.744535 0.0483787 0.026306
1 0.310669 0.757688 0.0334728 0.0333457
1 0.348719 0.753057 0.0504707 0.0603927
1 0.398666 0.744535 0.0499477 0.075213
1 0.369378 0.690811 0.0520397 0.07299
1 0.331198 0.70063 0.0243201 0.0785476
1 0.34545 0.665987 0.0172594 0.024083
1 0.346365 0.596147 0.0368724 0.0592812
1 0.367547 0.614302 0.0504707 0.0696554
1 0.401281 0.661912 0.0462866 0.0640978
1 0.426386 0.670619 0.0342573 0.0540941
1 0.415926 0.591701 0.0525628 0.0703964
1 0.436454 0.615784 0.0475941 0.0681734
1 0.422594 0.707484 0.0371339 0.0440904
1 0.478295 0.673398 0.0481172 0.0692849
1 0.457897 0.670433 0.0282427 0.0611338
1 0.51046 0.629492 0.0496862 0.0652093
1 0.509414 0.60189 0.0475941 0.0403853
1 0.536088 0.610782 0.0141213 0.0411263
0 0.517521 0.68581 0.0319038 0.0452019
0 0.545894 0.661356 0.0379184 0.0607632
1 0.512422 0.703964 0.0447176 0.0355687
1 0.461689 0.197481 0.0332113 0.049648
1 0.439069 0.194702 0.0183054 0.0440904
1 0.455805 0.23731 0.0277197 0.0411263
1 0.457113 0.155428 0.0287657 0.0433494
1 0.483264 0.175621 0.0256276 0.0355687
1 0.489801 0.203779 0.0214435 0.0200074
1 0.514775 0.0857725 0.0311192 0.0470545
1 0.529942 0.124491 0.0368724 0.0437199
1 0.54341 0.075213 0.0339958 0.0444609
1 0.563938 0.113375 0.0337343 0.048166
1 0.55557 0.155984 0.022751 0.0370508
1 0.570476 0.149315 0.0169979 0.0281586
1 0.584597 0.131345 0.00967573 0.0292701
1 0.594796 0.101334 0.0311192 0.0440904
1 0.574922 0.0522416 0.0379184 0.05113
0 0.630099 0.0711375 0.0159519 0.0266765
1 0.630492 0.135791 0.0319038 0.0396443
1 0.592835 0.195813 0.0308577 0.0448314
1 0.610617 0.230826 0.0350418 0.0370508
1 0.638075 0.209522 0.0334728 0.0433494
1 0.633237 0.168025 0.0295502 0.0329752
1 0.650758 0.163023 0.01909 0.0392738
1 0.674163 0.177288 0.0203975 0.0300111
1 0.699529 0.219526 0.0360879 0.0403853
1 0.67364 0.243609 0.0308577 0.0455724
1 0.698745 0.265469 0.0355649 0.0507595
1 0.682531 0.287514 0.0324268 0.0348277
1 0.648928 0.263246 0.0164749 0.0314931
1 0.530335 0.315858 0.0319038 0.0285291
1 0.55204 0.341237 0.0308577 0.0392738
1 0.583682 0.357725 0.0261506 0.0344572
1 0.528243 0.3392 0.0162134 0.0188959
1 0.618855 0.0796591 0.0258891 0.046684
1 0.595842 0.180067 0.0311192 0.0266765
1 0.392782 0.903668 0.0198745 0.0259355
1 0.557008 0.739904 0.0141213 0.0222305
1 0.562369 0.758059 0.0149059 0.0200074
1 0.575837 0.781956 0.0177824 0.0300111
1 0.533604 0.768247 0.0169979 0.024083
1 0.391606 0.878288 0.0122908 0.0196369
1 0.554524 0.783624 0.0149059 0.0229715
1 0.563938 0.791589 0.0154289 0.0151908
1 0.384545 0.890144 0.0154289 0.0211189
1 0.373692 0.898666 0.0162134 0.0159318
1 0.52262 0.776399 0.0133368 0.0188959
1 0.538049 0.753057 0.0133368 0.0181549
1 0.591396 0.832531 0.0138598 0.0163023
1 0.526543 0.0629863 0.0117678 0.0118562
1 0.130622 0.76269 0.020136 0.0359392
1 0.370424 0.934976 0.00967573 0.0174139
1 0.571914 0.345869 0.0177824 0.0285291
1 0.369901 0.776213 0.020136 0.0251945
