1 0.0230263 0.311333 0.0315789 0.052
0 0.0233553 0.352667 0.0230263 0.0466667
0 0.0467105 0.351333 0.0197368 0.0386667
1 0.0444079 0.299333 0.0217105 0.0386667
0 0.0901316 0.299333 0.025 0.0466667
1 0.0796053 0.309333 0.025 0.0426667
1 0.0901316 0.271333 0.0302632 0.0386667
1 0.0240132 0.734 0.0164474 0.0413333
0 0.0302632 0.730667 0.0197368 0.0373333
0 0.108553 0.221333 0.0144737 0.0293333
1 0.165789 0.547333 0.0263158 0.0626667
0 0.188158 0.519333 0.0197368 0.036
1 0.164145 0.615333 0.0282895 0.044
0 0.183882 0.594 0.0256579 0.0333333
0 0.274671 0.444 0.0243421 0.048
1 0.311184 0.426667 0.0236842 0.0533333
0 0.280592 0.385333 0.0217105 0.0426667
0 0.220066 0.246 0.0230263 0.044
0 0.358224 0.0906667 0.0243421 0.0533333
0 0.373355 0.100667 0.0125 0.0333333
0 0.386842 0.123333 0.0197368 0.044
0 0.369079 0.154667 0.0210526 0.0426667
1 0.404605 0.554 0.025 0.0386667
0 0.438816 0.413333 0.0289474 0.0533333
0 0.460197 0.389333 0.0203947 0.04
0 0.456579 0.096 0.0184211 0.0373333
0 0.468421 0.266667 0.0236842 0.0453333
0 0.488158 0.254 0.0210526 0.0413333
1 0.597039 0.420667 0.0282895 0.0546667
0 0.576645 0.367333 0.0164474 0.028
0 0.579605 0.393333 0.0184211 0.0346667
0 0.558224 0.229333 0.0138158 0.032
0 0.567434 0.248 0.0269737 0.04
0 0.602961 0.062 0.0230263 0.044
1 0.617434 0.082 0.0296053 0.052
0 0.657895 0.552667 0.0276316 0.0493333
0 0.673355 0.542 0.0230263 0.0466667
0 0.677303 0.576667 0.0138158 0.0333333
0 0.657566 0.871333 0.0296053 0.0626667
0 0.698026 0.876 0.0276316 0.064
0 0.677632 0.923333 0.0315789 0.0626667
0 0.820066 0.949333 0.0217105 0.0453333
0 0.832895 0.974667 0.0144737 0.032
0 0.771711 0.691333 0.0289474 0.0626667
0 0.755921 0.720667 0.0276316 0.0546667
0 0.751316 0.654667 0.0289474 0.0533333
0 0.774342 0.616667 0.0289474 0.052
0 0.749671 0.62 0.0217105 0.032
0 0.690461 0.147333 0.0230263 0.036
0 0.983882 0.834 0.0282895 0.06
0 0.986842 0.781333 0.0157895 0.0373333
0 0.961842 0.815333 0.0105263 0.0253333
0 0.979276 0.719333 0.0230263 0.0573333
0 0.896711 0.712 0.0184211 0.0346667
0 0.890132 0.676667 0.0184211 0.036
0 0.888158 0.594 0.0276316 0.0573333
0 0.892105 0.532667 0.0144737 0.0146667
1 0.853947 0.306667 0.0302632 0.056
0 0.917434 0.358 0.0164474 0.028
0 0.930263 0.377333 0.0157895 0.0346667
0 0.894408 0.387333 0.0151316 0.0226667
0 0.934539 0.655333 0.0243421 0.0546667
0 0.960855 0.637333 0.0296053 0.0586667
0 0.958553 0.691333 0.025 0.052
0 0.963158 0.73 0.0184211 0.0333333
0 0.981579 0.671333 0.0236842 0.0546667
0 0.924342 0.0386667 0.0276316 0.0453333
0 0.926316 0.0853333 0.0210526 0.04
0 0.968092 0.120667 0.0203947 0.0493333
0 0.987829 0.139333 0.0177632 0.036
1 0.90625 0.161333 0.0269737 0.0426667
0 0.928618 0.173333 0.0190789 0.0373333
0 0.925 0.148 0.0131579 0.024
0 0.949671 0.154667 0.0230263 0.0453333
0 0.162171 0.444 0.0203947 0.0453333
0 0.166776 0.406667 0.0138158 0.0266667
0 0.669737 0.321333 0.0157895 0.0293333
0 0.958224 0.848667 0.0138158 0.0306667
