0 0.0883608 0.0451527 0.0255941 0.0265604
0 0.112736 0.0554449 0.0231566 0.0258964
0 0.114564 0.0843293 0.0280317 0.0292165
0 0.0847044 0.0756972 0.0292505 0.0292165
0 0.0938452 0.23838 0.0231566 0.0265604
0 0.150518 0.339309 0.0109689 0.0212483
0 0.1234 0.361222 0.0188909 0.0199203
0 0.128885 0.384462 0.0140158 0.0199203
1 0.0892748 0.361554 0.0298598 0.0205843
1 0.063376 0.343293 0.0341255 0.0385126
0 0.106947 0.378818 0.0213285 0.0245684
0 0.155393 0.648406 0.0231566 0.0232404
1 0.17855 0.798805 0.0280317 0.0332005
1 0.57404 0.974768 0.031688 0.0252324
0 0.569165 0.942895 0.0292505 0.0332005
1 0.542048 0.876826 0.0322974 0.0351926
0 0.595673 0.7666 0.0249848 0.0285525
1 0.465874 0.735392 0.0225472 0.0179283
0 0.729433 0.796149 0.0243754 0.0265604
0 0.78184 0.814741 0.00853138 0.0132802
0 0.75198 0.821381 0.0121877 0.0146082
0 0.754723 0.835325 0.0152346 0.0119522
0 0.770871 0.826029 0.00853138 0.00929615
1 0.829677 0.827025 0.0347349 0.0285525
0 0.62401 0.61089 0.0182815 0.0278884
1 0.649299 0.598606 0.0383912 0.0458167
0 0.602986 0.436919 0.0274223 0.0358566
0 0.600548 0.478088 0.023766 0.0252324
0 0.602377 0.336653 0.0225472 0.0239044
0 0.597197 0.364874 0.0341255 0.0365206
0 0.62858 0.5 0.0201097 0.0199203
0 0.65326 0.505312 0.0268129 0.0305445
0 0.72791 0.611554 0.0262035 0.0292165
0 0.745582 0.61919 0.0164534 0.0219124
0 0.706277 0.681275 0.0268129 0.0305445
0 0.728215 0.696215 0.0219378 0.0245684
0 0.87081 0.667331 0.0207191 0.0239044
0 0.867154 0.694887 0.0268129 0.0285525
0 0.908592 0.895086 0.0219378 0.0239044
0 0.924132 0.878486 0.0152346 0.0212483
0 0.89153 0.841633 0.0268129 0.0272244
1 0.912553 0.817729 0.0274223 0.0338645
0 0.928702 0.826029 0.0182815 0.0278884
0 0.908288 0.842629 0.0152346 0.0132802
0 0.924132 0.74336 0.023766 0.0166003
0 0.901584 0.630146 0.0176722 0.0278884
0 0.915296 0.606906 0.0231566 0.0132802
1 0.932663 0.629814 0.0176722 0.0338645
1 0.920475 0.62583 0.0286411 0.0312085
1 0.93571 0.594954 0.0262035 0.0385126
1 0.932663 0.558765 0.0310786 0.0298805
0 0.922913 0.541169 0.0286411 0.0305445
1 0.916514 0.583665 0.0414381 0.0385126
0 0.865631 0.517596 0.0298598 0.0351926
0 0.319622 0.532869 0.0188909 0.0166003
0 0.302559 0.539509 0.0176722 0.0219124
0 0.286411 0.553121 0.0231566 0.0252324
1 0.310786 0.562749 0.0341255 0.0338645
0 0.363498 0.616534 0.0298598 0.0325365
0 0.379342 0.64409 0.0274223 0.0278884
1 0.396405 0.613878 0.0347349 0.0391766
0 0.338208 0.400066 0.0243754 0.0232404
1 0.319317 0.418659 0.0304692 0.0298805
1 0.335466 0.370186 0.0310786 0.0338645
1 0.29159 0.398738 0.0347349 0.0365206
0 0.43571 0.323705 0.0268129 0.0205843
0 0.44546 0.309761 0.0280317 0.0338645
1 0.417124 0.297145 0.0310786 0.0391766
1 0.480195 0.27822 0.0341255 0.0318725
0 0.482937 0.244688 0.0213285 0.0245684
1 0.580134 0.252988 0.0243754 0.0305445
0 0.5195 0.12749 0.0298598 0.0305445
0 0.515235 0.15239 0.0176722 0.0139442
1 0.468617 0.158699 0.0255941 0.0318725
0 0.452468 0.192895 0.023766 0.0245684
1 0.560634 0.120186 0.0280317 0.0305445
0 0.548751 0.0209163 0.0176722 0.0152722
0 0.550884 0.0395086 0.0182815 0.0205843
1 0.837294 0.0527888 0.0146252 0.0312085
1 0.808958 0.0723772 0.0335161 0.0305445
1 0.892139 0.11919 0.0231566 0.0298805
1 0.909811 0.138446 0.031688 0.0338645
1 0.87081 0.112218 0.0304692 0.0318725
1 0.849482 0.132138 0.0280317 0.0278884
1 0.835771 0.15405 0.0213285 0.0451527
0 0.819317 0.173307 0.0262035 0.0225764
1 0.815052 0.150398 0.0359537 0.0391766
1 0.79677 0.157703 0.0274223 0.0325365
1 0.797075 0.182271 0.0207191 0.0192563
1 0.774832 0.177291 0.0383912 0.0371846
0 0.701097 0.145418 0.0262035 0.0252324
0 0.665143 0.202855 0.0298598 0.0325365
1 0.677636 0.183931 0.0353443 0.0438247
1 0.711761 0.177623 0.0426569 0.0418327
1 0.537172 0.0468127 0.0127971 0.0179283
0 0.765082 0.428287 0.0201097 0.0146082
1 0.450335 0.598938 0.0243754 0.0292165
0 0.740402 0.434927 0.0207191 0.0185923
0 0.900366 0.689575 0.0127971 0.0245684
0 0.913163 0.85757 0.0152346 0.0152722
0 0.787325 0.820385 0.0134065 0.0112882
0 0.799512 0.967131 0.0134065 0.0126162
1 0.903413 0.609562 0.0115783 0.0146082
0 0.547227 0.260624 0.0182815 0.0192563
