0 0.0168919 0.0180296 0.0238739 0.0334836
0 0.0166667 0.0354153 0.0207207 0.0115905
0 0.0184685 0.0502254 0.0234234 0.0296201
0 0.0486486 0.0466838 0.0189189 0.0212492
0 0.063964 0.0508693 0.0126126 0.0257566
0 0.0734234 0.0350934 0.0135135 0.0186735
0 0.0734234 0.0534449 0.00900901 0.0218931
0 0.0943694 0.0965873 0.0148649 0.0206053
1 0.113739 0.0721185 0.0256757 0.0334836
0 0.0504505 0.0669672 0.0225225 0.0309079
0 0.0677928 0.0785576 0.0193694 0.0321958
0 0.0578829 0.0952994 0.0184685 0.0270444
0 0.0184685 0.115905 0.0189189 0.0321958
1 0.0265766 0.126207 0.0153153 0.0283323
0 0.0466216 0.114939 0.0166667 0.0276883
0 0.0635135 0.123632 0.0171171 0.0296201
0 0.0698198 0.139408 0.0162162 0.0109466
0 0.0716216 0.146491 0.0108108 0.00965873
0 0.0887387 0.152286 0.0252252 0.0431423
0 0.0484234 0.178686 0.0256757 0.0392788
0 0.0673423 0.174501 0.0175676 0.0334836
0 0.0846847 0.195428 0.0243243 0.0392788
0 0.0635135 0.225692 0.0171171 0.0315518
0 0.0790541 0.22537 0.0202703 0.0283323
0 0.0988739 0.235995 0.0166667 0.0264005
0 0.103604 0.266903 0.0153153 0.0315518
0 0.0335586 0.344495 0.0166667 0.0244688
1 0.0475225 0.364456 0.0193694 0.0257566
0 0.0425676 0.341275 0.0121622 0.0193175
1 0.114865 0.164842 0.0315315 0.0437862
0 0.108108 0.192209 0.0234234 0.0328397
0 0.124775 0.191565 0.0108108 0.0135222
0 0.127477 0.21217 0.0207207 0.030264
0 0.10991 0.221185 0.0216216 0.0341275
0 0.136937 0.22376 0.0135135 0.0173857
0 0.188063 0.2302 0.0220721 0.0341275
0 0.152477 0.219575 0.0175676 0.0193175
0 0.168919 0.250483 0.0153153 0.0244688
0 0.124775 0.245976 0.0252252 0.0321958
0 0.15045 0.244688 0.027027 0.0399227
0 0.120946 0.275274 0.0256757 0.0328397
1 0.14955 0.285254 0.0306306 0.0463619
1 0.0747748 0.555377 0.0162162 0.0289762
0 0.119144 0.597553 0.013964 0.0206053
0 0.170721 0.590792 0.0126126 0.0199614
0 0.179054 0.60367 0.013964 0.0238249
0 0.131982 0.615905 0.0108108 0.0173857
1 0.158784 0.605602 0.00945946 0.01481
0 0.120495 0.622666 0.0166667 0.0283323
0 0.110586 0.639408 0.00765766 0.0128783
0 0.117117 0.640695 0.00720721 0.0103026
0 0.126126 0.651642 0.0135135 0.0180296
0 0.134685 0.674501 0.0153153 0.022537
0 0.144144 0.63973 0.0135135 0.022537
1 0.14482 0.613973 0.0175676 0.0289762
1 0.165766 0.622988 0.0243243 0.0289762
1 0.148874 0.688667 0.0157658 0.0264005
1 0.145946 0.707019 0.0198198 0.0257566
1 0.133784 0.716999 0.0162162 0.0251127
0 0.233333 0.238571 0.0216216 0.030264
0 0.375225 0.950741 0.00900901 0.0109466
0 0.355631 0.974243 0.00945946 0.0128783
0 0.28018 0.911462 0.00810811 0.0109466
0 0.28491 0.916935 0.00765766 0.0128783
0 0.289189 0.878944 0.0108108 0.0141661
0 0.317342 0.853187 0.0103604 0.0128783
0 0.315315 0.872505 0.0108108 0.015454
1 0.356532 0.909852 0.0157658 0.0218931
0 0.438964 0.89633 0.00945946 0.0128783
0 0.466667 0.884095 0.00990991 0.015454
1 0.485586 0.828719 0.0144144 0.015454
1 0.443919 0.733419 0.0121622 0.0167418
1 0.461712 0.690277 0.0207207 0.0296201
0 0.493919 0.985512 0.00675676 0.00965873
1 0.476126 0.972956 0.00810811 0.0167418
0 0.386036 0.912106 0.0108108 0.0135222
0 0.361261 0.980683 0.0117117 0.00901481
0 0.406532 0.927882 0.00945946 0.015454
1 0.456982 0.883773 0.00675676 0.0083709
1 0.472748 0.870895 0.0103604 0.0122344
1 0.470721 0.903091 0.0117117 0.0212492
1 0.480856 0.899871 0.00945946 0.0173857
1 0.262387 0.36188 0.0292793 0.0450741
1 0.275225 0.374115 0.0297297 0.0412106
0 0.356982 0.00354153 0.0184685 0.00579524
0 0.313514 0.145525 0.0162162 0.0244688
0 0.310811 0.183516 0.0126126 0.0206053
0 0.381982 0.399549 0.00900901 0.0173857
0 0.320495 0.19575 0.0130631 0.0206053
1 0.342117 0.200901 0.0211712 0.0257566
0 0.331081 0.156793 0.0153153 0.0238249
0 0.340766 0.159691 0.00675676 0.0167418
0 0.346847 0.185769 0.0162162 0.0276883
0 0.351802 0.158403 0.0153153 0.0244688
1 0.359459 0.134256 0.0243243 0.0354153
0 0.375225 0.126529 0.0153153 0.0276883
0 0.336937 0.221185 0.0171171 0.0199614
0 0.324099 0.261751 0.0166667 0.0199614
0 0.316216 0.280103 0.0162162 0.0206053
0 0.347973 0.22859 0.0184685 0.0180296
0 0.367117 0.231165 0.0171171 0.0167418
0 0.384459 0.228268 0.0166667 0.0212492
0 0.393919 0.243078 0.00855856 0.0173857
1 0.356757 0.257566 0.0351351 0.0463619
0 0.348423 0.28622 0.00855856 0.0173857
0 0.366216 0.28944 0.0261261 0.037991
0 0.382883 0.252737 0.0207207 0.0315518
0 0.386036 0.280747 0.0225225 0.0309079
0 0.386712 0.307469 0.0166667 0.0264005
1 0.356306 0.317128 0.0342342 0.0418545
1 0.38018 0.332582 0.0306306 0.0315518
0 0.384234 0.368319 0.0117117 0.015454
0 0.435586 0.0157759 0.0153153 0.00965873
0 0.436261 0.029942 0.0175676 0.0315518
0 0.452703 0.0315518 0.0153153 0.0270444
0 0.486261 0.053123 0.0175676 0.0238249
0 0.44955 0.110753 0.00990991 0.0141661
0 0.460135 0.0631037 0.0103604 0.0193175
0 0.46982 0.0486156 0.0153153 0.0212492
0 0.472973 0.0724404 0.0189189 0.0276883
0 0.492342 0.0792015 0.0207207 0.0309079
0 0.519595 0.989375 0.0112613 0.0109466
1 0.592117 0.988088 0.0157658 0.022537
1 0.568694 0.953316 0.0247748 0.0354153
0 0.506306 0.906954 0.0207207 0.0328397
1 0.532207 0.877334 0.0265766 0.0315518
0 0.515991 0.89633 0.0166667 0.0270444
0 0.535586 0.902769 0.0189189 0.0244688
0 0.545495 0.892144 0.00630631 0.0160979
0 0.565766 0.80586 0.0162162 0.0238249
0 0.555631 0.792981 0.0121622 0.0186735
0 0.510811 0.792981 0.0135135 0.0186735
0 0.531757 0.77624 0.0112613 0.0135222
0 0.55991 0.749517 0.0189189 0.0193175
0 0.493468 0.602061 0.0175676 0.0270444
0 0.461486 0.477785 0.0166667 0.0218931
1 0.526126 0.479395 0.0207207 0.0186735
0 0.57027 0.490985 0.0216216 0.0264005
0 0.578604 0.44076 0.0157658 0.0251127
0 0.554279 0.419833 0.0121622 0.00901481
0 0.421171 0.262073 0.0162162 0.015454
0 0.417342 0.270444 0.0112613 0.0115905
1 0.421171 0.281069 0.0153153 0.0238249
0 0.423874 0.313265 0.0126126 0.0199614
0 0.459685 0.430457 0.0166667 0.022537
1 0.466441 0.451384 0.013964 0.0244688
1 0.453153 0.384739 0.00810811 0.0199614
1 0.436036 0.292015 0.0288288 0.0405666
0 0.456306 0.292981 0.00990991 0.0218931
0 0.439189 0.316484 0.0207207 0.0199614
0 0.454054 0.341275 0.0153153 0.0206053
0 0.443694 0.335158 0.0189189 0.0276883
1 0.466892 0.297167 0.0247748 0.0418545
0 0.488063 0.310367 0.0184685 0.0347714
0 0.506982 0.352543 0.0184685 0.0264005
0 0.489414 0.39311 0.0130631 0.0186735
0 0.505405 0.406954 0.0126126 0.0283323
1 0.52455 0.395042 0.0175676 0.0251127
0 0.533784 0.404701 0.0126126 0.0135222
1 0.486261 0.355763 0.0247748 0.0392788
0 0.463514 0.354475 0.0171171 0.022537
0 0.561036 0.269156 0.0166667 0.0206053
1 0.578829 0.306825 0.0225225 0.0354153
1 0.581757 0.337733 0.00765766 0.0199614
1 0.596847 0.341597 0.0252252 0.0328397
1 0.533333 0.36188 0.0243243 0.0399227
0 0.548423 0.380232 0.0202703 0.0315518
0 0.600225 0.400837 0.0166667 0.022537
0 0.617117 0.357373 0.0153153 0.0231809
1 0.634234 0.392144 0.0261261 0.0347714
0 0.649099 0.403735 0.0117117 0.0115905
0 0.641667 0.418867 0.013964 0.0186735
0 0.638964 0.448165 0.0184685 0.0231809
0 0.651577 0.470058 0.0175676 0.0283323
0 0.662387 0.429169 0.0166667 0.0212492
1 0.674324 0.427238 0.0117117 0.0186735
1 0.699099 0.396974 0.0144144 0.0315518
1 0.690991 0.415003 0.0234234 0.0328397
1 0.681532 0.438828 0.0189189 0.0276883
0 0.669144 0.448487 0.0121622 0.0238249
1 0.710135 0.489053 0.0238739 0.0392788
0 0.695946 0.531552 0.0162162 0.030264
1 0.707432 0.43915 0.0238739 0.0424984
0 0.667342 0.0421764 0.00945946 0.01481
0 0.715766 0.0460399 0.0117117 0.0199614
0 0.669369 0.0540889 0.0135135 0.0103026
0 0.662613 0.204121 0.00990991 0.0141661
0 0.68536 0.163554 0.00855856 0.0128783
0 0.711486 0.528332 0.0220721 0.0367032
0 0.709685 0.572762 0.0157658 0.022537
0 0.722748 0.581133 0.00945946 0.0135222
0 0.746171 0.567611 0.0148649 0.0199614
0 0.67545 0.607856 0.0220721 0.0296201
1 0.703829 0.612363 0.0301802 0.0360592
0 0.735135 0.609144 0.0144144 0.0218931
0 0.756306 0.678364 0.0261261 0.0354153
0 0.580856 0.665808 0.0130631 0.0180296
1 0.871847 0.037669 0.013964 0.0186735
0 0.869144 0.0566645 0.00945946 0.0115905
1 0.844369 0.0753381 0.0103604 0.0180296
0 0.771396 0.083387 0.0130631 0.0160979
1 0.777928 0.163876 0.0144144 0.0199614
0 0.762838 0.037991 0.00765766 0.0115905
0 0.74009 0.068255 0.0108108 0.015454
0 0.765991 0.0563426 0.0121622 0.0160979
0 0.776577 0.0598841 0.00900901 0.0128783
0 0.793919 0.546684 0.0238739 0.0373471
0 0.834009 0.54443 0.0157658 0.0212492
0 0.846622 0.543786 0.00945946 0.01481
0 0.863739 0.565035 0.0103604 0.0199614
0 0.847973 0.573084 0.0130631 0.0128783
0 0.827477 0.595299 0.0108108 0.01481
0 0.788063 0.57405 0.0175676 0.022537
1 0.686937 0.653574 0.0279279 0.0399227
1 0.670495 0.656793 0.013964 0.0296201
0 0.788063 0.913715 0.0112613 0.0193175
0 0.737613 0.990663 0.0130631 0.0186735
0 0.724775 0.986478 0.0108108 0.015454
0 0.717568 0.996137 0.00900901 0.00643915
0 0.761937 0.917257 0.0121622 0.0160979
0 0.770495 0.906632 0.00855856 0.0128783
0 0.780631 0.892788 0.0117117 0.01481
1 0.785586 0.851256 0.0135135 0.0218931
0 0.787162 0.828719 0.0130631 0.0167418
0 0.743468 0.838699 0.0184685 0.022537
0 0.743468 0.854153 0.013964 0.01481
0 0.611036 0.982614 0.0220721 0.0257566
0 0.602252 0.903091 0.0108108 0.0109466
0 0.588288 0.943979 0.0162162 0.0231809
0 0.599099 0.960077 0.018018 0.0244688
0 0.613739 0.953316 0.0184685 0.0289762
0 0.619595 0.904701 0.0148649 0.0206053
1 0.63018 0.872183 0.0234234 0.0328397
0 0.668018 0.858661 0.0171171 0.0251127
0 0.608559 0.922086 0.0216216 0.0347714
0 0.631982 0.943014 0.018018 0.030264
0 0.630405 0.975209 0.0202703 0.030264
1 0.678378 0.871217 0.0243243 0.0399227
0 0.700225 0.87508 0.0112613 0.0218931
0 0.627252 0.659047 0.0175676 0.0264005
0 0.637838 0.690599 0.0171171 0.0212492
0 0.660811 0.705731 0.0117117 0.0167418
0 0.648198 0.732775 0.0144144 0.0218931
0 0.656306 0.747263 0.0126126 0.0199614
1 0.671622 0.757888 0.0279279 0.0373471
1 0.725225 0.764971 0.0162162 0.0270444
1 0.687162 0.78461 0.0292793 0.0392788
0 0.662613 0.779137 0.0198198 0.0244688
0 0.635135 0.836768 0.0162162 0.0238249
0 0.624099 0.840631 0.0103604 0.0276883
0 0.670495 0.807147 0.0166667 0.0289762
0 0.668018 0.830972 0.0171171 0.0212492
0 0.699775 0.800708 0.0202703 0.0276883
0 0.7 0.75982 0.0117117 0.0180296
0 0.713063 0.775596 0.018018 0.0276883
0 0.680631 0.735029 0.0126126 0.01481
0 0.688964 0.747585 0.00945946 0.0141661
0 0.698649 0.738249 0.0171171 0.0186735
0 0.718919 0.826787 0.0117117 0.0206053
0 0.713063 0.657115 0.0153153 0.022537
0 0.892793 0.195106 0.00900901 0.0141661
1 0.987613 0.272698 0.0112613 0.0173857
0 0.975676 0.296845 0.0144144 0.0193175
1 0.909459 0.776561 0.0135135 0.015454
1 0.948423 0.727624 0.0274775 0.0373471
0 0.918919 0.718287 0.0279279 0.0392788
1 0.828829 0.714746 0.0189189 0.0218931
0 0.793919 0.719897 0.0157658 0.0193175
0 0.811036 0.734385 0.0130631 0.0160979
0 0.826802 0.729878 0.013964 0.0186735
0 0.843694 0.745332 0.0117117 0.0186735
1 0.840991 0.769478 0.0171171 0.0218931
0 0.817117 0.749195 0.0117117 0.01481
0 0.831532 0.738892 0.0108108 0.0160979
1 0.886486 0.641017 0.0315315 0.0418545
0 0.909009 0.636188 0.0144144 0.0231809
0 0.919144 0.646169 0.0265766 0.0392788
1 0.847072 0.595943 0.0247748 0.0354153
0 0.941216 0.679652 0.0184685 0.0251127
0 0.930856 0.693818 0.0184685 0.022537
0 0.818468 0.613651 0.0225225 0.0334836
0 0.0657658 0.0264005 0.0162162 0.0206053
0 0.0128378 0.245976 0.00585586 0.00901481
1 0.0995495 0.62331 0.0252252 0.0334836
1 0.362613 0.957824 0.0117117 0.0083709
1 0.374324 0.979073 0.00900901 0.00965873
1 0.386261 0.941404 0.0103604 0.0141661
0 0.583559 0.916291 0.0121622 0.0193175
0 0.691892 0.442692 0.00810811 0.022537
0 0.707432 0.754024 0.013964 0.0167418
0 0.827928 0.558918 0.0117117 0.0115905
0 0.0373874 0.127817 0.00900901 0.0212492
0 0.932432 0.00515132 0.0135135 0.00901481
0 0.962162 0.249195 0.0144144 0.0193175
0 0.981306 0.275918 0.0103604 0.0122344
1 0.807432 0.179008 0.013964 0.0206053
0 0.806532 0.58725 0.0184685 0.015454
0 0.786036 0.764005 0.00990991 0.0173857
1 0.50045 0.975209 0.0126126 0.0212492
1 0.577252 0.425628 0.00945946 0.00772698
0 0.565315 0.452672 0.0117117 0.015454
1 0.546396 0.268191 0.0126126 0.01481
1 0.538063 0.28622 0.00855856 0.01481
1 0.411036 0.303606 0.00855856 0.0109466
0 0.468243 0.325177 0.0148649 0.0141661
0 0.66036 0.0444301 0.00630631 0.0141661
0 0.758559 0.0473278 0.00810811 0.0122344
