0 0.55708 0.0436137 0.0406147 0.0498442
0 0.46213 0.0630841 0.0439078 0.0607477
0 0.526345 0.133178 0.0340285 0.0264798
1 0.456092 0.160436 0.0472009 0.0685358
1 0.524698 0.238318 0.0482986 0.05919
0 0.570252 0.280374 0.025247 0.046729
0 0.577936 0.239097 0.0362239 0.0514019
0 0.455543 0.311526 0.0307355 0.0498442
0 0.425357 0.366822 0.0318332 0.0451713
1 0.313392 0.38785 0.0340285 0.0498442
0 0.285401 0.419003 0.0373216 0.0529595
1 0.244786 0.438474 0.0548847 0.076324
1 0.193743 0.437695 0.0515917 0.0903427
1 0.229967 0.524922 0.0625686 0.0841121
1 0.203074 0.567757 0.050494 0.0732087
0 0.236553 0.601246 0.0406147 0.0623053
1 0.262898 0.633956 0.053787 0.0809969
0 0.157519 0.511682 0.0406147 0.0607477
1 0.159166 0.645639 0.0570801 0.0576324
1 0.116356 0.669782 0.0526894 0.0654206
1 0.071899 0.663551 0.0493963 0.0747664
0 0.082876 0.61215 0.0384193 0.0560748
0 0.422613 0.510125 0.0329308 0.0482866
0 0.532931 0.422118 0.0318332 0.0498442
1 0.575741 0.380841 0.0428101 0.0638629
0 0.641054 0.366044 0.0351262 0.046729
1 0.453348 0.779595 0.0702525 0.0825545
1 0.446213 0.795171 0.0625686 0.0825545
1 0.515917 0.849688 0.0482986 0.0700935
1 0.53787 0.911215 0.0329308 0.0560748
1 0.621844 0.948598 0.0450055 0.0654206
0 0.66191 0.820093 0.0285401 0.0389408
0 0.732162 0.73053 0.0417124 0.0529595
0 0.827662 0.759346 0.0263447 0.0327103
1 0.812294 0.376947 0.039517 0.0560748
1 0.7618 0.359034 0.0241493 0.0358255
0 0.79034 0.345794 0.0373216 0.046729
1 0.755214 0.187695 0.050494 0.0669782
1 0.785401 0.161215 0.0428101 0.0732087
1 0.739846 0.0903427 0.0285401 0.05919
1 0.970911 0.0194704 0.0472009 0.0358255
0 0.644896 0.847352 0.0493963 0.0685358
0 0.263447 0.67757 0.0373216 0.0373832
0 0.236004 0.859813 0.0263447 0.0498442
