1 0.0539957 0.642272 0.0345572 0.062436
1 0.0782937 0.620778 0.0269978 0.062436
0 0.0321274 0.637155 0.0221382 0.0481064
1 0.0518359 0.599795 0.0302376 0.0348004
0 0.12905 0.256909 0.0291577 0.0552712
0 0.160367 0.270215 0.0194384 0.0368475
1 0.166577 0.283009 0.0307775 0.0542477
0 0.166847 0.233367 0.024838 0.0450358
0 0.140119 0.199079 0.0286177 0.0542477
1 0.227052 0.299386 0.0350972 0.0562948
1 0.302916 0.68782 0.0313175 0.0470829
0 0.320734 0.66172 0.0215983 0.0399181
1 0.329104 0.640225 0.0307775 0.0481064
0 0.352052 0.654043 0.0205184 0.0450358
0 0.326404 0.57523 0.0307775 0.0593654
1 0.323434 0.562436 0.0367171 0.0542477
1 0.317225 0.524053 0.0318575 0.0532242
0 0.329644 0.499488 0.0286177 0.0532242
1 0.333423 0.461105 0.0318575 0.062436
1 0.306156 0.507677 0.0194384 0.04913
0 0.311555 0.200102 0.0280778 0.0603889
1 0.353402 0.861822 0.0296976 0.0511771
1 0.359881 0.594678 0.0350972 0.0532242
0 0.407937 0.262538 0.0188985 0.035824
1 0.507559 0.751279 0.0226782 0.0409417
0 0.520788 0.725179 0.0210583 0.0440123
0 0.50621 0.718014 0.0156587 0.0276356
0 0.554536 0.85261 0.0183585 0.0266121
1 0.62176 0.0562948 0.0242981 0.0429887
1 0.62095 0.0997953 0.0237581 0.0399181
0 0.603942 0.0997953 0.0167387 0.035824
1 0.62149 0.149437 0.0237581 0.0450358
1 0.599622 0.160184 0.0199784 0.0419652
1 0.967063 0.484135 0.0291577 0.0532242
1 0.952484 0.4652 0.0280778 0.0419652
1 0.963823 0.553736 0.0302376 0.0470829
0 0.793467 0.324974 0.0199784 0.0337769
0 0.829914 0.343398 0.0215983 0.0399181
1 0.810205 0.36131 0.0307775 0.0532242
1 0.782127 0.365916 0.0286177 0.0522006
0 0.798866 0.449846 0.025378 0.0419652
1 0.802376 0.4913 0.024838 0.0450358
0 0.821814 0.488741 0.024838 0.0460594
1 0.831263 0.505629 0.0318575 0.0532242
1 0.715983 0.0757421 0.011879 0.0307062
1 0.732181 0.11259 0.0259179 0.0348004
