0 0.192261 0.0177534 0.0153164 0.0213041
0 0.0245869 0.0897353 0.012898 0.0206585
0 0.0725514 0.174306 0.0137042 0.0193673
0 0.076582 0.123951 0.0112858 0.0154939
0 0.079605 0.193028 0.012495 0.0219496
0 0.0967352 0.153648 0.0137042 0.0142027
0 0.0777912 0.364429 0.0185409 0.0303422
0 0.0505844 0.4306 0.0173317 0.0296966
1 0.0532044 0.453196 0.0217654 0.0271143
0 0.0268037 0.482569 0.0149133 0.0238864
0 0.0175333 0.500646 0.018944 0.0238864
0 0.108021 0.352808 0.012898 0.0251775
0 0.12233 0.359587 0.018944 0.0271143
0 0.114067 0.378954 0.0145103 0.0180762
0 0.111447 0.481924 0.012495 0.0225952
0 0.102378 0.505487 0.0153164 0.024532
0 0.0916969 0.518722 0.0149133 0.0251775
0 0.0898831 0.547773 0.0161225 0.0277598
0 0.130391 0.472886 0.0157195 0.0264687
0 0.120113 0.529697 0.0145103 0.0251775
0 0.137646 0.490639 0.0141072 0.0219496
0 0.11185 0.548096 0.0157195 0.0258231
0 0.0685208 0.571014 0.0161225 0.0225952
0 0.057235 0.587153 0.00967352 0.0225952
0 0.0669085 0.598128 0.0185409 0.0277598
0 0.150343 0.658167 0.0185409 0.0251775
0 0.103789 0.625242 0.0141072 0.0225952
1 0.14873 0.695933 0.0185409 0.0322789
1 0.157195 0.742737 0.0137042 0.0277598
0 0.172713 0.853777 0.0141072 0.0225952
0 0.205159 0.915752 0.0153164 0.0277598
0 0.231157 0.766301 0.018944 0.0296966
0 0.252318 0.783731 0.0185409 0.0284054
0 0.295042 0.777276 0.0201532 0.0284054
0 0.291818 0.805036 0.0185409 0.0258231
1 0.156792 0.0990962 0.0201532 0.0277598
0 0.181378 0.0855391 0.0112858 0.0251775
0 0.192866 0.0881214 0.00927046 0.0225952
0 0.188029 0.0622983 0.0173317 0.0251775
0 0.169891 0.0755326 0.0197501 0.0284054
0 0.169287 0.240801 0.0120919 0.0193673
0 0.151149 0.264041 0.0177348 0.0296966
0 0.187626 0.254358 0.0165256 0.0258231
0 0.201532 0.275662 0.0217654 0.0309877
0 0.211608 0.29277 0.0145103 0.0264687
0 0.23156 0.280826 0.0141072 0.0193673
0 0.22108 0.307295 0.0141072 0.0206585
1 0.252519 0.330213 0.00927046 0.0161394
0 0.232568 0.331181 0.019347 0.0322789
0 0.280129 0.344093 0.0145103 0.024532
0 0.268642 0.377017 0.0165256 0.0284054
0 0.203144 0.335055 0.0169287 0.0258231
1 0.288392 0.37734 0.0221685 0.0355068
0 0.205764 0.367657 0.0197501 0.0316333
1 0.223499 0.354422 0.0133011 0.0219496
0 0.19609 0.372498 0.012495 0.0322789
1 0.183998 0.392189 0.0197501 0.0303422
0 0.17896 0.423499 0.0104796 0.024532
0 0.193672 0.422853 0.0181378 0.0348612
0 0.170899 0.968044 0.0120919 0.0213041
1 0.17896 0.981601 0.0217654 0.0303422
0 0.195687 0.98031 0.0133011 0.0238864
0 0.309754 0.901872 0.0141072 0.024532
0 0.522773 0.933505 0.012898 0.0206585
0 0.526199 0.911879 0.0157195 0.0277598
1 0.597743 0.985474 0.0225715 0.0264687
0 0.663845 0.964816 0.0169287 0.0251775
0 0.46312 0.791478 0.012898 0.024532
0 0.458888 0.760491 0.0181378 0.0296966
0 0.490528 0.720788 0.0112858 0.0135571
0 0.492543 0.773725 0.00967352 0.0174306
0 0.493349 0.738541 0.0137042 0.0219496
1 0.543732 0.807941 0.0185409 0.029051
1 0.554414 0.831504 0.0245869 0.0309877
0 0.250705 0.126533 0.0145103 0.0206585
0 0.254938 0.145901 0.0181378 0.0258231
0 0.24869 0.101356 0.0201532 0.0284054
0 0.240427 0.151388 0.0133011 0.0238864
1 0.273478 0.142673 0.0205562 0.0296966
1 0.26844 0.171078 0.0217654 0.0284054
1 0.291213 0.171724 0.0237807 0.03357
1 0.291818 0.205939 0.0241838 0.03357
1 0.268843 0.202389 0.0225715 0.0367979
1 0.357517 0.277276 0.0112858 0.0187218
0 0.384321 0.209813 0.0173317 0.0284054
0 0.40266 0.222402 0.00967352 0.0161394
0 0.404474 0.188832 0.0149133 0.0251775
1 0.408505 0.198838 0.012495 0.0206585
0 0.385328 0.187218 0.0185409 0.0206585
0 0.406892 0.155261 0.0141072 0.0225952
0 0.393994 0.126856 0.0141072 0.0264687
0 0.383515 0.155261 0.0157195 0.0213041
0 0.374647 0.097805 0.012495 0.0161394
0 0.358928 0.108134 0.0108827 0.0187218
0 0.195284 0.4745 0.0157195 0.0206585
0 0.26582 0.492899 0.0165256 0.0251775
0 0.274285 0.508715 0.0133011 0.0142027
0 0.273075 0.523886 0.0173317 0.0251775
0 0.212817 0.518722 0.012898 0.0264687
0 0.202338 0.529697 0.0201532 0.0277598
0 0.199919 0.560039 0.019347 0.0264687
0 0.256751 0.542608 0.0104796 0.0251775
0 0.269448 0.546804 0.0157195 0.0219496
0 0.275494 0.632343 0.0237807 0.0316333
0 0.290407 0.643641 0.012495 0.0258231
0 0.2632 0.647515 0.0112858 0.0180762
0 0.279121 0.659135 0.0149133 0.0180762
0 0.265417 0.676243 0.0157195 0.0251775
0 0.539097 0.224984 0.0157195 0.0251775
0 0.540306 0.260168 0.0173317 0.0296966
0 0.621725 0.272111 0.012495 0.0174306
1 0.631802 0.26275 0.0173317 0.0219496
0 0.617694 0.299225 0.0157195 0.0251775
1 0.592503 0.358618 0.0201532 0.0251775
0 0.519549 0.492576 0.00967352 0.016785
0 0.534865 0.496449 0.0201532 0.0296966
0 0.536074 0.528083 0.0201532 0.0284054
0 0.577993 0.564881 0.012898 0.0219496
1 0.600564 0.506779 0.0209593 0.0258231
0 0.715639 0.360555 0.0149133 0.0264687
0 0.716243 0.325694 0.012898 0.0200129
0 0.703547 0.351517 0.0116888 0.0213041
0 0.656187 0.668496 0.0161225 0.0277598
0 0.66707 0.678179 0.0112858 0.0225952
1 0.677348 0.702066 0.0229746 0.0342156
1 0.654776 0.701743 0.0197501 0.0322789
0 0.661427 0.75113 0.0145103 0.0200129
0 0.714833 0.774693 0.012495 0.0206585
0 0.725514 0.777598 0.00967352 0.0200129
0 0.736397 0.76856 0.0104796 0.0174306
0 0.742644 0.758877 0.012495 0.0251775
0 0.733374 0.783409 0.0133011 0.0161394
0 0.705562 0.816979 0.0173317 0.0225952
0 0.719065 0.843447 0.00967352 0.0161394
0 0.729141 0.84377 0.0112858 0.0206585
0 0.737606 0.84377 0.00806127 0.0193673
0 0.741636 0.935119 0.0201532 0.029051
0 0.729746 0.672369 0.0141072 0.0213041
1 0.793229 0.749839 0.012898 0.0174306
1 0.652761 0.123951 0.0157195 0.0206585
1 0.668077 0.130084 0.0165256 0.0225952
0 0.694075 0.103615 0.0161225 0.0238864
1 0.698912 0.12621 0.0185409 0.0251775
1 0.718259 0.119109 0.0209593 0.0303422
0 0.697501 0.166559 0.0141072 0.016785
0 0.915155 0.397999 0.0173317 0.0264687
0 0.898831 0.395739 0.0145103 0.0219496
0 0.753124 0.552615 0.0133011 0.0232408
0 0.769649 0.562298 0.0100766 0.024532
0 0.779927 0.564558 0.0185409 0.0264687
0 0.794639 0.577792 0.012495 0.0219496
0 0.785772 0.590381 0.0197501 0.0329245
0 0.856913 0.700129 0.0161225 0.0264687
0 0.855905 0.809555 0.0165256 0.024532
0 0.80653 0.935119 0.0169287 0.0277598
0 0.823861 0.947385 0.0185409 0.0251775
0 0.785973 0.986443 0.0217654 0.024532
1 0.862958 0.9745 0.0201532 0.0251775
0 0.8684 0.959974 0.0133011 0.0142027
0 0.92503 0.964816 0.0217654 0.0303422
0 0.95264 0.916398 0.0157195 0.0213041
0 0.90266 0.929309 0.0181378 0.0277598
1 0.947199 0.884119 0.0233777 0.0316333
1 0.910721 0.851517 0.0141072 0.0258231
1 0.876461 0.84603 0.0157195 0.0264687
0 0.893591 0.772111 0.0274083 0.03357
0 0.946796 0.818593 0.0217654 0.0309877
1 0.957275 0.702389 0.0185409 0.0284054
0 0.94075 0.68399 0.0177348 0.0251775
0 0.922612 0.725629 0.0169287 0.0232408
1 0.800484 0.825694 0.0145103 0.0206585
0 0.95526 0.419948 0.0120919 0.0200129
0 0.968561 0.414461 0.0120919 0.0219496
0 0.736598 0.204003 0.0108827 0.0206585
0 0.16969 0.420594 0.0153164 0.0303422
0 0.155381 0.421885 0.0108827 0.0187218
1 0.184401 0.270174 0.0157195 0.029051
0 0.0751713 0.566172 0.012495 0.0206585
0 0.306933 0.176888 0.0133011 0.0232408
0 0.930069 0.820529 0.0116888 0.0232408
0 0.0580411 0.765978 0.0177348 0.0251775
0 0.835752 0.990639 0.0076582 0.0187218
0 0.211004 0.0613299 0.0141072 0.0219496
0 0.142886 0.248547 0.0116888 0.016785
1 0.621524 0.122337 0.00725514 0.00839251
1 0.712817 0.00839251 0.00846433 0.0142027
0 0.812576 0.617495 0.0120919 0.0161394
0 0.626965 0.997095 0.012495 0.0058102
