1 0.0403611 0.224586 0.0276155 0.0394011
0 0.00504514 0.242317 0.00902815 0.0323089
0 0.0345194 0.291174 0.0244291 0.037037
1 0.0504514 0.315603 0.0254912 0.0323089
0 0.282528 0.328999 0.0308019 0.0417652
0 0.346256 0.314027 0.0254912 0.0307329
0 0.0584174 0.347912 0.0180563 0.0212766
0 0.0419543 0.331757 0.0138078 0.0236407
1 0.0517791 0.3684 0.0292087 0.037037
1 0.0560276 0.417652 0.0228359 0.036249
0 0.075146 0.409771 0.0185874 0.0330969
0 0.098513 0.4145 0.0132767 0.0204886
0 0.0902815 0.419622 0.0138078 0.0212766
0 0.104355 0.440504 0.0185874 0.0299448
0 0.125066 0.462569 0.0175252 0.0267928
0 0.114976 0.484634 0.0207116 0.0315209
0 0.0724907 0.442474 0.0175252 0.0244287
0 0.0841742 0.439322 0.0132767 0.0307329
0 0.0886883 0.461387 0.0244291 0.0291568
0 0.0921402 0.481875 0.0164631 0.0165485
1 0.0685077 0.51379 0.023367 0.0330969
0 0.0342539 0.611899 0.0175252 0.0260047
0 0.0414233 0.588652 0.0191184 0.0315209
0 0.0252257 0.77502 0.0217738 0.0212766
0 0.0116835 0.809693 0.0223048 0.0212766
0 0.0345194 0.832151 0.0191184 0.0299448
1 0.0334572 0.710402 0.0329262 0.037037
1 0.031864 0.748621 0.031864 0.0378251
1 0.0369092 0.793538 0.0270844 0.0394011
1 0.0143388 0.837667 0.0276155 0.0457053
0 0.104886 0.91647 0.0185874 0.0157604
0 0.104886 0.93814 0.0249602 0.0338849
0 0.0894849 0.970449 0.0249602 0.0386131
0 0.57966 0.377069 0.0207116 0.0291568
0 0.578332 0.414106 0.0223048 0.0260047
0 0.577801 0.436958 0.0254912 0.0323089
0 0.290759 0.603231 0.0164631 0.0275808
0 0.276952 0.63948 0.0143388 0.0433412
0 0.318906 0.737589 0.0249602 0.0189125
0 0.287839 0.756107 0.00955921 0.0165485
0 0.344132 0.745469 0.0201806 0.0299448
0 0.349708 0.759653 0.0249602 0.036249
0 0.280404 0.790386 0.0191184 0.0204886
0 0.265799 0.827817 0.0207116 0.0323089
0 0.276421 0.821513 0.0164631 0.035461
0 0.282528 0.704492 0.0169942 0.0283688
0 0.377854 0.79472 0.0207116 0.0307329
0 0.382103 0.914894 0.0196495 0.034673
0 0.402815 0.780142 0.0185874 0.0189125
0 0.400956 0.804571 0.0212427 0.0315209
0 0.424323 0.796296 0.023367 0.035461
0 0.604886 0.0267928 0.0265534 0.0330969
0 0.605682 0.0685579 0.0260223 0.034673
1 0.630377 0.0417652 0.0244291 0.0394011
1 0.587626 0.072498 0.023898 0.0394011
0 0.645778 0.103625 0.0191184 0.0323089
0 0.688263 0.142632 0.0201806 0.0283688
0 0.854488 0.0311269 0.0212427 0.037037
1 0.799257 0.131994 0.0286776 0.0291568
0 0.751726 0.173365 0.0207116 0.0299448
0 0.764206 0.1974 0.023367 0.0323089
0 0.764472 0.240741 0.0217738 0.037037
0 0.744557 0.35658 0.0201806 0.035461
1 0.729421 0.348306 0.0122146 0.0157604
0 0.981944 0.247045 0.0169942 0.0307329
1 0.899628 0.243893 0.015932 0.0338849
0 0.857674 0.568952 0.0254912 0.036249
0 0.906798 0.582348 0.0249602 0.034673
0 0.924588 0.568558 0.0191184 0.0260047
0 0.924057 0.539401 0.0223048 0.0323089
0 0.955921 0.535461 0.0180563 0.0228526
0 0.966277 0.51576 0.023898 0.0307329
0 0.979288 0.594169 0.0212427 0.0267928
0 0.965746 0.548857 0.0217738 0.0307329
0 0.74615 0.849488 0.023367 0.0315209
0 0.73128 0.885737 0.0180563 0.0283688
0 0.753585 0.885737 0.0180563 0.0330969
0 0.74137 0.904649 0.0191184 0.0220646
0 0.600106 0.448385 0.0191184 0.0378251
0 0.581519 0.466903 0.0276155 0.0212766
0 0.633298 0.44602 0.023898 0.0283688
1 0.58975 0.502364 0.0334572 0.0527975
1 0.612055 0.496454 0.0185874 0.0472813
1 0.631439 0.493696 0.0371747 0.0417652
0 0.580191 0.529945 0.0292087 0.037037
0 0.558683 0.541765 0.0265534 0.0338849
0 0.567977 0.580772 0.0196495 0.0204886
0 0.602762 0.605201 0.0286776 0.0409771
0 0.618428 0.633964 0.0185874 0.0275808
0 0.596389 0.642632 0.023367 0.0323089
0 0.614976 0.661939 0.0276155 0.0283688
0 0.569039 0.646966 0.023898 0.036249
0 0.554965 0.672971 0.0286776 0.0394011
0 0.608072 0.695429 0.0223048 0.035461
0 0.584174 0.70331 0.0286776 0.0307329
0 0.65932 0.721828 0.0122146 0.0204886
1 0.643654 0.808511 0.0276155 0.0472813
0 0.634095 0.842396 0.0244291 0.034673
0 0.429102 0.752167 0.023367 0.0323089
0 0.459373 0.729314 0.0254912 0.035461
0 0.447424 0.812845 0.0207116 0.0323089
0 0.457249 0.793538 0.0201806 0.0315209
0 0.519118 0.844366 0.0175252 0.0244287
0 0.526022 0.87234 0.0207116 0.0299448
0 0.540361 0.909377 0.0122146 0.0236407
0 0.458311 0.885343 0.0223048 0.0338849
0 0.474509 0.908589 0.0249602 0.036249
0 0.468933 0.948779 0.023367 0.0394011
1 0.432289 0.909771 0.0286776 0.0401891
0 0.444238 0.932624 0.0270844 0.035461
0 0.445831 0.970449 0.023898 0.037037
0 0.516463 0.897951 0.0217738 0.0323089
0 0.334838 0.262411 0.0175252 0.0204886
0 0.188263 0.665485 0.0164631 0.0165485
0 0.201009 0.680851 0.0143388 0.0204886
0 0.183484 0.689125 0.015401 0.0228526
1 0.20871 0.695429 0.0191184 0.0260047
0 0.194371 0.708826 0.0212427 0.0260047
1 0.612055 0.819543 0.0143388 0.0236407
0 0.43282 0.967691 0.00849708 0.0299448
1 0.868561 0.251379 0.0132767 0.0204886
0 0.759692 0.288022 0.015401 0.0260047
