1 0.170862 0.117209 0.210526 0.12186
1 0.203661 0.262558 0.170862 0.126047
1 0.373379 0.233256 0.218917 0.117674
1 0.613272 0.344186 0.166285 0.134884
1 0.491609 0.361395 0.235698 0.110698
0 0.270404 0.364651 0.205187 0.113488
1 0.143021 0.441628 0.205187 0.149302
1 0.299771 0.537907 0.236461 0.120465
1 0.31045 0.469767 0.135774 0.027907
1 0.493135 0.47814 0.237223 0.117209
1 0.572082 0.507442 0.138825 0.0604651
1 0.606789 0.586744 0.220442 0.109302
1 0.405416 0.644186 0.170099 0.127442
1 0.290999 0.743256 0.205187 0.141395
1 0.474828 0.79 0.221968 0.124186
1 0.493516 0.886047 0.20595 0.114419
1 0.785278 0.672326 0.215866 0.157674
1 0.674676 0.691628 0.14569 0.132093
1 0.0423341 0.472558 0.0556827 0.0353488
1 0.473303 0.064186 0.0846682 0.0548837
1 0.710145 0.12 0.0915332 0.0446512
1 0.75286 0.0830233 0.0533944 0.0330233
1 0.507628 0.0274419 0.0389016 0.0409302
1 0.690694 0.882326 0.0633105 0.0316279
1 0.0964912 0.654884 0.0663616 0.0381395
1 0.025553 0.555814 0.0480549 0.0334884
