0 0.144482 0.0584906 0.0159272 0.0264151
0 0.192264 0.24434 0.0341297 0.0584906
1 0.152446 0.218868 0.0523322 0.0754717
1 0.167804 0.273585 0.0489192 0.0792453
0 0.107509 0.25566 0.0375427 0.0396226
1 0.10694 0.29717 0.0409556 0.0698113
1 0.112059 0.340566 0.0489192 0.0698113
0 0.0443686 0.292453 0.0295791 0.0490566
0 0.0722412 0.313208 0.032992 0.0641509
0 0.0182025 0.310377 0.0273038 0.0433962
0 0.337315 0.369811 0.039818 0.0528302
0 0.327076 0.417925 0.0420933 0.0660377
0 0.356086 0.643396 0.0295791 0.0528302
0 0.32992 0.7 0.0227531 0.0415094
0 0.317975 0.739623 0.0284414 0.045283
0 0.370876 0.693396 0.0295791 0.0509434
0 0.401593 0.572642 0.0295791 0.0471698
0 0.418658 0.624528 0.0250284 0.0415094
0 0.428896 0.701887 0.0341297 0.0528302
0 0.422639 0.680189 0.0375427 0.0622642
0 0.44653 0.658491 0.0284414 0.0301887
0 0.469283 0.633962 0.0284414 0.0377358
0 0.482935 0.686792 0.039818 0.0641509
0 0.453925 0.716981 0.0204778 0.0377358
0 0.422639 0.738679 0.0307167 0.0471698
0 0.467008 0.738679 0.0375427 0.0660377
0 0.494312 0.754717 0.0238908 0.0566038
0 0.515927 0.766981 0.0261661 0.0584906
0 0.526166 0.828302 0.0261661 0.045283
0 0.501138 0.811321 0.0193402 0.0339623
0 0.569397 0.867925 0.0420933 0.0867925
1 0.469283 0.788679 0.0466439 0.0641509
0 0.426621 0.796226 0.0386803 0.0603774
0 0.477247 0.836792 0.0466439 0.0698113
0 0.505119 0.853774 0.0159272 0.0396226
1 0.49033 0.910377 0.0432309 0.0811321
0 0.464733 0.90283 0.039818 0.0622642
1 0.472696 0.968868 0.0489192 0.0622642
0 0.650739 0.793396 0.0295791 0.0471698
0 0.662685 0.841509 0.0307167 0.0490566
0 0.704209 0.831132 0.0273038 0.0433962
0 0.687144 0.839623 0.0182025 0.0528302
0 0.720137 0.873585 0.0318544 0.0603774
0 0.733788 0.932075 0.0295791 0.0490566
0 0.69909 0.90283 0.0261661 0.0433962
0 0.790671 0.775472 0.036405 0.0641509
0 0.879977 0.303774 0.0466439 0.0792453
0 0.837884 0.291509 0.0352673 0.0584906
1 0.856086 0.367925 0.0534699 0.0830189
0 0.759954 0.333019 0.036405 0.0622642
0 0.680319 0.267925 0.0409556 0.0603774
0 0.655859 0.354717 0.0420933 0.0679245
0 0.934585 0.300943 0.0193402 0.0433962
0 0.831058 0.690566 0.0284414 0.0490566
0 0.845848 0.640566 0.0307167 0.0509434
0 0.809443 0.634906 0.0375427 0.0622642
0 0.788396 0.592453 0.036405 0.0566038
0 0.776451 0.656604 0.0307167 0.0528302
0 0.754835 0.665094 0.0284414 0.0622642
0 0.709329 0.614151 0.0375427 0.0698113
0 0.736064 0.654717 0.0227531 0.0641509
0 0.714448 0.660377 0.0250284 0.0415094
0 0.745165 0.583019 0.0500569 0.0830189
0 0.577929 0.49434 0.0409556 0.0754717
0 0.602958 0.461321 0.036405 0.0622642
0 0.651308 0.512264 0.0375427 0.0584906
0 0.650739 0.576415 0.0341297 0.0509434
1 0.662685 0.626415 0.0307167 0.0716981
0 0.639363 0.625472 0.0341297 0.0509434
0 0.594425 0.0584906 0.0443686 0.0641509
0 0.578498 0.109434 0.0489192 0.0754717
0 0.523322 0.146226 0.0477816 0.0735849
0 0.535836 0.231132 0.0341297 0.0509434
0 0.567122 0.263208 0.0307167 0.0509434
0 0.458476 0.301887 0.0295791 0.0415094
0 0.482935 0.261321 0.0261661 0.0207547
0 0.496018 0.279245 0.0295791 0.0301887
0 0.458476 0.283019 0.0386803 0.0528302
0 0.490899 0.309434 0.0352673 0.0566038
0 0.519909 0.335849 0.0273038 0.0490566
0 0.533561 0.291509 0.0409556 0.0698113
0 0.554039 0.351887 0.0250284 0.054717
0 0.518203 0.358491 0.0420933 0.0490566
0 0.538111 0.370755 0.0273038 0.0509434
0 0.512514 0.530189 0.0352673 0.0528302
0 0.445961 0.365094 0.0295791 0.0509434
0 0.915813 0.220755 0.0227531 0.0603774
0 0.139363 0.0783019 0.0238908 0.0320755
0 0.575085 0.992453 0.0216155 0.0150943
1 0.203072 0.830189 0.0238908 0.0226415
0 0.380546 0.622642 0.0352673 0.0528302
0 0.535267 0.55 0.0261661 0.0471698
0 0.532423 0.515094 0.0204778 0.0226415
0 0.139363 0.276415 0.0125142 0.0283019
