1 0.0037155 0.0577198 0.00672328 0.0125089
1 0.0265393 0.231773 0.0113234 0.0103645
1 0.00513093 0.305397 0.00884643 0.00964975
1 0.0484784 0.331665 0.00707714 0.00428878
1 0.0210545 0.357041 0.00955414 0.0128663
0 0.0276008 0.34614 0.00849257 0.00750536
1 0.00513093 0.623838 0.00955414 0.00893495
1 0.0180467 0.64421 0.00778485 0.00893495
1 0.0194621 0.701036 0.00707714 0.00822016
1 0.0265393 0.704253 0.00778485 0.00822016
0 0.0205237 0.709435 0.00778485 0.00786276
1 0.0228238 0.716762 0.00672328 0.00679056
1 0.027247 0.715511 0.00849257 0.00714796
1 0.0309625 0.713188 0.00813871 0.00750536
1 0.0240623 0.751787 0.0106157 0.0103645
1 0.0214084 0.763045 0.0109696 0.0128663
1 0.02477 0.774124 0.0127389 0.00929235
1 0.0316702 0.765189 0.0109696 0.0107219
1 0.0364473 0.77055 0.0113234 0.00857756
1 0.0295471 0.756791 0.00460014 0.00536097
1 0.0391012 0.760365 0.00672328 0.00964975
1 0.0452937 0.757684 0.009908 0.00857756
1 0.0364473 0.751966 0.00778485 0.00786276
1 0.0398089 0.743209 0.00884643 0.0103645
1 0.0490092 0.74178 0.0109696 0.00893495
1 0.0431706 0.73356 0.00707714 0.00750536
1 0.0488323 0.748928 0.0113234 0.00536097
1 0.0978415 0.86669 0.00813871 0.00857756
1 0.108988 0.871515 0.00849257 0.00822016
1 0.116242 0.874911 0.00884643 0.00857756
1 0.094126 0.803431 0.0120311 0.0100071
1 0.104565 0.770729 0.0116773 0.0103645
1 0.102088 0.742852 0.00955414 0.0110793
1 0.112527 0.745711 0.0106157 0.0117941
1 0.10368 0.754825 0.009908 0.0107219
1 0.0950106 0.763224 0.0109696 0.00822016
1 0.119073 0.803431 0.00601557 0.00571837
1 0.139774 0.802716 0.009908 0.00786276
0 0.133758 0.803431 0.00353857 0.00714796
1 0.13765 0.809328 0.00849257 0.00679056
1 0.142781 0.841851 0.0102619 0.00964975
1 0.144551 0.851858 0.0109696 0.0117941
1 0.15552 0.852395 0.0102619 0.0121515
1 0.15552 0.84346 0.0116773 0.00929235
1 0.146674 0.953896 0.007431 0.00786276
1 0.150566 0.953002 0.00813871 0.00964975
1 0.208422 0.844353 0.0113234 0.0146533
1 0.215676 0.834167 0.00955414 0.0100071
1 0.221161 0.836133 0.00920028 0.0110793
1 0.220099 0.850786 0.0106157 0.0103645
1 0.221161 0.84614 0.0120311 0.00822016
1 0.215322 0.854718 0.00813871 0.00750536
1 0.233015 0.856326 0.00955414 0.0121515
1 0.241154 0.856862 0.00813871 0.0117941
0 0.239207 0.869728 0.00920028 0.0110793
1 0.226999 0.871873 0.0109696 0.00822016
1 0.223815 0.865082 0.0102619 0.0103645
1 0.229122 0.860436 0.012385 0.0117941
1 0.16012 0.781451 0.0116773 0.0103645
1 0.136589 0.74178 0.0113234 0.00679056
1 0.0612173 0.507327 0.0106157 0.00822016
0 0.079087 0.518227 0.00672328 0.00643317
1 0.0757254 0.515368 0.00778485 0.00357398
1 0.096603 0.516976 0.00778485 0.00679056
1 0.0948337 0.523231 0.00707714 0.00714796
1 0.102619 0.53163 0.0106157 0.00679056
1 0.11288 0.528413 0.004954 0.00536097
1 0.128627 0.530915 0.00955414 0.00822016
1 0.124204 0.537527 0.00849257 0.00643317
1 0.0468861 0.295032 0.00460014 0.00679056
1 0.17799 0.13188 0.00849257 0.00929235
1 0.188252 0.134203 0.00424628 0.00679056
1 0.175513 0.154575 0.00424628 0.00750536
1 0.166667 0.15797 0.0106157 0.0114367
1 0.159059 0.164403 0.0116773 0.0121515
1 0.167728 0.16762 0.00849257 0.00786276
1 0.171267 0.179414 0.0120311 0.0107219
1 0.148443 0.170836 0.0138004 0.0128663
1 0.141897 0.181737 0.0106157 0.0117941
1 0.154105 0.184596 0.00955414 0.00822016
1 0.159766 0.17584 0.0116773 0.00857756
1 0.164013 0.187634 0.0138004 0.0135811
1 0.174098 0.195139 0.0120311 0.0114367
1 0.169321 0.202287 0.0116773 0.0114367
1 0.185421 0.348106 0.00849257 0.00857756
1 0.210545 0.344353 0.00778485 0.0146533
1 0.208422 0.365797 0.0120311 0.0110793
1 0.206829 0.377412 0.0102619 0.0142959
1 0.212314 0.380093 0.009908 0.0125089
1 0.332626 0.966047 0.00849257 0.00714796
1 0.371019 0.940315 0.007431 0.00786276
1 0.414897 0.90797 0.0109696 0.0117941
1 0.410474 0.925661 0.00707714 0.0107219
1 0.389597 0.820765 0.00920028 0.0103645
1 0.393666 0.820586 0.00672328 0.00643317
1 0.402159 0.82416 0.012385 0.0121515
1 0.394197 0.8297 0.00849257 0.00750536
1 0.407113 0.83238 0.0116773 0.0100071
1 0.41472 0.827198 0.0120311 0.0110793
1 0.421444 0.825768 0.00707714 0.0117941
1 0.411536 0.814153 0.009908 0.0100071
1 0.407466 0.812009 0.007431 0.00786276
1 0.41472 0.959793 0.00707714 0.00679056
1 0.431706 0.975518 0.0106157 0.00822016
1 0.489561 0.990172 0.00813871 0.00607577
1 0.502831 0.98213 0.00778485 0.00786276
1 0.496285 0.979092 0.007431 0.00822016
1 0.48213 0.969979 0.00813871 0.00786276
1 0.483015 0.963724 0.00778485 0.00750536
1 0.477353 0.934239 0.0106157 0.0100071
1 0.4862 0.931022 0.00778485 0.00714796
1 0.475407 0.879914 0.0130927 0.0135811
1 0.485669 0.871694 0.0145081 0.0142959
1 0.487792 0.885633 0.0130927 0.0121515
0 0.489738 0.863295 0.0120311 0.0117941
1 0.495223 0.847927 0.0116773 0.0110793
1 0.504246 0.849535 0.00920028 0.00786276
1 0.503008 0.860436 0.0145081 0.0167977
1 0.506546 0.872051 0.0109696 0.00929235
1 0.498231 0.877949 0.0113234 0.0146533
1 0.509377 0.883846 0.012385 0.0150107
1 0.498231 0.891708 0.0120311 0.0114367
1 0.508493 0.896355 0.0106157 0.0107219
1 0.51327 0.897248 0.00955414 0.0132237
1 0.498938 0.903145 0.0134466 0.0100071
1 0.480715 0.860257 0.00601557 0.00929235
0 0.482484 0.848999 0.0138004 0.0132237
1 0.490446 0.838277 0.0155697 0.0117941
1 0.594657 0.88599 0.0130927 0.0142959
1 0.597665 0.897784 0.0127389 0.0135811
1 0.608811 0.90243 0.0152159 0.0114367
0 0.615534 0.893138 0.0109696 0.0107219
1 0.621019 0.887598 0.00707714 0.00607577
1 0.623142 0.897069 0.0113234 0.0128663
1 0.61288 0.923517 0.009908 0.0107219
1 0.618011 0.914582 0.00813871 0.00929235
1 0.642074 0.908149 0.0130927 0.0135811
1 0.642074 0.918513 0.012385 0.0114367
1 0.652512 0.916726 0.0106157 0.0107219
1 0.242038 0.191387 0.0106157 0.0110793
1 0.251592 0.189421 0.00920028 0.00643317
1 0.249115 0.196748 0.009908 0.00964975
1 0.239915 0.201751 0.00849257 0.0103645
1 0.232661 0.203717 0.007431 0.00857756
1 0.240446 0.210865 0.007431 0.00857756
1 0.258139 0.219979 0.00389243 0.00822016
1 0.263093 0.219085 0.00813871 0.00571837
1 0.260616 0.229807 0.00955414 0.0142959
1 0.258139 0.239993 0.0130927 0.00893495
1 0.253185 0.254289 0.0130927 0.0110793
1 0.224168 0.284846 0.0102619 0.0157255
1 0.27477 0.315225 0.00601557 0.00500357
1 0.243631 0.263224 0.0109696 0.0110793
1 0.259731 0.506791 0.009908 0.0121515
1 0.306086 0.567012 0.0106157 0.0117941
1 0.312456 0.573088 0.009908 0.0103645
1 0.298478 0.473195 0.00955414 0.0114367
1 0.262208 0.471051 0.00920028 0.00786276
0 0.281493 0.470872 0.00955414 0.00893495
1 0.281493 0.487491 0.00813871 0.00714796
1 0.284501 0.532523 0.0106157 0.00786276
1 0.297063 0.533238 0.0102619 0.00786276
1 0.309094 0.544496 0.012385 0.0110793
1 0.294409 0.519836 0.00707714 0.00822016
1 0.304671 0.666905 0.0141543 0.0142959
1 0.29494 0.678342 0.012385 0.0150107
1 0.30644 0.682452 0.009908 0.00607577
1 0.296001 0.686919 0.00955414 0.00571837
1 0.253362 0.706219 0.009908 0.0107219
1 0.33121 0.187277 0.0120311 0.00929235
1 0.361996 0.297177 0.00353857 0.00893495
1 0.368365 0.303252 0.004954 0.00679056
1 0.361465 0.305575 0.00389243 0.00643317
1 0.34908 0.328091 0.007431 0.00571837
1 0.31511 0.360972 0.00601557 0.00714796
1 0.317056 0.371158 0.00778485 0.00679056
1 0.322718 0.36812 0.00212314 0.00857756
1 0.901628 0.954789 0.0219391 0.0182273
1 0.900566 0.97659 0.0261854 0.0218013
1 0.926044 0.976948 0.0240623 0.0232309
1 0.967799 0.930843 0.0162774 0.0132237
1 0.974168 0.941029 0.00920028 0.00571837
1 0.937013 0.8901 0.014862 0.00964975
1 0.94816 0.71569 0.0130927 0.0139385
1 0.958953 0.713545 0.0106157 0.0125089
1 0.942144 0.727305 0.00601557 0.0100071
1 0.951345 0.732845 0.0166313 0.00964975
1 0.946745 0.743924 0.0116773 0.00964975
1 0.964437 0.753753 0.0152159 0.0157255
1 0.963022 0.745533 0.0159236 0.00857756
1 0.920736 0.0748749 0.029724 0.0310936
1 0.973992 0.0589707 0.0293701 0.0207291
1 0.948514 0.0791637 0.0265393 0.0225161
1 0.945152 0.104896 0.0304317 0.0303788
1 0.950283 0.119192 0.0286624 0.0203717
1 0.975053 0.130629 0.0343241 0.0318084
1 0.993984 0.1401 0.0106157 0.0293066
1 0.991154 0.107398 0.0169851 0.029664
1 0.975407 0.100071 0.032201 0.0278771
1 0.701699 0.0391351 0.0106157 0.0117941
1 0.711253 0.0450322 0.00920028 0.0100071
1 0.813694 0.0387777 0.0130927 0.0160829
1 0.800425 0.0405647 0.0127389 0.0110793
1 0.819356 0.0416369 0.00813871 0.0153681
1 0.816702 0.0548606 0.009908 0.0153681
1 0.806971 0.0520014 0.0159236 0.0153681
1 0.819533 0.0616512 0.00920028 0.0103645
1 0.810156 0.0684417 0.0145081 0.0110793
1 0.802902 0.0616512 0.0141543 0.0110793
1 0.804317 0.0741601 0.0127389 0.00750536
1 0.797063 0.0664761 0.0102619 0.0150107
1 0.79034 0.0502144 0.0145081 0.0146533
0 0.778309 0.0480701 0.00955414 0.00822016
1 0.78804 0.068263 0.0141543 0.0142959
1 0.776716 0.0586133 0.0155697 0.0114367
1 0.759731 0.0675482 0.0155697 0.0135811
1 0.772293 0.0729092 0.0159236 0.0142959
1 0.777955 0.0936383 0.0145081 0.0135811
1 0.773531 0.0863117 0.0120311 0.0110793
1 0.761677 0.0857756 0.0130927 0.0142959
1 0.7546 0.0997141 0.012385 0.0128663
1 0.766631 0.10025 0.0116773 0.0132237
0 0.763623 0.101858 0.00849257 0.00857756
1 0.760262 0.112938 0.0145081 0.0157255
1 0.757962 0.126519 0.0162774 0.0157255
1 0.760616 0.13599 0.0166313 0.0139385
1 0.82201 0.239635 0.0120311 0.0117941
1 0.824487 0.251787 0.014862 0.0146533
1 0.825372 0.26787 0.0138004 0.0132237
1 0.808209 0.368656 0.00920028 0.00536097
1 0.7615 0.401716 0.00849257 0.00929235
1 0.817233 0.344353 0.0145081 0.00679056
1 0.805025 0.348284 0.00707714 0.00536097
1 0.817056 0.340243 0.00920028 0.00428878
1 0.83528 0.336669 0.0109696 0.0107219
1 0.848195 0.35025 0.00353857 0.00786276
1 0.803432 0.476412 0.0138004 0.0128663
1 0.811394 0.484632 0.009908 0.0100071
1 0.813517 0.497498 0.0120311 0.0121515
1 0.804671 0.492495 0.0134466 0.0135811
1 0.773355 0.48213 0.0109696 0.0114367
1 0.776716 0.485525 0.0113234 0.0110793
1 0.780962 0.47802 0.00778485 0.00822016
1 0.789278 0.476948 0.0109696 0.00964975
1 0.774239 0.498392 0.0120311 0.0117941
1 0.785032 0.496247 0.0102619 0.0103645
1 0.787509 0.512509 0.012385 0.0114367
1 0.801132 0.518763 0.0141543 0.0125089
1 0.808033 0.521086 0.00884643 0.0135811
1 0.793878 0.529128 0.0145081 0.0132237
1 0.800425 0.530915 0.00778485 0.0110793
1 0.792109 0.547355 0.00672328 0.00750536
1 0.805202 0.548427 0.0130927 0.0103645
0 0.730007 0.653145 0.00707714 0.00822016
1 0.7523 0.680307 0.0134466 0.0139385
0 0.775655 0.68138 0.0106157 0.0103645
1 0.754423 0.697284 0.0134466 0.0128663
1 0.763093 0.691029 0.0130927 0.0125089
1 0.778132 0.704789 0.0169851 0.0164403
1 0.768577 0.711401 0.0134466 0.0160829
1 0.786093 0.717834 0.0159236 0.0117941
1 0.778839 0.720693 0.009908 0.0103645
0 0.790517 0.71015 0.0113234 0.0114367
1 0.81281 0.720693 0.0162774 0.0153681
1 0.82891 0.710508 0.0180467 0.0157255
1 0.847134 0.699428 0.0134466 0.00643317
1 0.81281 0.74035 0.0141543 0.0175125
0 0.826256 0.74035 0.0127389 0.0125089
1 0.831387 0.754825 0.0194621 0.0157255
0 0.824664 0.765726 0.00884643 0.00893495
0 0.814579 0.76233 0.0106157 0.0107219
0 0.81051 0.754646 0.0116773 0.0125089
1 0.819179 0.751966 0.00636943 0.0107219
1 0.782732 0.804503 0.00636943 0.00857756
1 0.792817 0.807005 0.0130927 0.0135811
1 0.80644 0.796104 0.00849257 0.00607577
1 0.815994 0.797713 0.0120311 0.00857756
1 0.825725 0.803788 0.0102619 0.00786276
1 0.831387 0.824875 0.007431 0.00929235
1 0.807856 0.823624 0.0127389 0.0103645
1 0.820241 0.827198 0.014862 0.0117941
1 0.815817 0.833989 0.0145081 0.0103645
1 0.743631 0.873481 0.012385 0.0114367
1 0.7454 0.865082 0.00813871 0.00964975
1 0.733369 0.865618 0.0109696 0.00714796
1 0.748762 0.87777 0.00849257 0.00857756
1 0.722753 0.916548 0.0145081 0.00893495
1 0.772647 0.921551 0.0102619 0.0103645
1 0.527778 0.109721 0.0109696 0.0107219
1 0.52247 0.11258 0.00460014 0.00643317
1 0.526716 0.121158 0.0109696 0.0121515
1 0.53857 0.122945 0.0113234 0.0121515
1 0.538924 0.129914 0.00920028 0.00750536
1 0.521585 0.125625 0.00778485 0.0110793
1 0.539986 0.139385 0.0106157 0.0107219
1 0.527778 0.133488 0.00530786 0.00822016
1 0.52477 0.142423 0.009908 0.00893495
1 0.531847 0.147963 0.0113234 0.0114367
1 0.543701 0.152609 0.0116773 0.0135811
1 0.534501 0.159578 0.00955414 0.00964975
1 0.501238 0.143138 0.00884643 0.00679056
1 0.505308 0.151179 0.00849257 0.0107219
1 0.496638 0.149929 0.00955414 0.0103645
1 0.465322 0.212473 0.00778485 0.0103645
1 0.475938 0.211758 0.00920028 0.00893495
1 0.480538 0.219442 0.00778485 0.00857756
1 0.465322 0.222123 0.00566171 0.00964975
1 0.463553 0.241422 0.00778485 0.00964975
1 0.456653 0.296104 0.00813871 0.00679056
1 0.452052 0.301287 0.00813871 0.00929235
1 0.461783 0.303431 0.0113234 0.00857756
1 0.456829 0.311115 0.00849257 0.00679056
1 0.463553 0.322016 0.00920028 0.00929235
1 0.470276 0.317727 0.00636943 0.00500357
1 0.426044 0.358292 0.0134466 0.0125089
1 0.430113 0.349714 0.00884643 0.00893495
1 0.43896 0.359543 0.0138004 0.0121515
1 0.450814 0.350608 0.0141543 0.0121515
1 0.455591 0.3599 0.0116773 0.0128663
1 0.423036 0.370801 0.0145081 0.0132237
1 0.43436 0.368835 0.0102619 0.0114367
1 0.424982 0.405647 0.0106157 0.00929235
1 0.417021 0.684954 0.007431 0.00536097
1 0.411359 0.686562 0.00672328 0.00500357
1 0.429052 0.662795 0.0109696 0.0117941
0 0.453822 0.66351 0.00601557 0.00536097
0 0.454352 0.669049 0.00566171 0.00571837
1 0.439314 0.664582 0.00460014 0.00679056
1 0.444798 0.650822 0.0134466 0.00929235
1 0.430644 0.651358 0.0113234 0.0103645
1 0.556794 0.655468 0.0109696 0.0128663
1 0.56741 0.660472 0.012385 0.0107219
1 0.569002 0.643853 0.0113234 0.0103645
1 0.58528 0.640457 0.0120311 0.0114367
0 0.59448 0.635096 0.009908 0.00929235
1 0.59678 0.644568 0.0130927 0.0103645
1 0.592887 0.653503 0.0109696 0.0110793
1 0.583333 0.656183 0.0109696 0.0100071
1 0.599965 0.65654 0.00955414 0.0121515
1 0.586341 0.667977 0.00920028 0.0114367
1 0.593772 0.671909 0.0113234 0.0121515
1 0.604388 0.669943 0.0113234 0.0139385
1 0.611642 0.676376 0.0116773 0.0117941
0 0.618188 0.678699 0.009908 0.0107219
1 0.589172 0.679235 0.0127389 0.0103645
1 0.601557 0.679771 0.0113234 0.00786276
1 0.626504 0.659042 0.0102619 0.0128663
1 0.633758 0.661723 0.00707714 0.00964975
1 0.626858 0.669943 0.0109696 0.00822016
1 0.627742 0.679414 0.00920028 0.0114367
0 0.637297 0.681022 0.009908 0.0103645
1 0.64172 0.689778 0.0109696 0.0100071
1 0.633227 0.688885 0.0102619 0.0103645
0 0.617481 0.687634 0.009908 0.00786276
1 0.622258 0.694603 0.007431 0.00964975
0 0.630396 0.695497 0.00955414 0.00786276
1 0.601911 0.703181 0.00920028 0.00964975
1 0.595541 0.71569 0.014862 0.00893495
1 0.602619 0.719442 0.00920028 0.00428878
1 0.576964 0.734453 0.00884643 0.00857756
1 0.586341 0.73356 0.00849257 0.00536097
1 0.570771 0.75 0.00849257 0.00750536
1 0.575018 0.743924 0.00849257 0.0103645
1 0.60138 0.749285 0.007431 0.00464618
1 0.606688 0.748928 0.00813871 0.00607577
1 0.603857 0.755004 0.007431 0.00607577
1 0.649682 0.708721 0.00849257 0.0100071
1 0.646851 0.713903 0.00849257 0.00822016
1 0.63765 0.727663 0.00778485 0.00857756
1 0.643843 0.72802 0.00672328 0.00714796
1 0.647735 0.730164 0.00813871 0.00714796
1 0.653928 0.724267 0.00566171 0.00321658
1 0.677459 0.68138 0.00884643 0.00750536
1 0.686483 0.676733 0.00920028 0.00893495
1 0.676044 0.689778 0.00813871 0.00714796
1 0.682944 0.693174 0.00707714 0.00607577
1 0.690729 0.661008 0.0113234 0.00964975
1 0.578556 0.221408 0.00778485 0.00822016
1 0.572718 0.228199 0.00672328 0.00679056
1 0.578733 0.213367 0.00530786 0.00500357
1 0.602265 0.180843 0.00778485 0.00929235
1 0.607749 0.246247 0.007431 0.0100071
1 0.603857 0.250179 0.00672328 0.00714796
1 0.61005 0.256969 0.00920028 0.00857756
1 0.607573 0.265368 0.0106157 0.0103645
1 0.613765 0.266262 0.00601557 0.0107219
1 0.60598 0.281272 0.00884643 0.00857756
1 0.600849 0.274482 0.0106157 0.0121515
1 0.595011 0.263224 0.0116773 0.0110793
1 0.601026 0.257148 0.00955414 0.00822016
1 0.590057 0.27609 0.00530786 0.00393138
1 0.615357 0.507327 0.00920028 0.00964975
1 0.992215 0.302538 0.0141543 0.0160829
1 0.944975 0.308613 0.0138004 0.0132237
1 0.940021 0.319693 0.0102619 0.0132237
1 0.959483 0.320765 0.0138004 0.0146533
1 0.970984 0.325411 0.0106157 0.0117941
1 0.965322 0.332023 0.0120311 0.0135811
0 0.0337933 0.243746 0.00884643 0.00786276
1 0.0320241 0.719085 0.00672328 0.00571837
1 0.235138 0.865797 0.0102619 0.00893495
1 0.2362 0.849714 0.00813871 0.00464618
1 0.278309 0.479628 0.00601557 0.00643317
1 0.199398 0.449071 0.00813871 0.00893495
1 0.384112 0.179414 0.00672328 0.00786276
0 0.509023 0.143674 0.00884643 0.00857756
1 0.532909 0.136883 0.00636943 0.00929235
1 0.582449 0.226054 0.00707714 0.00822016
1 0.516985 0.42584 0.00778485 0.00750536
1 0.569887 0.585776 0.0102619 0.00786276
1 0.594126 0.630986 0.0134466 0.0103645
1 0.574841 0.653324 0.0130927 0.0150107
1 0.95913 0.443531 0.0116773 0.0114367
1 0.967445 0.0873838 0.019816 0.0132237
1 0.785032 0.29253 0.00672328 0.00607577
1 0.791224 0.292888 0.004954 0.00607577
1 0.785209 0.287884 0.00566171 0.00393138
1 0.791224 0.289492 0.004954 0.00428878
1 0.427636 0.643853 0.007431 0.00679056
1 0.488677 0.958363 0.00778485 0.00607577
1 0.41472 0.935311 0.00707714 0.00500357
1 0.219922 0.295747 0.00460014 0.00679056
1 0.42569 0.396176 0.00636943 0.00679056
1 0.346249 0.595425 0.00813871 0.00714796
1 0.315994 0.55361 0.00920028 0.00643317
1 0.36925 0.936919 0.00601557 0.00536097
1 0.624912 0.90243 0.00849257 0.00500357
1 0.510439 0.864367 0.00389243 0.00822016
1 0.827849 0.76787 0.00955414 0.00893495
1 0.566879 0.650107 0.00920028 0.00857756
1 0.0334395 0.321658 0.00318471 0.00428878
1 0.607749 0.18138 0.00530786 0.00464618
1 0.664013 0.315583 0.00460014 0.00571837
1 0.502477 0.906719 0.0106157 0.00857756
