1 0.125899 0.784197 0.0359712 0.0464807
1 0.160522 0.7749 0.0350719 0.0571049
1 0.127248 0.830013 0.0296763 0.0398406
1 0.151079 0.850598 0.0359712 0.0411687
1 0.0998201 0.88911 0.0395683 0.0491368
1 0.0944245 0.956175 0.0431655 0.0451527
1 0.675809 0.347278 0.0404676 0.0544489
1 0.728867 0.363214 0.0350719 0.0571049
1 0.676259 0.383798 0.0179856 0.0159363
1 0.648831 0.391102 0.0332734 0.059761
1 0.67491 0.420319 0.0422662 0.0571049
1 0.660971 0.456839 0.0503597 0.0584329
1 0.744604 0.418327 0.0377698 0.0451527
1 0.706385 0.458167 0.0440647 0.0584329
1 0.73741 0.486056 0.0431655 0.0664011
1 0.77473 0.472776 0.0458633 0.0584329
1 0.814748 0.460159 0.0431655 0.0677291
1 0.856565 0.479416 0.0440647 0.063745
0 0.884442 0.454847 0.0386691 0.0464807
