1 0.10623 0.0119904 0.0271565 0.0191847
0 0.0830671 0.0155875 0.0159744 0.0263789
0 0.00958466 0.0179856 0.0159744 0.0311751
0 0.0455272 0.0611511 0.0782748 0.117506
0 0.0806709 0.088729 0.0367412 0.110312
0 0.0327476 0.155875 0.0591054 0.0815348
1 0.028754 0.665468 0.0543131 0.0935252
1 0.101438 0.458034 0.0175719 0.0527578
1 0.159744 0.495204 0.0990415 0.165468
1 0.0838658 0.568345 0.0974441 0.16307
0 0.0846645 0.688249 0.0734824 0.0959233
0 0.142173 0.617506 0.0511182 0.11271
1 0.161342 0.726619 0.105431 0.148681
1 0.428914 0.0119904 0.0463259 0.0191847
1 0.6877 0.642686 0.0495208 0.057554
1 0.696486 0.840528 0.0319489 0.0503597
1 0.458466 0.311751 0.0479233 0.0719424
1 0.528754 0.382494 0.105431 0.107914
1 0.535942 0.317746 0.0910543 0.141487
1 0.557508 0.205036 0.0607029 0.122302
1 0.618211 0.211031 0.102236 0.172662
1 0.591853 0.394484 0.0559105 0.107914
1 0.560703 0.456835 0.0415335 0.059952
1 0.551118 0.477218 0.057508 0.0815348
1 0.595847 0.551559 0.0702875 0.0863309
0 0.60623 0.48801 0.043131 0.0791367
1 0.683706 0.13789 0.0607029 0.0743405
0 0.71246 0.190647 0.086262 0.131894
1 0.761182 0.0803357 0.113419 0.141487
0 0.898562 0.206235 0.0527157 0.129496
1 0.853035 0.0755396 0.102236 0.146283
1 0.823482 0.195444 0.129393 0.184652
1 0.659744 0.368106 0.105431 0.160671
1 0.753195 0.33693 0.126198 0.179856
1 0.736422 0.432854 0.0223642 0.0359712
1 0.734824 0.498801 0.0319489 0.0767386
1 0.899361 0.464029 0.028754 0.0407674
0 0.721246 0.622302 0.0271565 0.0743405
1 0.425719 0.233813 0.0495208 0.0695444
