1 0.233193 0.601818 0.0168067 0.0133333
1 0.212973 0.708485 0.0173319 0.0149495
1 0.236082 0.687273 0.0204832 0.0161616
0 0.13104 0.659394 0.0120798 0.00969697
0 0.14312 0.663838 0.0131303 0.0121212
0 0.211134 0.674141 0.012605 0.0109091
0 0.184086 0.454747 0.0173319 0.0117172
0 0.170693 0.45697 0.0115546 0.00727273
0 0.176471 0.463838 0.00945378 0.00808081
0 0.168855 0.466869 0.0131303 0.010101
1 0.235819 0.468283 0.012605 0.00888889
1 0.220063 0.510505 0.0178571 0.0133333
1 0.195903 0.548081 0.0178571 0.0133333
0 0.206408 0.542222 0.012605 0.00969697
1 0.167805 0.545253 0.0173319 0.0125253
0 0.176208 0.534141 0.0141807 0.0121212
0 0.10688 0.509091 0.0141807 0.0105051
1 0.110032 0.568081 0.0183824 0.0137374
0 0.197479 0.513535 0.0168067 0.0105051
1 0.28834 0.621818 0.0147059 0.0129293
1 0.304884 0.621616 0.0183824 0.0141414
0 0.167805 0.78202 0.0194328 0.0149495
0 0.149685 0.77697 0.0168067 0.0105051
0 0.108718 0.794545 0.0147059 0.0109091
0 0.0948004 0.801414 0.0120798 0.00848485
0 0.103204 0.807677 0.0120798 0.00969697
0 0.0966387 0.812727 0.012605 0.00929293
0 0.0887605 0.808283 0.00945378 0.00929293
0 0.15021 0.852727 0.0157563 0.0125253
1 0.157038 0.85596 0.0136555 0.0125253
0 0.153624 0.87798 0.0152311 0.0121212
0 0.173057 0.893131 0.0204832 0.0189899
0 0.176471 0.997778 0.0157563 0.00444444
0 0.225315 0.998182 0.019958 0.00363636
0 0.233456 0.953939 0.0152311 0.0121212
0 0.242647 0.959192 0.0157563 0.00888889
0 0.249475 0.944242 0.0147059 0.0105051
0 0.208771 0.882828 0.0204832 0.0153535
0 0.232931 0.897172 0.0152311 0.0125253
0 0.25105 0.9 0.0210084 0.0165657
0 0.24396 0.869495 0.0162815 0.0129293
0 0.255515 0.867071 0.0131303 0.0113131
1 0.300945 0.93798 0.0241597 0.0189899
1 0.322216 0.945859 0.0246849 0.0177778
1 0.292805 0.921414 0.0183824 0.0141414
0 0.376313 0.957172 0.0204832 0.0161616
0 0.396271 0.96202 0.0204832 0.0153535
0 0.387605 0.94404 0.019958 0.0149495
0 0.390756 0.917172 0.0178571 0.0137374
0 0.379202 0.905455 0.0115546 0.00888889
0 0.371061 0.89697 0.0162815 0.00808081
0 0.304622 0.882222 0.0168067 0.0117172
0 0.341124 0.859798 0.0204832 0.0153535
0 0.321429 0.86202 0.0157563 0.0133333
0 0.316702 0.851111 0.0136555 0.00929293
0 0.458771 0.0430303 0.0257353 0.0214141
0 0.458246 0.0193939 0.029937 0.0226263
0 0.488183 0.0185859 0.0215336 0.0161616
0 0.471376 0.00525253 0.0194328 0.00969697
0 0.490284 0.00545455 0.0173319 0.010101
0 0.503939 0.0183838 0.0120798 0.0165657
0 0.447742 0.00525253 0.0110294 0.00969697
0 0.43146 0.588687 0.0236345 0.0185859
0 0.522321 0.577778 0.0309874 0.0234343
0 0.491597 0.582424 0.0304622 0.0230303
1 0.952731 0.00747475 0.0147059 0.00767677
1 0.95667 0.00383838 0.0194328 0.00686869
1 0.967174 0.0107071 0.0120798 0.0117172
1 0.971113 0.0133333 0.00630252 0.0153535
0 0.941964 0.0418182 0.0120798 0.00767677
0 0.953256 0.0367677 0.0115546 0.00727273
0 0.960347 0.0430303 0.00997899 0.00929293
0 0.792017 0.101616 0.0147059 0.0117172
0 0.789391 0.0935354 0.0147059 0.00848485
0 0.774422 0.0991919 0.0162815 0.0109091
0 0.777311 0.105253 0.0147059 0.0117172
0 0.774685 0.120404 0.0136555 0.0105051
0 0.789128 0.157374 0.0152311 0.0109091
0 0.777311 0.161616 0.0115546 0.00888889
0 0.791754 0.168485 0.0162815 0.0105051
0 0.805672 0.177374 0.0168067 0.00969697
0 0.81145 0.170909 0.012605 0.00888889
0 0.803309 0.163838 0.0120798 0.010101
0 0.825105 0.169293 0.0147059 0.0105051
0 0.816176 0.161818 0.012605 0.00929293
0 0.799107 0.151313 0.0120798 0.00767677
0 0.816176 0.151515 0.0168067 0.0113131
0 0.829569 0.160606 0.0131303 0.0109091
0 0.835347 0.176566 0.0120798 0.0113131
0 0.842962 0.158788 0.0147059 0.0113131
0 0.852153 0.163838 0.0131303 0.0109091
0 0.867647 0.164848 0.0147059 0.0113131
0 0.879464 0.164848 0.0131303 0.0105051
0 0.848214 0.178788 0.012605 0.0117172
0 0.859506 0.175152 0.0141807 0.0109091
0 0.837973 0.340404 0.0173319 0.0133333
0 0.81355 0.42 0.0147059 0.0125253
0 0.765231 0.490707 0.0157563 0.0117172
1 0.853204 0.513939 0.0204832 0.0153535
0 0.841387 0.529697 0.0157563 0.0105051
1 0.856092 0.552929 0.019958 0.0109091
0 0.864233 0.541818 0.0141807 0.0105051
0 0.834559 0.583232 0.0136555 0.010101
0 0.787027 0.53596 0.0120798 0.00929293
1 0.774422 0.594949 0.0236345 0.0133333
0 0.737658 0.619192 0.022584 0.0133333
1 0.743172 0.622828 0.0220588 0.0157576
0 0.717437 0.670101 0.0262605 0.0189899
0 0.791754 0.689899 0.0183824 0.0133333
0 0.763393 0.72404 0.0215336 0.0161616
0 0.734506 0.756364 0.0204832 0.0153535
0 0.814863 0.668081 0.0183824 0.0157576
0 0.826418 0.668889 0.0131303 0.0141414
0 0.863183 0.673535 0.0162815 0.0145455
0 0.911502 0.666667 0.0194328 0.0145455
0 0.905987 0.67899 0.0178571 0.0125253
0 0.887342 0.689697 0.0215336 0.0161616
0 0.901261 0.698384 0.0210084 0.0157576
0 0.915179 0.688889 0.0236345 0.0169697
0 0.91334 0.736768 0.0147059 0.0125253
0 0.899422 0.554141 0.0110294 0.00848485
1 0.903361 0.546263 0.0157563 0.0113131
1 0.894433 0.510707 0.0178571 0.0121212
0 0.473477 0.996162 0.022584 0.00767677
1 0.490809 0.965859 0.0257353 0.0189899
0 0.563288 0.923636 0.0257353 0.0193939
0 0.587185 0.917374 0.0241597 0.019798
0 0.56145 0.90303 0.0231092 0.0169697
0 0.5948 0.898384 0.0194328 0.0149495
1 0.494485 0.891717 0.0257353 0.00888889
0 0.528099 0.879394 0.0194328 0.0141414
0 0.590861 0.870909 0.0273109 0.0206061
0 0.573529 0.846263 0.0210084 0.0141414
1 0.644958 0.869495 0.032563 0.0266667
0 0.629727 0.887677 0.0241597 0.0177778
0 0.641019 0.898788 0.0194328 0.0149495
0 0.664128 0.891111 0.0267857 0.0206061
1 0.637605 0.851919 0.0220588 0.0141414
0 0.681985 0.868485 0.0215336 0.0173737
0 0.587185 0.777576 0.0220588 0.0165657
0 0.569853 0.77798 0.0231092 0.0189899
0 0.590074 0.751111 0.0278361 0.0210101
0 0.620273 0.759394 0.0252101 0.0189899
0 0.613971 0.769697 0.0210084 0.0153535
0 0.511555 0.764444 0.0210084 0.0153535
1 0.552521 0.748081 0.019958 0.0189899
0 0.617384 0.728081 0.0204832 0.0161616
1 0.498424 0.69899 0.0231092 0.0177778
0 0.510504 0.686869 0.00945378 0.0121212
0 0.517332 0.705051 0.0136555 0.0137374
0 0.567227 0.693939 0.0189076 0.0125253
1 0.547269 0.626869 0.0378151 0.0270707
0 0.659664 0.68 0.0283613 0.020202
0 0.665179 0.661616 0.0246849 0.0181818
0 0.571691 0.57596 0.0288866 0.0149495
1 0.519958 0.613333 0.0178571 0.0145455
0 0.556723 0.595152 0.0220588 0.0137374
0 0.583771 0.599596 0.0257353 0.0153535
1 0.638918 0.645455 0.0173319 0.00606061
0 0.621849 0.709293 0.0168067 0.0133333
1 0.683298 0.64404 0.019958 0.0169697
0 0.690914 0.660404 0.0257353 0.0181818
0 0.674632 0.113535 0.0110294 0.0105051
1 0.679622 0.103232 0.012605 0.00929293
0 0.686712 0.113939 0.0131303 0.0121212
0 0.706408 0.113939 0.012605 0.0145455
0 0.735557 0.928283 0.0152311 0.0133333
1 0.756565 0.930909 0.0278361 0.0193939
0 0.779412 0.949899 0.0273109 0.020202
0 0.801996 0.971515 0.0210084 0.0157576
0 0.990546 0.962828 0.0189076 0.0153535
0 0.923057 0.874545 0.0194328 0.0149495
0 0.931723 0.887677 0.0189076 0.0161616
0 0.9698 0.776162 0.022584 0.0161616
0 0.963761 0.783434 0.0178571 0.0137374
1 0.993435 0.689495 0.0131303 0.0141414
0 0.960347 0.628687 0.0152311 0.0121212
0 0.972164 0.623838 0.0105042 0.00888889
1 0.988445 0.635556 0.0178571 0.0129293
0 0.445903 0.768283 0.012605 0.0109091
0 0.465861 0.754747 0.0168067 0.0121212
0 0.460609 0.767677 0.0168067 0.0121212
0 0.23687 0.702828 0.019958 0.0133333
0 0.152574 0.66 0.0110294 0.00929293
0 0.148109 0.760808 0.0189076 0.0113131
1 0.0131303 0.809495 0.012605 0.0141414
0 0.220326 0.87798 0.0152311 0.0121212
0 0.880252 0.681818 0.0157563 0.00929293
0 0.915179 0.561414 0.0162815 0.0125253
1 0.8427 0.576162 0.0194328 0.0129293
1 0.868172 0.510303 0.00945378 0.00808081
0 0.499212 0.685455 0.0162815 0.0109091
0 0.473214 0.761616 0.0147059 0.00646465
0 0.316176 0.77899 0.0189076 0.0121212
0 0.391282 0.613939 0.0157563 0.0125253
0 0.172794 0.518586 0.012605 0.00929293
0 0.102679 0.518384 0.0162815 0.00969697
0 0.260767 0.617576 0.0120798 0.00929293
0 0.321429 0.604646 0.00840336 0.00848485
0 0.330095 0.592929 0.00892857 0.00606061
0 0.369748 0.614343 0.00945378 0.010101
0 0.389706 0.606263 0.0105042 0.00606061
1 0.320903 0.621212 0.00945378 0.010101
1 0.103204 0.782828 0.00892857 0.010101
0 0.138918 0.84101 0.0120798 0.010101
0 0.440126 0.834141 0.0168067 0.0109091
0 0.631565 0.847071 0.0110294 0.010101
1 0.722689 0.907879 0.0136555 0.00808081
0 0.83167 0.89596 0.0141807 0.00929293
0 0.956145 0.879394 0.0152311 0.00929293
0 0.974002 0.902626 0.0162815 0.0121212
0 0.934611 0.737172 0.0141807 0.00767677
0 0.987658 0.697374 0.0110294 0.00969697
0 0.992122 0.672727 0.0157563 0.0137374
0 0.728466 0.710303 0.0157563 0.0137374
0 0.76313 0.494343 0.012605 0.00686869
0 0.87605 0.541616 0.0105042 0.00929293
0 0.9073 0.534141 0.0162815 0.00888889
0 0.964811 0.549495 0.00945378 0.00808081
0 0.551733 0.343232 0.00682773 0.0109091
0 0.565389 0.612121 0.0194328 0.0129293
0 0.804359 0.147677 0.00892857 0.00767677
1 0.570641 0.734545 0.0120798 0.0105051
1 0.621586 0.697778 0.0152311 0.0113131
