1 0.278302 0.240331 0.0396226 0.0423573
0 0.257547 0.43186 0.0698113 0.0644567
0 0.3 0.435543 0.0396226 0.0497238
0 0.253302 0.651013 0.0632075 0.0570902
0 0.317925 0.668969 0.0584906 0.0598527
1 0.376887 0.404696 0.0877358 0.0837937
1 0.465566 0.426335 0.0650943 0.0441989
1 0.562736 0.108195 0.0556604 0.0395948
0 0.568396 0.177256 0.0349057 0.03407
0 0.441509 0.211326 0.054717 0.0524862
0 0.463679 0.248158 0.0632075 0.0451197
0 0.585377 0.469153 0.0745283 0.0653775
0 0.376887 0.664365 0.0386792 0.0543278
1 0.766509 0.217772 0.0481132 0.0451197
1 0.843396 0.26105 0.045283 0.0359116
0 0.670755 0.712707 0.045283 0.0349908
0 0.730189 0.705341 0.0622642 0.0552486
0 0.690094 0.766575 0.0877358 0.0764273
0 0.818868 0.787753 0.0679245 0.0616943
0 0.817925 0.823665 0.0679245 0.0395948
0 0.779245 0.872468 0.0830189 0.0782689
0 0.721226 0.907459 0.0990566 0.0837937
0 0.268396 0.509208 0.0858491 0.0791897
1 0.406132 0.326888 0.0216981 0.0220994
0 0.308019 0.525322 0.0613208 0.0543278
0 0.285377 0.608656 0.0311321 0.0497238
