0 0.0187212 0.142712 0.015553 0.0183051
1 0.177419 0.0484746 0.0218894 0.0264407
0 0.1947 0.0369492 0.0195853 0.0210169
1 0.196429 0.0566102 0.0138249 0.019661
0 0.182028 0.0674576 0.0207373 0.0237288
0 0.195853 0.0772881 0.0172811 0.0176271
0 0.21371 0.0715254 0.0207373 0.0223729
0 0.189516 0.0938983 0.016129 0.0142373
0 0.226959 0.109153 0.0218894 0.0298305
0 0.233007 0.147119 0.0144009 0.0149153
0 0.208525 0.155932 0.0115207 0.0135593
0 0.209965 0.169492 0.00864055 0.0149153
0 0.110599 0.355593 0.0253456 0.0291525
0 0.0769009 0.359322 0.0190092 0.0230508
0 0.0869816 0.351525 0.016129 0.0128814
0 0.093606 0.365763 0.0247696 0.0223729
0 0.12644 0.384068 0.0201613 0.0210169
0 0.111751 0.418983 0.014977 0.0216949
0 0.125864 0.452203 0.0247696 0.0284746
0 0.093318 0.915932 0.0138249 0.0176271
0 0.0809332 0.926441 0.0178571 0.0183051
0 0.0982143 0.958305 0.0224654 0.0277966
0 0.106567 0.981695 0.0264977 0.0284746
0 0.115495 0.949492 0.0190092 0.0223729
0 0.122984 0.936271 0.0213134 0.020339
0 0.131336 0.948475 0.0115207 0.0189831
0 0.140553 0.976949 0.0207373 0.0230508
0 0.212558 0.916271 0.014977 0.0223729
0 0.224366 0.930847 0.0190092 0.0216949
0 0.209965 0.938305 0.015553 0.0189831
1 0.303571 0.863729 0.0184332 0.0257627
0 0.366359 0.910847 0.0138249 0.0155932
1 0.365207 0.927458 0.0195853 0.0176271
1 0.331509 0.910847 0.0132488 0.0115254
0 0.444412 0.907119 0.0144009 0.0176271
0 0.458525 0.899661 0.0138249 0.0122034
0 0.491071 0.911525 0.015553 0.0155932
1 0.651498 0.810169 0.0241935 0.0284746
1 0.669643 0.415593 0.0270737 0.0298305
0 0.68894 0.943729 0.0241935 0.0298305
0 0.752592 0.931186 0.0259217 0.0305085
1 0.741359 0.920339 0.0172811 0.0250847
0 0.758353 0.911186 0.0190092 0.0189831
1 0.764113 0.891864 0.0224654 0.019661
0 0.733583 0.741017 0.0190092 0.020339
1 0.966302 0.620678 0.0213134 0.0291525
0 0.954493 0.614915 0.0126728 0.0176271
0 0.944988 0.601017 0.0224654 0.0264407
1 0.942684 0.58678 0.0224654 0.0223729
1 0.919643 0.581017 0.0236175 0.0176271
0 0.920507 0.599661 0.0195853 0.0237288
0 0.874424 0.591864 0.0184332 0.0216949
0 0.832949 0.558983 0.0218894 0.0210169
0 0.842742 0.578644 0.014977 0.0142373
0 0.856855 0.591864 0.0167051 0.0230508
0 0.822293 0.624746 0.0178571 0.0223729
1 0.828341 0.604068 0.014977 0.0216949
0 0.859447 0.658305 0.014977 0.020339
1 0.809908 0.668814 0.0230415 0.0291525
1 0.799251 0.721695 0.0167051 0.019661
1 0.822005 0.796949 0.0230415 0.0277966
1 0.847638 0.789492 0.0247696 0.0305085
1 0.850806 0.739322 0.0253456 0.0332203
1 0.87932 0.729492 0.0259217 0.0244068
1 0.872408 0.755932 0.0247696 0.0284746
0 0.858295 0.774915 0.0172811 0.0216949
0 0.835253 0.814915 0.016129 0.0162712
0 0.852247 0.802034 0.0247696 0.0216949
0 0.809908 0.815593 0.0218894 0.0284746
0 0.817684 0.836271 0.0236175 0.0264407
0 0.0244816 0.731864 0.0144009 0.0142373
0 0.0175691 0.765424 0.015553 0.0176271
0 0.0878456 0.550508 0.0120968 0.0122034
0 0.632776 0.270847 0.0201613 0.0237288
0 0.600806 0.280339 0.0126728 0.0101695
0 0.101094 0.332542 0.0120968 0.0142373
0 0.278226 0.814915 0.0126728 0.0149153
0 0.541475 0.551864 0.016129 0.0176271
0 0.884505 0.701017 0.0201613 0.0311864
1 0.781682 0.852881 0.0138249 0.0162712
1 0.710253 0.835932 0.014977 0.0162712
1 0.726094 0.849492 0.00864055 0.0122034
0 0.224366 0.0816949 0.00633641 0.0128814
0 0.0336982 0.728475 0.0109447 0.0155932
