0 0.0647732 0.293324 0.0183899 0.0340909
1 0.0559869 0.329901 0.0286065 0.0490057
1 0.128525 0.432528 0.0241112 0.03125
1 0.120147 0.477983 0.0261545 0.0340909
1 0.124234 0.456676 0.0253371 0.0397727
0 0.142828 0.464134 0.0134859 0.024858
0 0.168369 0.410511 0.0261545 0.046875
0 0.0643645 0.504972 0.0183899 0.0326705
0 0.194728 0.461293 0.0183899 0.0319602
0 0.219248 0.466264 0.0200245 0.0348011
0 0.174295 0.466264 0.0241112 0.0419034
1 0.201267 0.486506 0.0290151 0.0511364
1 0.206375 0.517756 0.0261545 0.0426136
1 0.184103 0.549006 0.0241112 0.0440341
0 0.1604 0.508523 0.0200245 0.0383523
0 0.182673 0.510653 0.0212505 0.0383523
0 0.086228 0.577415 0.0204332 0.0383523
1 0.0576216 0.543324 0.0367797 0.0553977
1 0.0888843 0.518821 0.0314671 0.053267
0 0.112587 0.541903 0.0249285 0.0440341
1 0.112178 0.595881 0.0290151 0.0497159
1 0.0815284 0.618963 0.0216592 0.0419034
0 0.0978749 0.630327 0.0241112 0.0390625
1 0.103596 0.64027 0.0232938 0.040483
1 0.359828 0.258168 0.0281978 0.0461648
0 0.412342 0.280895 0.0204332 0.0362216
1 0.445239 0.249645 0.0232938 0.0362216
0 0.465264 0.212358 0.0208418 0.03125
0 0.458112 0.283381 0.0179812 0.0411932
0 0.46935 0.251776 0.0224765 0.0390625
0 0.525133 0.17152 0.0212505 0.0205966
0 0.43727 0.303977 0.0196159 0.0383523
1 0.483449 0.296875 0.0367797 0.0653409
0 0.505926 0.285511 0.0310584 0.0539773
0 0.498774 0.332031 0.0200245 0.0348011
1 0.370045 0.330256 0.0134859 0.0198864
0 0.320597 0.322443 0.0241112 0.0383523
0 0.292808 0.346946 0.0249285 0.0447443
0 0.328974 0.387784 0.0204332 0.0369318
0 0.258071 0.402344 0.0241112 0.040483
0 0.280343 0.392756 0.0261545 0.0440341
1 0.319575 0.410511 0.0237025 0.0284091
1 0.392726 0.394531 0.0138946 0.0319602
1 0.331018 0.43892 0.0171639 0.0426136
0 0.295668 0.425781 0.0224765 0.0348011
0 0.31508 0.443537 0.0245198 0.0461648
1 0.288925 0.482599 0.0310584 0.0475852
0 0.318758 0.488991 0.0228852 0.0490057
1 0.299959 0.501065 0.0294238 0.0490057
0 0.297303 0.544744 0.0257458 0.0440341
1 0.278709 0.571733 0.0122599 0.0241477
0 0.233551 0.654119 0.0175725 0.0298295
0 0.245811 0.595526 0.0208418 0.0348011
0 0.260727 0.568182 0.0228852 0.0440341
0 0.255823 0.634588 0.0277891 0.0490057
1 0.344299 0.972301 0.0151206 0.0227273
0 0.355537 0.96875 0.0089906 0.0184659
0 0.363302 0.953125 0.0147119 0.0213068
1 0.521659 0.807884 0.0306498 0.0419034
1 0.525337 0.743253 0.0265631 0.0461648
0 0.535349 0.699929 0.0204332 0.0362216
0 0.48631 0.752131 0.0286065 0.0511364
0 0.58255 0.238636 0.0257458 0.0397727
0 0.570903 0.28196 0.0187985 0.03125
0 0.450756 0.450284 0.0253371 0.0426136
1 0.452391 0.474432 0.0220678 0.0227273
0 0.453412 0.491122 0.0183899 0.0319602
1 0.446669 0.509233 0.0155292 0.0298295
1 0.505926 0.545099 0.0212505 0.0447443
0 0.478749 0.350497 0.0232938 0.0419034
0 0.529832 0.325639 0.0322844 0.0603693
1 0.529424 0.352273 0.041275 0.0582386
0 0.477932 0.439631 0.0216592 0.0440341
0 0.475685 0.490767 0.0204332 0.0440341
0 0.495096 0.474787 0.0265631 0.0603693
0 0.455047 0.533381 0.0265631 0.0440341
0 0.438292 0.574929 0.0249285 0.0447443
1 0.446669 0.642401 0.0384144 0.0603693
1 0.514303 0.635653 0.0265631 0.0426136
1 0.467103 0.614702 0.0375971 0.0546875
1 0.440335 0.760653 0.0339191 0.0596591
0 0.41132 0.75071 0.0265631 0.0482955
0 0.436453 0.808594 0.0245198 0.0433239
0 0.479771 0.65554 0.0277891 0.0511364
0 0.604618 0.256392 0.0232938 0.0440341
0 0.624438 0.312855 0.0147119 0.0319602
0 0.591132 0.279119 0.0241112 0.0440341
0 0.613813 0.295455 0.0253371 0.0511364
1 0.571516 0.321378 0.0339191 0.0575284
1 0.602779 0.34517 0.0359624 0.0625
0 0.635063 0.366832 0.0171639 0.0333807
0 0.614017 0.40767 0.0290151 0.0511364
0 0.640989 0.42223 0.0265631 0.0504261
0 0.529219 0.542614 0.0228852 0.0454545
1 0.522272 0.586648 0.0294238 0.0511364
0 0.540866 0.607599 0.0339191 0.0632102
0 0.571107 0.644886 0.0249285 0.0241477
1 0.578872 0.612216 0.038823 0.0724432
0 0.668778 0.464134 0.0265631 0.053267
0 0.598692 0.800781 0.0253371 0.0461648
0 0.609318 0.752486 0.0326931 0.0617898
0 0.579894 0.768821 0.0302411 0.0617898
1 0.751532 0.10831 0.0269718 0.0461648
0 0.737025 0.161222 0.0208418 0.0355114
1 0.744585 0.160511 0.0163465 0.0568182
0 0.767266 0.120739 0.0102166 0.0269886
0 0.761749 0.160511 0.0253371 0.0440341
1 0.750511 0.220526 0.0281978 0.0475852
0 0.82877 0.022017 0.0187985 0.0369318
1 0.803024 0.274503 0.0253371 0.037642
0 0.766857 0.284801 0.0208418 0.0355114
0 0.768696 0.310724 0.0196159 0.0163352
0 0.878014 0.0301847 0.0200245 0.0348011
0 0.912955 0.0348011 0.0212505 0.0369318
0 0.883531 0.0870028 0.0294238 0.056108
0 0.972007 0.105469 0.0232938 0.0419034
0 0.816714 0.383878 0.0175725 0.0319602
0 0.939722 0.464844 0.0175725 0.0319602
0 0.907029 0.474077 0.0208418 0.037642
0 0.837352 0.398082 0.0228852 0.0461648
0 0.860441 0.392045 0.0265631 0.0497159
0 0.829383 0.438565 0.0298324 0.053267
0 0.660196 0.518111 0.0249285 0.0447443
1 0.764405 0.881747 0.0167552 0.0504261
0 0.683694 0.553977 0.0147119 0.0284091
1 0.666326 0.571733 0.0371884 0.0681818
0 0.640989 0.587003 0.0290151 0.0504261
0 0.624642 0.60973 0.0306498 0.0447443
0 0.689416 0.591974 0.0253371 0.0490057
1 0.704128 0.590554 0.0245198 0.0589489
0 0.714548 0.630327 0.0216592 0.0362216
0 0.742542 0.650568 0.0228852 0.0326705
0 0.736208 0.679688 0.0241112 0.0397727
0 0.656927 0.633168 0.0224765 0.0461648
1 0.68206 0.642045 0.0310584 0.0525568
0 0.671639 0.660511 0.0216592 0.0241477
0 0.653453 0.68608 0.0277891 0.0511364
0 0.682264 0.697443 0.0371884 0.0681818
0 0.6604 0.732955 0.0367797 0.0653409
0 0.697385 0.756747 0.0216592 0.0333807
1 0.725378 0.774503 0.0318758 0.0575284
0 0.746424 0.815696 0.0224765 0.053267
0 0.763997 0.809659 0.0249285 0.0511364
0 0.777074 0.842685 0.0118512 0.0191761
1 0.831631 0.9375 0.0204332 0.0369318
0 0.842256 0.773082 0.0326931 0.0276989
0 0.844299 0.551491 0.0220678 0.0319602
0 0.859828 0.570312 0.0220678 0.0440341
0 0.842869 0.694957 0.0208418 0.0262784
0 0.85329 0.81321 0.0261545 0.0284091
1 0.83347 0.681818 0.0118512 0.0284091
0 0.867184 0.769531 0.0155292 0.0276989
0 0.881488 0.778054 0.0187985 0.0447443
1 0.924193 0.753906 0.0281978 0.0362216
0 0.923171 0.760298 0.0237025 0.0291193
0 0.989783 0.87642 0.0187985 0.0411932
0 0.930119 0.852983 0.0212505 0.0411932
1 0.929506 0.799006 0.0216592 0.0610795
1 0.946874 0.8125 0.0163465 0.0497159
1 0.962403 0.852983 0.0318758 0.0511364
1 0.0594606 0.346591 0.0298324 0.0440341
0 0.867389 0.790128 0.0143032 0.022017
0 0.590723 0.222656 0.0200245 0.0262784
0 0.842256 0.439276 0.0114426 0.0390625
1 0.533306 0.644176 0.0163465 0.0269886
1 0.522477 0.663352 0.0232938 0.0170455
0 0.434205 0.768111 0.0208418 0.040483
0 0.815284 0.40767 0.0138946 0.0142045
0 0.382714 0.378196 0.0110339 0.0149148
0 0.765836 0.839844 0.0163465 0.0291193
0 0.850838 0.018821 0.0212505 0.0276989
0 0.697589 0.74858 0.0286065 0.0326705
0 0.957703 0.805398 0.0118512 0.0326705
