1 0.32588 0.290345 0.0324203 0.0427586
0 0.295416 0.289655 0.0251537 0.0317241
1 0.300447 0.317586 0.0363331 0.0310345
0 0.276132 0.288966 0.020123 0.0289655
0 0.275014 0.31069 0.019005 0.02
1 0.251258 0.441379 0.0240358 0.0165517
0 0.00754612 0.86 0.0139743 0.017931
1 0.00810509 0.885172 0.0150922 0.0351724
0 0.174958 0.155172 0.0313024 0.0386207
0 0.161263 0.104138 0.0273896 0.0344828
0 0.431247 0.502414 0.0184461 0.0213793
0 0.460593 0.508276 0.0134153 0.0165517
0 0.470095 0.712414 0.0234768 0.0275862
0 0.486026 0.692069 0.0240358 0.0282759
0 0.495249 0.669655 0.0178871 0.0206897
0 0.506987 0.751724 0.0167691 0.0262069
1 0.564561 0.635862 0.0368921 0.0413793
0 0.595305 0.595517 0.0301845 0.0406897
0 0.577418 0.584138 0.0279486 0.0358621
0 0.534656 0.577586 0.0240358 0.0268966
0 0.524036 0.545862 0.0206819 0.0365517
0 0.556456 0.563103 0.0229178 0.0241379
0 0.64142 0.559655 0.0340973 0.042069
0 0.659866 0.523793 0.0318614 0.0393103
0 0.619061 0.554828 0.019564 0.0296552
0 0.685579 0.597586 0.0262717 0.0351724
0 0.610117 0.5 0.0307434 0.0358621
0 0.655394 0.475172 0.0329793 0.04
0 0.657071 0.501034 0.0251537 0.0186207
1 0.636389 0.495517 0.0240358 0.0406897
1 0.660425 0.465172 0.0374511 0.0310345
0 0.681386 0.497931 0.0178871 0.0289655
0 0.70095 0.491379 0.0268306 0.037931
0 0.718558 0.451379 0.0318614 0.0393103
1 0.712689 0.529655 0.020123 0.0206897
0 0.763835 0.585172 0.0240358 0.0324138
0 0.825601 0.571379 0.0346562 0.0434483
0 0.855226 0.407586 0.0335383 0.0427586
0 0.86976 0.392069 0.0324203 0.0393103
0 0.791504 0.312069 0.0290665 0.0337931
0 0.818614 0.322759 0.0150922 0.0165517
0 0.814701 0.702414 0.0296255 0.0365517
0 0.834265 0.718966 0.0150922 0.0324138
0 0.788429 0.758966 0.0206819 0.0268966
0 0.847121 0.764483 0.0285075 0.0324138
0 0.661543 0.807241 0.0206819 0.0241379
1 0.873952 0.831379 0.0273896 0.0296552
0 0.925098 0.88 0.0268306 0.0331034
1 0.939631 0.831724 0.020123 0.0289655
0 0.963387 0.806897 0.0240358 0.0275862
0 0.909167 0.770345 0.0285075 0.0358621
0 0.872834 0.762414 0.0273896 0.0351724
0 0.890721 0.765862 0.00838457 0.0255172
0 0.88066 0.735172 0.0285075 0.0303448
0 0.90749 0.716897 0.0262717 0.0296552
0 0.933482 0.36069 0.0156512 0.0193103
0 0.946339 0.358276 0.0100615 0.02
0 0.953885 0.359655 0.0173281 0.0241379
0 0.935159 0.380345 0.019005 0.0227586
0 0.626048 0.606552 0.0167691 0.0213793
0 0.272778 0.65931 0.0134153 0.0151724
0 0.313024 0.617241 0.0178871 0.0193103
0 0.171325 0.9 0.0162102 0.0193103
1 0.904695 0.482414 0.0173281 0.0131034
0 0.719955 0.42931 0.0268306 0.0213793
0 0.315539 0.238621 0.0139743 0.0206897
0 0.358301 0.493448 0.0167691 0.0241379
0 0.252096 0.663103 0.0122974 0.0158621
0 0.247065 0.682069 0.0100615 0.0137931
0 0.793181 0.184483 0.0223589 0.0310345
0 0.759642 0.303448 0.0245947 0.0262069
0 0.869201 0.26 0.020123 0.0193103
0 0.667132 0.581379 0.0173281 0.0234483
0 0.713248 0.637931 0.019005 0.022069
0 0.649525 0.702759 0.019005 0.022069
0 0.913918 0.922069 0.0134153 0.0206897
0 0.942705 0.878621 0.00838457 0.0165517
