0 0.0258047 0.0618014 0.0205327 0.0236686
0 0.0427303 0.0756082 0.0255272 0.0262985
0 0.0907325 0.260026 0.0194229 0.0216963
0 0.117647 0.372452 0.017758 0.0164366
0 0.0246948 0.690664 0.0227525 0.0230112
0 0.0188679 0.702827 0.0155383 0.0223537
0 0.00665927 0.71762 0.0122087 0.0243261
0 0.0283019 0.70973 0.0110988 0.0138067
0 0.0205327 0.724852 0.0233074 0.025641
0 0.0191454 0.746877 0.0249723 0.0236686
0 0.0166482 0.802104 0.0288568 0.0302433
0 0.0363485 0.732084 0.0160932 0.0282709
0 0.0452275 0.708087 0.0194229 0.0236686
0 0.0527192 0.72551 0.0210877 0.025641
0 0.0640954 0.689349 0.0205327 0.0216963
1 0.0546615 0.819527 0.0305216 0.0361604
1 0.156215 0.907627 0.0416204 0.0401052
1 0.194506 0.877383 0.0349612 0.0374753
0 0.168979 0.875082 0.0238624 0.0328731
1 0.146226 0.878041 0.0294118 0.0387903
1 0.240844 0.83925 0.0355161 0.0401052
0 0.257769 0.862262 0.0160932 0.026956
1 0.287458 0.766272 0.0221976 0.0322156
0 0.333241 0.890533 0.0260821 0.0282709
0 0.353496 0.878698 0.0255272 0.0282709
0 0.370422 0.865878 0.0216426 0.0236686
0 0.403718 0.861275 0.0260821 0.0262985
1 0.377358 0.969757 0.0321865 0.0368179
0 0.434795 0.856673 0.0260821 0.0302433
0 0.443674 0.876726 0.0149834 0.0124918
0 0.447003 0.869494 0.0116537 0.0151216
0 0.218091 0.634451 0.0221976 0.0276134
0 0.233907 0.626561 0.0216426 0.0210388
1 0.22919 0.598619 0.0344062 0.0387903
0 0.210044 0.587442 0.0194229 0.0243261
1 0.226693 0.57002 0.0283019 0.0302433
1 0.284129 0.591716 0.0277469 0.0381328
0 0.259434 0.579882 0.0294118 0.0381328
0 0.319645 0.468113 0.0210877 0.0184089
1 0.335461 0.448718 0.0238624 0.0295858
0 0.304384 0.424392 0.0160932 0.0177515
0 0.256937 0.432939 0.0188679 0.0230112
0 0.271365 0.428994 0.0199778 0.0230112
0 0.270533 0.410585 0.0205327 0.0243261
0 0.255549 0.412886 0.0172031 0.0236686
0 0.295782 0.321828 0.017758 0.0190664
0 0.304939 0.297173 0.0227525 0.0276134
0 0.409822 0.091716 0.0327414 0.0401052
0 0.465594 0.0558843 0.0332963 0.0381328
0 0.449223 0.0680473 0.0227525 0.026956
0 0.481964 0.0877712 0.0316315 0.042735
1 0.473363 0.118343 0.0332963 0.034188
1 0.422586 0.111111 0.0327414 0.0381328
1 0.54939 0.102893 0.0377358 0.042735
1 0.524972 0.100592 0.0277469 0.0447074
0 0.415372 0.215648 0.0227525 0.0302433
0 0.393452 0.174885 0.0155383 0.0197239
0 0.412597 0.327416 0.0216426 0.0249836
1 0.467814 0.314596 0.0355161 0.0387903
1 0.494451 0.316897 0.0299667 0.0394477
0 0.565205 0.235043 0.0194229 0.026956
1 0.602109 0.375411 0.0277469 0.0289283
0 0.403163 0.488823 0.018313 0.0243261
0 0.441731 0.511506 0.0210877 0.0262985
0 0.441731 0.500986 0.0210877 0.017094
0 0.491121 0.598291 0.0288568 0.034188
1 0.526082 0.558185 0.0377358 0.0486522
1 0.520255 0.530243 0.0294118 0.0295858
0 0.549945 0.513807 0.0266371 0.0309007
0 0.531909 0.504602 0.027192 0.0335306
0 0.54939 0.545036 0.0244173 0.034188
0 0.57242 0.547666 0.0238624 0.0302433
1 0.549945 0.568705 0.0299667 0.0289283
0 0.595727 0.580539 0.0194229 0.0210388
0 0.580744 0.579882 0.0105438 0.0249836
0 0.482797 0.710388 0.0288568 0.0387903
0 0.425083 0.770546 0.0166482 0.0210388
0 0.441454 0.791913 0.0249723 0.026956
0 0.456437 0.820842 0.027192 0.0361604
0 0.449223 0.979947 0.0283019 0.0348455
1 0.437014 0.963511 0.0283019 0.0374753
0 0.457547 0.946088 0.0160932 0.0131492
0 0.469201 0.950362 0.0149834 0.0243261
0 0.45394 0.933268 0.0166482 0.0164366
1 0.518036 0.903353 0.0216426 0.0302433
1 0.537181 0.901709 0.0188679 0.026956
0 0.517203 0.926364 0.0133185 0.0157791
0 0.495838 0.93524 0.0216426 0.0190664
0 0.675083 0.0417488 0.0294118 0.0348455
0 0.819645 0.179816 0.0188679 0.025641
0 0.834628 0.211374 0.0155383 0.025641
1 0.627081 0.362262 0.0166482 0.0223537
0 0.919534 0.250164 0.0188679 0.026956
1 0.965594 0.267258 0.0210877 0.0243261
0 0.984739 0.260355 0.0172031 0.0210388
0 0.947003 0.269231 0.018313 0.0203813
0 0.953385 0.282709 0.0188679 0.0210388
0 0.909545 0.278764 0.0110988 0.017094
0 0.920366 0.279093 0.0149834 0.0203813
0 0.930355 0.275805 0.0160932 0.0190664
1 0.934517 0.299803 0.0310766 0.0368179
0 0.946726 0.32906 0.0255272 0.0322156
0 0.954495 0.313609 0.017758 0.0289283
1 0.88374 0.308679 0.0227525 0.026956
1 0.870699 0.323143 0.0155383 0.0295858
1 0.95394 0.353386 0.0144284 0.026956
1 0.953385 0.369165 0.017758 0.0164366
0 0.971976 0.371795 0.018313 0.0203813
0 0.95727 0.379684 0.0133185 0.0111769
0 0.954218 0.390204 0.0172031 0.026956
0 0.938124 0.395135 0.0205327 0.0302433
0 0.889012 0.385273 0.0155383 0.0210388
0 0.870699 0.397436 0.0210877 0.026956
0 0.927858 0.420776 0.0133185 0.0131492
0 0.952553 0.423734 0.0160932 0.0190664
0 0.764983 0.428665 0.0227525 0.0289283
0 0.786626 0.41716 0.0194229 0.0243261
1 0.810488 0.426364 0.0327414 0.0374753
1 0.826859 0.416174 0.0299667 0.0407627
1 0.848502 0.410914 0.0199778 0.0302433
1 0.809656 0.447732 0.0355161 0.0289283
1 0.836016 0.436555 0.0127636 0.0197239
1 0.809378 0.467456 0.0316315 0.0276134
1 0.8399 0.462196 0.0316315 0.035503
0 0.853774 0.44806 0.0172031 0.0190664
1 0.88596 0.419461 0.0238624 0.0262985
0 0.890677 0.4405 0.0255272 0.034188
1 0.894839 0.466469 0.027192 0.0335306
1 0.860155 0.469099 0.0166482 0.0164366
1 0.916482 0.485207 0.0371809 0.0433925
1 0.919811 0.433596 0.0327414 0.0414201
1 0.944229 0.477975 0.0294118 0.0420776
0 0.862098 0.53879 0.0194229 0.0243261
0 0.870422 0.523669 0.0105438 0.0151216
1 0.823252 0.541091 0.0316315 0.0394477
0 0.747225 0.559829 0.0149834 0.0190664
0 0.783019 0.529257 0.0166482 0.0197239
0 0.763873 0.517751 0.0127636 0.0177515
0 0.698946 0.618014 0.0238624 0.0289283
1 0.650666 0.595003 0.0283019 0.0302433
0 0.625971 0.558185 0.0155383 0.0197239
0 0.622364 0.695595 0.0205327 0.0249836
0 0.68202 0.691979 0.0233074 0.0282709
0 0.710322 0.655819 0.0166482 0.0216963
0 0.732242 0.651545 0.0205327 0.0249836
0 0.733074 0.679487 0.0188679 0.0151216
0 0.744173 0.693951 0.0110988 0.0203813
0 0.749445 0.707101 0.0149834 0.0216963
0 0.737791 0.72025 0.0160932 0.0243261
0 0.728635 0.708416 0.0110988 0.0164366
1 0.721421 0.698882 0.017758 0.0210388
0 0.729467 0.751808 0.0149834 0.0190664
0 0.681743 0.780079 0.0138735 0.0151216
0 0.668701 0.783366 0.0144284 0.0216963
0 0.585738 0.794872 0.0138735 0.0184089
0 0.581576 0.807035 0.0155383 0.0230112
0 0.594895 0.815582 0.0133185 0.0216963
0 0.599612 0.829389 0.0138735 0.0243261
0 0.5899 0.842209 0.0133185 0.0197239
0 0.61737 0.845496 0.018313 0.0262985
0 0.637902 0.845168 0.0116537 0.0151216
0 0.632353 0.83432 0.0160932 0.0157791
0 0.640122 0.820184 0.0149834 0.0230112
0 0.647614 0.824458 0.0133185 0.0157791
0 0.574639 0.95069 0.0172031 0.0131492
1 0.569367 0.942472 0.0188679 0.0203813
0 0.566315 0.962853 0.0127636 0.0190664
0 0.592397 0.94313 0.0138735 0.0190664
1 0.613485 0.938527 0.0227525 0.025641
0 0.605716 0.955621 0.0160932 0.0203813
0 0.625694 0.964826 0.0172031 0.0177515
0 0.634018 0.951348 0.0138735 0.0197239
0 0.664539 0.925707 0.0138735 0.0184089
0 0.664262 0.977318 0.0166482 0.0177515
0 0.690622 0.870151 0.0160932 0.0190664
0 0.704495 0.874425 0.0160932 0.0157791
0 0.735849 0.873767 0.017758 0.0197239
0 0.742508 0.867193 0.0199778 0.0236686
1 0.750832 0.861604 0.017758 0.0203813
0 0.780244 0.854372 0.0155383 0.0190664
0 0.800777 0.857659 0.0122087 0.0164366
0 0.796615 0.848126 0.0172031 0.0184089
0 0.786349 0.809993 0.0155383 0.0210388
0 0.782741 0.82906 0.0138735 0.0184089
1 0.79384 0.9119 0.0216426 0.0197239
1 0.812986 0.90664 0.017758 0.0223537
0 0.808546 0.881986 0.0144284 0.0138067
0 0.86293 0.850756 0.017758 0.0184089
0 0.878468 0.852071 0.0188679 0.0184089
0 0.894839 0.849112 0.0216426 0.0216963
0 0.798557 0.773833 0.0122087 0.0131492
0 0.81798 0.802104 0.0110988 0.0131492
0 0.823807 0.814596 0.0138735 0.017094
0 0.844895 0.808679 0.018313 0.0184089
0 0.845172 0.828402 0.0155383 0.0210388
0 0.856548 0.822485 0.0160932 0.0236686
0 0.86737 0.801775 0.0144284 0.0164366
1 0.867647 0.815253 0.0194229 0.0184089
0 0.861265 0.794543 0.0188679 0.0177515
0 0.877913 0.831361 0.0233074 0.0309007
0 0.898169 0.814596 0.0127636 0.017094
0 0.920644 0.807364 0.0122087 0.0236686
0 0.931465 0.80835 0.0172031 0.0216963
0 0.990566 0.820842 0.0133185 0.0124918
0 0.959212 0.795201 0.0160932 0.0190664
0 0.95283 0.785339 0.0144284 0.0177515
0 0.932575 0.779093 0.0194229 0.0157791
0 0.887902 0.77449 0.017758 0.017094
0 0.850444 0.727482 0.0160932 0.0190664
0 0.831576 0.727482 0.0194229 0.0216963
0 0.84434 0.717949 0.0160932 0.0118343
0 0.928968 0.736029 0.0166482 0.0164366
1 0.95283 0.729454 0.0221976 0.0230112
0 0.939234 0.727153 0.0105438 0.0144642
0 0.966426 0.723208 0.0105438 0.0131492
0 0.955882 0.644313 0.0149834 0.0236686
0 0.945339 0.639711 0.0160932 0.0197239
0 0.989734 0.594017 0.0160932 0.0164366
0 0.926471 0.629849 0.0172031 0.0157791
0 0.933962 0.621302 0.0155383 0.0157791
0 0.912597 0.573636 0.00943396 0.0190664
0 0.918979 0.594017 0.0188679 0.0216963
0 0.0155383 0.206114 0.017758 0.0164366
1 0.301609 0.449047 0.0205327 0.0144642
0 0.780799 0.095332 0.0155383 0.017094
0 0.762764 0.0897436 0.0127636 0.0151216
0 0.989179 0.270546 0.0105438 0.00854701
0 0.975305 0.277778 0.0138735 0.00986193
1 0.90455 0.365549 0.0188679 0.0118343
0 0.972808 0.387245 0.0122087 0.017094
0 0.675916 0.996055 0.0110988 0.00657462
0 0.712542 0.986522 0.0122087 0.0111769
0 0.471421 0.985865 0.0160932 0.0138067
1 0.6798 0.467784 0.0255272 0.0309007
0 0.629301 0.0522682 0.0110988 0.0138067
0 0.639012 0.0677186 0.00943396 0.0105194
0 0.413707 0.191321 0.0138735 0.0197239
0 0.391232 0.476003 0.0155383 0.0197239
0 0.867647 0.500329 0.0105438 0.00788955
0 0.97475 0.570348 0.00499445 0.00591716
0 0.975028 0.61407 0.0133185 0.0118343
1 0.922863 0.50526 0.0321865 0.025641
0 0.215594 0.795201 0.018313 0.0216963
