0 0.0481481 0.0869748 0.0316498 0.0411765
1 0.0589226 0.37479 0.0343434 0.0403361
1 0.101684 0.789916 0.0498316 0.0521008
1 0.206061 0.165546 0.0484848 0.0605042
1 0.16734 0.144538 0.0505051 0.0537815
1 0.161279 0.105462 0.0451178 0.0428571
1 0.136364 0.121849 0.0181818 0.0319328
1 0.183502 0.0781513 0.0329966 0.0302521
0 0.153199 0.57521 0.0383838 0.0462185
1 0.170034 0.52521 0.0478114 0.0521008
0 0.277441 0.278992 0.0282828 0.0336134
0 0.310438 0.0436975 0.0242424 0.0285714
0 0.326263 0.0621849 0.0195286 0.0302521
0 0.321886 0.0365546 0.0175084 0.0226891
0 0.446128 0.0672269 0.023569 0.0268908
1 0.457239 0.105462 0.0323232 0.0394958
1 0.476768 0.134874 0.03367 0.0344538
1 0.478451 0.0865546 0.0276094 0.0420168
1 0.50202 0.113445 0.0316498 0.0420168
1 0.50101 0.187815 0.0350168 0.0361345
1 0.484512 0.271008 0.030303 0.0361345
1 0.497306 0.615966 0.0410774 0.0470588
0 0.466667 0.856723 0.0377104 0.0445378
0 0.488215 0.819748 0.026936 0.0327731
0 0.59697 0.0470588 0.0208754 0.0268908
0 0.607071 0.0348739 0.0141414 0.0159664
0 0.614141 0.0542017 0.0175084 0.0210084
0 0.567003 0.340756 0.0242424 0.0294118
0 0.586195 0.362185 0.0208754 0.0302521
0 0.571044 0.37563 0.026936 0.0386555
0 0.545791 0.391597 0.0289562 0.0352941
1 0.605387 0.704622 0.0323232 0.0445378
0 0.693266 0.439496 0.0289562 0.0336134
1 0.691246 0.482773 0.0410774 0.0378151
1 0.62862 0.631933 0.0249158 0.0151261
0 0.691919 0.848739 0.0262626 0.0319328
0 0.687205 0.878571 0.0262626 0.0378151
1 0.862626 0.198319 0.0323232 0.0386555
1 0.973064 0.265546 0.0377104 0.0403361
0 0.987542 0.306723 0.0249158 0.0336134
1 0.994949 0.338235 0.010101 0.0260504
0 0.957912 0.734034 0.0276094 0.0361345
1 0.914815 0.791597 0.0316498 0.0369748
1 0.886869 0.661765 0.0417508 0.0445378
0 0.894613 0.621849 0.0289562 0.0352941
1 0.914815 0.641176 0.0383838 0.0521008
0 0.915825 0.698739 0.026936 0.0378151
0 0.894276 0.698739 0.026936 0.0327731
0 0.869024 0.703782 0.0289562 0.0277311
1 0.849495 0.716387 0.0316498 0.0327731
0 0.857576 0.689076 0.030303 0.0352941
1 0.840067 0.683193 0.0316498 0.0436975
0 0.806397 0.586555 0.030303 0.0386555
1 0.798653 0.544958 0.0296296 0.0210084
0 0.816162 0.509244 0.0175084 0.0285714
0 0.740741 0.393697 0.0323232 0.0361345
0 0.761953 0.422269 0.030303 0.0411765
0 0.256902 0.951261 0.043771 0.0487395
0 0.317172 0.768908 0.0309764 0.0369748
0 0.322559 0.792017 0.03367 0.0378151
1 0.317508 0.542857 0.0505051 0.0621849
0 0.351178 0.196218 0.0222222 0.0277311
1 0.358586 0.22521 0.030303 0.0319328
0 0.384512 0.527731 0.020202 0.0285714
0 0.353199 0.508403 0.0208754 0.0235294
0 0.36532 0.507563 0.0181818 0.0285714
0 0.354882 0.482773 0.020202 0.0260504
0 0.426936 0.560504 0.0215488 0.0302521
0 0.440067 0.368067 0.0181818 0.0268908
0 0.307744 0.0777311 0.020202 0.0210084
0 0.413805 0.309244 0.0208754 0.0252101
0 0.563973 0.402941 0.0249158 0.0159664
1 0.896633 0.718487 0.0249158 0.0151261
0 0.227946 0.186555 0.0249158 0.0403361
0 0.241751 0.186134 0.0121212 0.0277311
