1 0.293785 0.01473 0.059322 0.0261866
1 0.27613 0.0310966 0.0381356 0.0294599
1 0.323446 0.0429624 0.0677966 0.0302782
1 0.375 0.0552373 0.0663842 0.0384615
0 0.339689 0.0200491 0.0353107 0.0204583
0 0.337571 0.00531915 0.0451977 0.00900164
0 0.367938 0.0200491 0.0353107 0.0270049
0 0.405367 0.0339607 0.0508475 0.0286416
1 0.429379 0.0392799 0.0423729 0.0392799
0 0.373588 0.0822422 0.0437853 0.0204583
0 0.331215 0.0744681 0.0381356 0.0196399
0 0.324153 0.0973813 0.049435 0.0294599
0 0.363701 0.101473 0.0409605 0.0212766
1 0.411017 0.101064 0.0564972 0.0351882
0 0.32274 0.209083 0.0466102 0.0237316
0 0.194209 0.215221 0.0437853 0.0212766
0 0.172316 0.208265 0.0423729 0.0253682
1 0.0444915 0.30892 0.0550847 0.0302782
1 0.0388418 0.292962 0.0607345 0.0278232
1 0.0275424 0.418985 0.0466102 0.0310966
1 0.0522599 0.407529 0.0536723 0.0278232
0 0.117232 0.439444 0.039548 0.0212766
0 0.125706 0.471768 0.0480226 0.0237316
0 0.114407 0.494681 0.0480226 0.0253682
0 0.0847458 0.487725 0.0451977 0.0278232
0 0.184322 0.486088 0.0522599 0.0294599
1 0.312147 0.365794 0.0338983 0.0327332
1 0.389831 0.366203 0.0367232 0.0302782
1 0.409605 0.879296 0.0451977 0.0270049
0 0.396186 0.869885 0.0324859 0.0163666
1 0.447034 0.880115 0.0353107 0.0220949
1 0.435734 0.855565 0.0437853 0.0270049
0 0.46822 0.851064 0.0437853 0.0229133
0 0.440678 0.834697 0.039548 0.0196399
0 0.490819 0.74018 0.0437853 0.0253682
0 0.550847 0.73036 0.039548 0.0237316
0 0.405367 0.704583 0.0536723 0.0327332
0 0.430791 0.722995 0.0367232 0.0204583
0 0.481638 0.639525 0.039548 0.0237316
0 0.52613 0.635843 0.049435 0.0261866
0 0.382062 0.184124 0.0466102 0.0294599
0 0.41596 0.171031 0.0409605 0.0212766
0 0.370763 0.138298 0.0324859 0.0261866
0 0.416667 0.134615 0.0649718 0.0335516
0 0.454096 0.165303 0.0381356 0.0229133
0 0.517655 0.196399 0.0353107 0.0229133
0 0.535311 0.204992 0.0367232 0.0270049
0 0.552966 0.184943 0.0324859 0.0212766
0 0.535311 0.1473 0.0423729 0.0212766
0 0.514831 0.129705 0.049435 0.0270049
0 0.492232 0.121931 0.0324859 0.0212766
1 0.653249 0.166121 0.0635593 0.0392799
0 0.667373 0.125205 0.0466102 0.0261866
0 0.638418 0.091653 0.039548 0.0212766
0 0.675847 0.102291 0.0409605 0.0229133
0 0.615113 0.112111 0.0353107 0.01473
0 0.642655 0.110475 0.0282486 0.01473
0 0.623588 0.0732406 0.0437853 0.0237316
0 0.661017 0.0781506 0.0423729 0.0270049
0 0.701271 0.0846972 0.0381356 0.0188216
0 0.587571 0.061784 0.039548 0.0188216
0 0.79096 0.0671031 0.0367232 0.0245499
1 0.790254 0.0924714 0.0437853 0.0212766
1 0.750706 0.106383 0.049435 0.0229133
0 0.909605 0.457856 0.0367232 0.0220949
0 0.868644 0.448036 0.0423729 0.0171849
0 0.850282 0.459902 0.0310734 0.0196399
0 0.835452 0.477087 0.0324859 0.0180033
0 0.838983 0.503273 0.0282486 0.0163666
0 0.818503 0.489362 0.0268362 0.01473
0 0.802966 0.501637 0.0381356 0.0261866
0 0.747881 0.504092 0.0183616 0.0180033
0 0.937147 0.678805 0.0409605 0.0237316
0 0.649011 0.778642 0.069209 0.0286416
0 0.655367 0.803601 0.0451977 0.0245499
0 0.685734 0.81874 0.0437853 0.0237316
0 0.700565 0.84329 0.0508475 0.0286416
1 0.663842 0.855974 0.0649718 0.0343699
0 0.745763 0.851473 0.0480226 0.0270049
0 0.733757 0.831424 0.0381356 0.0196399
0 0.773305 0.840016 0.0437853 0.0319149
0 0.775424 0.878478 0.0451977 0.0220949
0 0.80226 0.86743 0.0536723 0.0294599
0 0.833333 0.887889 0.0423729 0.0163666
0 0.781073 0.904255 0.0536723 0.0327332
0 0.805791 0.920622 0.0466102 0.0229133
0 0.838983 0.907529 0.0564972 0.0376432
1 0.901836 0.937807 0.0550847 0.0409165
0 0.884887 0.962357 0.0466102 0.0261866
0 0.838277 0.98036 0.0550847 0.0376432
0 0.970339 0.980769 0.039548 0.0220949
0 0.926554 0.988543 0.0423729 0.0196399
0 0.151836 0.244681 0.0409605 0.0245499
0 0.309322 0.502046 0.0254237 0.0155483
1 0.90678 0.974632 0.0564972 0.0343699
0 0.917373 0.652209 0.0324859 0.0163666
1 0.337571 0.111702 0.0423729 0.0139116
0 0.403249 0.0752864 0.0240113 0.0180033
0 0.913136 0.0924714 0.0240113 0.01473
0 0.95904 0.147709 0.019774 0.0139116
1 0.75 0.0883797 0.0480226 0.0229133
0 0.352401 0.277005 0.0240113 0.0155483
0 0.246469 0.331833 0.0353107 0.012275
0 0.379944 0.373568 0.0225989 0.0220949
0 0.0409605 0.363748 0.0282486 0.0188216
0 0.0112994 0.37766 0.019774 0.0220949
0 0.122175 0.50982 0.0353107 0.01473
0 0.440678 0.886661 0.0338983 0.012275
