1 0.269164 0.404356 0.0365854 0.0397727
1 0.260453 0.437184 0.0389082 0.0359848
0 0.167538 0.629104 0.0296167 0.032197
1 0.1777 0.683081 0.0429733 0.0441919
0 0.190186 0.880997 0.0214866 0.0271465
1 0.158827 0.902462 0.0319396 0.0372475
0 0.184379 0.90846 0.0203252 0.0214646
0 0.200929 0.913194 0.0220674 0.0233586
0 0.222997 0.932134 0.0255517 0.0145202
0 0.151858 0.994318 0.0238095 0.010101
0 0.282811 0.90404 0.018583 0.0151515
0 0.351916 0.822601 0.0139373 0.0176768
0 0.325494 0.833965 0.0226481 0.0239899
0 0.382404 0.690972 0.0180023 0.0183081
1 0.308943 0.469381 0.0429733 0.0410354
0 0.369919 0.429293 0.029036 0.0290404
0 0.33856 0.516098 0.0197445 0.022096
1 0.357143 0.526515 0.029036 0.030303
1 0.396341 0.501263 0.0203252 0.0239899
0 0.369628 0.470644 0.0226481 0.022096
0 0.357724 0.492109 0.018583 0.0170455
0 0.433798 0.364268 0.0209059 0.0189394
0 0.409698 0.388573 0.0238095 0.0271465
0 0.408537 0.576705 0.0342625 0.0334596
1 0.444541 0.66572 0.0342625 0.0385101
0 0.489257 0.64173 0.0319396 0.0334596
0 0.450929 0.599432 0.0238095 0.0284091
1 0.482578 0.597538 0.0441347 0.0486111
1 0.464286 0.634785 0.0284553 0.0359848
1 0.584785 0.202652 0.0348432 0.0391414
1 0.623693 0.20423 0.039489 0.0397727
1 0.585366 0.23548 0.0232288 0.020202
0 0.657085 0.241477 0.0284553 0.032197
1 0.710511 0.230745 0.0307782 0.0271465
1 0.583043 0.262942 0.0429733 0.0385101
0 0.631243 0.279356 0.0278746 0.0284091
0 0.662021 0.285669 0.0174216 0.022096
0 0.694541 0.301136 0.0209059 0.0252525
1 0.635017 0.306818 0.0272938 0.0265152
1 0.661731 0.315025 0.0307782 0.0214646
1 0.682056 0.330177 0.0319396 0.0290404
0 0.675958 0.338699 0.0313589 0.032197
0 0.735772 0.138573 0.0255517 0.0183081
0 0.762485 0.329545 0.0220674 0.0239899
0 0.78194 0.372159 0.0214866 0.0195707
1 0.805749 0.380366 0.0272938 0.0195707
0 0.546167 0.507576 0.0191638 0.0189394
0 0.620499 0.462437 0.0214866 0.022096
0 0.625145 0.488321 0.0284553 0.0334596
1 0.650987 0.488636 0.0267131 0.0366162
1 0.599593 0.484533 0.0296167 0.0359848
1 0.624564 0.514205 0.0412311 0.0246212
1 0.654472 0.565657 0.018583 0.0416667
0 0.630662 0.559659 0.0243902 0.0271465
0 0.616434 0.57923 0.0191638 0.0208333
0 0.620209 0.607639 0.0174216 0.0208333
0 0.633566 0.618687 0.029036 0.0265152
0 0.756388 0.505051 0.024971 0.0277778
1 0.769744 0.555871 0.0493612 0.0460859
1 0.766841 0.58428 0.0354239 0.0334596
0 0.740999 0.56471 0.018583 0.0258838
0 0.655343 0.605114 0.0180023 0.032197
1 0.663182 0.689078 0.0441347 0.0372475
1 0.605691 0.739583 0.0267131 0.0284091
1 0.62108 0.755682 0.0272938 0.0252525
0 0.673635 0.75 0.0232288 0.0277778
0 0.682927 0.665404 0.0232288 0.0340909
0 0.696574 0.693813 0.0261324 0.0265152
0 0.718641 0.638889 0.0226481 0.0265152
0 0.74187 0.630997 0.024971 0.0284091
1 0.752323 0.660669 0.0296167 0.0296717
0 0.716899 0.67298 0.024971 0.0239899
0 0.724739 0.700442 0.0348432 0.0385101
0 0.78194 0.153725 0.0272938 0.0334596
1 0.807782 0.183081 0.0336818 0.0340909
1 0.809814 0.582386 0.0423926 0.0435606
0 0.826074 0.606376 0.0203252 0.0233586
0 0.82288 0.632576 0.0301974 0.0315657
0 0.818815 0.676768 0.0267131 0.030303
0 0.584204 0.834596 0.0197445 0.0176768
1 0.58043 0.863636 0.0296167 0.0290404
1 0.594077 0.871212 0.0232288 0.0315657
0 0.620209 0.849432 0.0232288 0.0246212
0 0.64518 0.847538 0.0220674 0.0233586
0 0.5723 0.958649 0.0203252 0.0258838
1 0.65331 0.950442 0.0220674 0.0208333
0 0.581301 0.943497 0.018583 0.0170455
0 0.587108 0.977273 0.029036 0.020202
1 0.775552 0.646149 0.0307782 0.0359848
1 0.806911 0.651515 0.0389082 0.0378788
1 0.783682 0.672033 0.0307782 0.0208333
0 0.865854 0.12721 0.0267131 0.0246212
1 0.851916 0.166351 0.0313589 0.032197
1 0.892567 0.177399 0.0360046 0.0328283
1 0.851626 0.188131 0.0296167 0.0126263
1 0.850755 0.208018 0.0336818 0.0397727
0 0.994193 0.708649 0.010453 0.0195707
0 0.848722 0.451073 0.0156794 0.0157828
0 0.857433 0.431503 0.0180023 0.0195707
1 0.900697 0.222538 0.0325203 0.0385101
0 0.871951 0.238005 0.0307782 0.0315657
0 0.941347 0.305556 0.029036 0.0340909
1 0.884437 0.253472 0.0336818 0.022096
0 0.86295 0.397727 0.0197445 0.0252525
1 0.868757 0.409407 0.0348432 0.022096
1 0.873693 0.454861 0.0272938 0.0296717
0 0.144019 0.98327 0.0209059 0.0132576
0 0.877758 0.208649 0.0156794 0.0233586
0 0.754065 0.394886 0.0168409 0.0170455
0 0.66144 0.62721 0.0255517 0.0195707
0 0.194832 0.616793 0.0168409 0.0164141
