1 0.192631 0.0878011 0.0307836 0.017094
0 0.182836 0.104507 0.0391791 0.031857
1 0.183302 0.130148 0.0363806 0.028749
0 0.199627 0.0586636 0.016791 0.024087
0 0.217817 0.0714841 0.0307836 0.012432
0 0.217351 0.0559441 0.0317164 0.024864
0 0.229011 0.0376845 0.0401119 0.022533
0 0.300373 0.020979 0.0279851 0.024864
0 0.320896 0.0400155 0.0335821 0.030303
0 0.279384 0.0353535 0.0270522 0.024087
0 0.288713 0.0454545 0.0270522 0.025641
1 0.254198 0.0586636 0.0363806 0.028749
0 0.223414 0.0986791 0.0345149 0.029526
0 0.213153 0.122378 0.0401119 0.031857
0 0.345616 0.125486 0.0251866 0.022533
0 0.336287 0.153458 0.0177239 0.017871
0 0.340019 0.142968 0.0158582 0.010878
1 0.250933 0.170163 0.0130597 0.00777001
1 0.259795 0.186092 0.0289179 0.022533
1 0.286381 0.179487 0.0279851 0.01554
0 0.333955 0.167444 0.0242537 0.017871
0 0.359142 0.149184 0.0223881 0.018648
0 0.358209 0.165501 0.0223881 0.01554
0 0.295709 0.252137 0.0279851 0.016317
0 0.321362 0.246309 0.0233209 0.013986
0 0.320429 0.256022 0.0214552 0.011655
1 0.342817 0.246698 0.0214552 0.013209
1 0.345149 0.266511 0.016791 0.024864
0 0.291045 0.28749 0.0186567 0.00932401
1 0.315765 0.280497 0.0307836 0.021756
1 0.289646 0.270008 0.0326493 0.027195
1 0.0326493 0.832168 0.0279851 0.026418
1 0.0774254 0.820124 0.0373134 0.028749
0 0.166045 0.839938 0.016791 0.012432
0 0.157183 0.855089 0.0251866 0.016317
1 0.142724 0.863636 0.0317164 0.013209
1 0.0307836 0.949495 0.0298507 0.027972
1 0.0629664 0.944444 0.0251866 0.020979
0 0.0536381 0.959207 0.0251866 0.019425
1 0.0359142 0.845765 0.0363806 0.020979
1 0.0559701 0.854701 0.0354478 0.024864
1 0.19403 0.832945 0.0242537 0.010878
1 0.176306 0.869464 0.016791 0.017094
1 0.189366 0.897436 0.0391791 0.026418
0 0.257463 0.788267 0.016791 0.013209
1 0.26819 0.781274 0.0251866 0.020979
1 0.245336 0.771562 0.0223881 0.018648
0 0.317631 0.956488 0.0214552 0.013986
1 0.3125 0.945998 0.0279851 0.019425
1 0.38153 0.925019 0.0223881 0.016317
1 0.393657 0.90676 0.0279851 0.021756
1 0.370336 0.893551 0.0317164 0.020202
1 0.928638 0.982517 0.0307836 0.022533
1 0.913713 0.957265 0.0270522 0.027972
1 0.828358 0.793706 0.0279851 0.027195
0 0.788246 0.796426 0.0186567 0.018648
0 0.692631 0.987956 0.0177239 0.014763
0 0.601213 0.312354 0.0270522 0.013986
1 0.594216 0.293706 0.0317164 0.027972
1 0.615205 0.276612 0.0326493 0.026418
1 0.634795 0.278555 0.0214552 0.025641
0 0.621735 0.301088 0.0289179 0.024087
0 0.777985 0.411033 0.0205224 0.018648
1 0.798507 0.394328 0.0242537 0.016317
1 0.804571 0.104118 0.0177239 0.024864
1 0.777985 0.1554 0.0317164 0.021756
1 0.916045 0.0687646 0.0242537 0.017871
1 0.779384 0.191531 0.0233209 0.022533
1 0.796175 0.177156 0.0251866 0.013986
0 0.977612 0.226884 0.0205224 0.012432
0 0.982276 0.242424 0.0223881 0.017094
1 0.958489 0.239316 0.0289179 0.027972
0 0.988806 0.265734 0.0223881 0.020202
0 0.977612 0.280109 0.016791 0.014763
0 0.965485 0.278555 0.0130597 0.013209
0 0.951026 0.264569 0.0214552 0.020979
0 0.909515 0.268065 0.011194 0.01554
1 0.892257 0.263792 0.0233209 0.020979
1 0.920709 0.301088 0.0298507 0.030303
0 0.984142 0.357809 0.0298507 0.022533
0 0.91791 0.324786 0.0298507 0.024864
1 0.913713 0.362082 0.0307836 0.029526
1 0.936567 0.376068 0.0335821 0.026418
1 0.951026 0.359363 0.0345149 0.027195
1 0.938433 0.324398 0.0354478 0.028749
1 0.976679 0.336441 0.0354478 0.029526
0 0.926306 0.554779 0.0223881 0.017094
0 0.330224 0.267677 0.0186567 0.017871
0 0.951026 0.312743 0.0214552 0.019425
1 0.351213 0.910256 0.0158582 0.013209
1 0.508862 0.815462 0.0158582 0.010101
0 0.983209 0.289821 0.0242537 0.013986
0 0.954291 0.277778 0.00932836 0.010101
1 0.894123 0.378011 0.0158582 0.010101
1 0.189832 0.860917 0.0195896 0.010878
