1 0.286155 0.482593 0.0157642 0.0155556
1 0.108293 0.5 0.0123372 0.0103704
1 0.103838 0.508889 0.0116518 0.0148148
0 0.118232 0.522963 0.0130226 0.0103704
0 0.11035 0.533704 0.0123372 0.0125926
0 0.137423 0.545926 0.00891021 0.0118519
1 0.169294 0.852222 0.0219328 0.0274074
0 0.241947 0.751481 0.0164496 0.017037
0 0.22721 0.772593 0.0185058 0.0103704
1 0.230295 0.783333 0.0191912 0.0244444
0 0.278958 0.774444 0.0164496 0.0185185
0 0.261138 0.773333 0.0191912 0.0237037
1 0.252228 0.805926 0.0178204 0.0207407
0 0.246059 0.784444 0.0164496 0.0222222
0 0.261823 0.865556 0.0164496 0.0185185
0 0.238177 0.874074 0.023989 0.0251852
0 0.210075 0.895556 0.0157642 0.0222222
1 0.301234 0.937778 0.0185058 0.0222222
0 0.32488 0.886296 0.0150788 0.0155556
0 0.351953 0.808889 0.0198766 0.0237037
0 0.187114 0.944444 0.0150788 0.0162963
0 0.206991 0.957037 0.0123372 0.0148148
1 0.193283 0.960741 0.0164496 0.0148148
1 0.197053 0.986667 0.017135 0.0207407
1 0.177862 0.983333 0.0185058 0.02
1 0.460589 0.594444 0.0164496 0.0140741
0 0.467786 0.315185 0.0130226 0.0155556
0 0.496573 0.337778 0.0185058 0.0192593
0 0.494174 0.303333 0.0164496 0.0125926
0 0.507882 0.319259 0.0150788 0.0222222
1 0.473269 0.305185 0.0212474 0.0192593
0 0.488691 0.316667 0.0233036 0.0244444
0 0.469157 0.918148 0.0267306 0.0274074
0 0.465387 0.946667 0.0246744 0.0251852
0 0.489376 0.95 0.0233036 0.0140741
0 0.441398 0.969259 0.0164496 0.0185185
0 0.460589 0.97 0.020562 0.022963
1 0.485264 0.964074 0.0233036 0.0259259
0 0.52159 0.924444 0.0123372 0.0133333
0 0.525017 0.584074 0.013708 0.0155556
0 0.556546 0.537407 0.0191912 0.0214815
0 0.547635 0.598519 0.0178204 0.0162963
0 0.555175 0.931852 0.0233036 0.0251852
0 0.561343 0.897037 0.0178204 0.0103704
0 0.574023 0.881111 0.0157642 0.0185185
0 0.589102 0.896296 0.0226182 0.0311111
0 0.543523 0.90963 0.0246744 0.0251852
0 0.567169 0.91037 0.0198766 0.0251852
0 0.543866 0.78 0.0226182 0.0251852
0 0.564428 0.785556 0.0212474 0.022963
0 0.561686 0.804074 0.023989 0.017037
0 0.537012 0.801481 0.0212474 0.0222222
0 0.905415 0.03 0.0260452 0.0259259
0 0.936258 0.0325926 0.0233036 0.0162963
0 0.920493 0.0440741 0.0219328 0.0288889
0 0.941741 0.0525926 0.0246744 0.0266667
0 0.889993 0.0625926 0.0157642 0.017037
0 0.87183 0.062963 0.0191912 0.0207407
0 0.825908 0.0892593 0.013708 0.017037
0 0.842015 0.0837037 0.0212474 0.0237037
0 0.891021 0.0811111 0.013708 0.0185185
0 0.85401 0.0988889 0.0164496 0.017037
0 0.837903 0.103333 0.0157642 0.02
0 0.823167 0.108148 0.0178204 0.0192593
0 0.868403 0.108889 0.0219328 0.0207407
0 0.883482 0.101111 0.0164496 0.0185185
0 0.888965 0.121481 0.0191912 0.0207407
0 0.779986 0.119259 0.027416 0.0281481
0 0.812886 0.12963 0.0150788 0.0162963
0 0.800548 0.127407 0.0164496 0.0222222
0 0.853667 0.125185 0.0226182 0.0237037
0 0.828307 0.142222 0.0185058 0.0162963
0 0.787526 0.141481 0.0164496 0.0177778
0 0.757368 0.154815 0.0150788 0.0118519
0 0.757368 0.169259 0.0164496 0.017037
0 0.800548 0.163333 0.0191912 0.017037
0 0.818369 0.152963 0.0191912 0.017037
0 0.802262 0.181852 0.0198766 0.0185185
0 0.853667 0.395556 0.0185058 0.0133333
0 0.952022 0.368148 0.013708 0.0148148
0 0.963674 0.376296 0.0150788 0.0192593
0 0.967101 0.405185 0.0219328 0.0251852
0 0.988348 0.417037 0.0109664 0.0118519
0 0.787868 0.762963 0.0130226 0.0162963
0 0.73475 0.783333 0.0233036 0.0214815
0 0.766278 0.797037 0.0233036 0.0266667
0 0.791638 0.796296 0.0219328 0.0266667
0 0.824537 0.787407 0.0164496 0.0222222
0 0.851268 0.776296 0.0178204 0.0177778
0 0.870117 0.768519 0.0185058 0.0244444
1 0.798492 0.728519 0.0123372 0.0111111
0 0.836875 0.692593 0.0150788 0.0177778
0 0.880398 0.682963 0.017135 0.0148148
0 0.807745 0.738148 0.0130226 0.0155556
0 0.910212 0.7 0.0233036 0.0266667
0 0.926319 0.717778 0.0198766 0.0237037
0 0.906785 0.725556 0.020562 0.022963
0 0.894448 0.737037 0.0219328 0.0222222
1 0.901302 0.758889 0.027416 0.0288889
1 0.896504 0.790741 0.027416 0.0244444
1 0.91501 0.788148 0.0123372 0.0266667
0 0.922207 0.763333 0.0143934 0.02
0 0.872515 0.791852 0.0219328 0.0222222
0 0.725154 0.973333 0.0150788 0.0177778
0 0.837217 0.551111 0.0198766 0.0177778
0 0.793694 0.527778 0.013708 0.0155556
0 0.753598 0.547778 0.023989 0.02
0 0.783413 0.548519 0.0164496 0.0125926
0 0.79952 0.561111 0.0130226 0.0125926
0 0.762166 0.557778 0.0164496 0.0118519
0 0.773132 0.572963 0.0164496 0.017037
0 0.590473 0.491852 0.0226182 0.0222222
0 0.592186 0.515926 0.0219328 0.0259259
0 0.612748 0.511111 0.0191912 0.0222222
0 0.635709 0.494074 0.0198766 0.0222222
0 0.633996 0.518148 0.020562 0.0259259
1 0.673749 0.583333 0.0150788 0.02
0 0.97841 0.821481 0.0130226 0.0162963
0 0.613091 0.52963 0.0157642 0.0162963
0 0.315627 0.949259 0.0143934 0.017037
0 0.857437 0.75037 0.0150788 0.0103704
0 0.79438 0.152222 0.0123372 0.0125926
0 0.454078 0.602963 0.0116518 0.00740741
0 0.56477 0.767778 0.020562 0.0125926
0 0.872173 0.752222 0.017135 0.00962963
0 0.774503 0.162593 0.0150788 0.0125926
