0 0.203331 0.606786 0.0797831 0.10978
1 0.207978 0.6502 0.0937258 0.0668663
0 0.170798 0.515469 0.0627421 0.0568862
0 0.237026 0.429641 0.0836561 0.110778
0 0.199845 0.492016 0.0340821 0.0339321
0 0.234702 0.513972 0.0526723 0.0778443
0 0.294345 0.524451 0.0604183 0.0668663
0 0.273431 0.58483 0.0712626 0.113772
0 0.287761 0.663673 0.0518978 0.0638723
0 0.310612 0.409681 0.0635167 0.0828343
0 0.285825 0.323852 0.0821069 0.100798
0 0.33385 0.30988 0.0263362 0.0269461
0 0.336948 0.492016 0.066615 0.0918164
1 0.376452 0.366267 0.108443 0.143713
0 0.518203 0.389721 0.0697134 0.0808383
0 0.45701 0.41018 0.0712626 0.0938124
0 0.40976 0.476048 0.0712626 0.0998004
0 0.406662 0.542415 0.0449264 0.0449102
0 0.449264 0.601297 0.0573199 0.0608782
0 0.470565 0.541417 0.0797831 0.108782
0 0.509295 0.468563 0.0611929 0.0908184
0 0.558095 0.453593 0.045701 0.0748503
1 0.55306 0.556387 0.091402 0.134731
1 0.505809 0.600299 0.0325329 0.0369261
1 0.694036 0.717565 0.0821069 0.0858283
0 0.694423 0.742515 0.0673896 0.10978
0 0.762587 0.585329 0.101472 0.108782
0 0.750968 0.767465 0.0766847 0.0938124
1 0.793184 0.673653 0.0991479 0.133733
1 0.79938 0.805389 0.0728118 0.0738523
1 0.867157 0.662675 0.0611929 0.0958084
0 0.855538 0.736028 0.0890782 0.130739
1 0.443842 0.345808 0.0526723 0.0528942
0 0.794345 0.769461 0.0240124 0.0578842
0 0.727343 0.664172 0.0340821 0.0528942
