1 0.296528 0.401885 0.0722222 0.0964523
0 0.346875 0.341463 0.0590278 0.0886918
0 0.375694 0.354213 0.025 0.0654102
0 0.395486 0.35643 0.0395833 0.0698448
0 0.404861 0.379157 0.0430556 0.0798226
0 0.399653 0.444013 0.0479167 0.0609756
0 0.419792 0.489468 0.0465278 0.0698448
0 0.449653 0.431264 0.0229167 0.0443459
1 0.472569 0.45898 0.0631944 0.10643
0 0.441319 0.547118 0.0368056 0.0609756
0 0.4875 0.579823 0.0388889 0.0399113
0 0.504514 0.553769 0.0354167 0.04102
0 0.545486 0.564302 0.0548611 0.0820399
0 0.549653 0.629712 0.0465278 0.0798226
0 0.550347 0.669069 0.05625 0.0720621
0 0.59375 0.65133 0.0666667 0.109756
0 0.602431 0.609202 0.0534722 0.0476718
0 0.619792 0.547672 0.0493056 0.0532151
1 0.630903 0.43071 0.01875 0.0388027
0 0.653819 0.62306 0.0548611 0.0842572
0 0.645833 0.675166 0.0569444 0.0864745
0 0.681944 0.723947 0.0680556 0.10643
0 0.722917 0.743902 0.0319444 0.0665188
0 0.752083 0.747228 0.0319444 0.0532151
0 0.769097 0.720067 0.0395833 0.0609756
0 0.796875 0.722284 0.0229167 0.0609756
0 0.786111 0.675166 0.0416667 0.0554324
