0 0.154405 0.743931 0.0338819 0.033526
0 0.155857 0.773988 0.0251694 0.0265896
0 0.203291 0.77052 0.0212972 0.0242775
0 0.192159 0.784393 0.0280736 0.0358382
0 0.2091 0.801734 0.0271055 0.033526
0 0.189255 0.813295 0.0222652 0.0242775
0 0.210068 0.834104 0.0271055 0.033526
0 0.117135 0.554335 0.0212972 0.0289017
0 0.133591 0.549133 0.0193611 0.0300578
0 0.122459 0.573988 0.0222652 0.0196532
0 0.121975 0.591329 0.0193611 0.0265896
1 0.318006 0.0820809 0.0319458 0.0416185
0 0.346079 0.0878613 0.0242014 0.0300578
0 0.336399 0.049711 0.035818 0.0416185
0 0.284124 0.230058 0.0242014 0.0393064
0 0.312197 0.251445 0.0300097 0.0381503
0 0.303485 0.272254 0.0300097 0.0381503
0 0.315102 0.215607 0.0377541 0.0473988
0 0.342691 0.227746 0.0271055 0.0346821
0 0.344627 0.19711 0.0251694 0.0265896
0 0.36302 0.20578 0.0251694 0.0300578
0 0.367377 0.22659 0.0222652 0.0184971
0 0.36544 0.253179 0.0338819 0.0393064
0 0.408035 0.251445 0.0319458 0.0312139
0 0.424008 0.23526 0.0271055 0.0289017
0 0.443853 0.244509 0.0164569 0.033526
0 0.409971 0.472832 0.0242014 0.0277457
0 0.387706 0.493064 0.0261375 0.033526
0 0.252178 0.827746 0.0242014 0.0323699
0 0.254598 0.807514 0.0212972 0.0196532
0 0.268151 0.789017 0.0232333 0.0196532
0 0.281704 0.803468 0.0232333 0.0346821
0 0.288964 0.818497 0.0222652 0.0231214
0 0.305421 0.84104 0.0242014 0.0289017
0 0.309777 0.791908 0.0232333 0.0254335
0 0.509197 0.935838 0.017425 0.0219653
0 0.516457 0.909827 0.0261375 0.0277457
0 0.541142 0.923699 0.0309777 0.0369942
1 0.583253 0.890173 0.0396902 0.0416185
0 0.580348 0.842775 0.0300097 0.0300578
0 0.445789 0.286705 0.018393 0.0254335
0 0.478703 0.252601 0.0261375 0.033526
0 0.898838 0.395376 0.0280736 0.0323699
0 0.921588 0.369942 0.0271055 0.0277457
0 0.875121 0.469364 0.0329138 0.0346821
0 0.887706 0.483237 0.0309777 0.0323699
1 0.899806 0.513873 0.0319458 0.0381503
1 0.851404 0.503468 0.0300097 0.0358382
0 0.869313 0.510983 0.0309777 0.0393064
0 0.896902 0.541618 0.0300097 0.033526
0 0.882865 0.539306 0.0271055 0.033526
0 0.920136 0.601734 0.0203291 0.0196532
0 0.9303 0.59711 0.0135528 0.0242775
0 0.950629 0.613295 0.0309777 0.0358382
1 0.823814 0.97052 0.0154889 0.0196532
1 0.849952 0.96185 0.0154889 0.0208092
0 0.826234 0.990751 0.0164569 0.016185
0 0.808325 0.996532 0.0135528 0.00693642
1 0.799613 0.903468 0.0193611 0.0381503
0 0.817038 0.90289 0.0271055 0.0323699
0 0.691191 0.955491 0.017425 0.0219653
0 0.679574 0.965318 0.0135528 0.0138728
0 0.673282 0.950867 0.0164569 0.017341
1 0.692159 0.928902 0.0116167 0.0127168
1 0.699419 0.901734 0.0106486 0.016185
1 0.705712 0.9 0.00968054 0.00809249
0 0.691675 0.871676 0.0125847 0.0184971
0 0.707648 0.882081 0.0154889 0.0115607
0 0.71394 0.877457 0.0106486 0.0115607
0 0.692159 0.839884 0.00774443 0.0196532
0 0.671346 0.821965 0.0242014 0.0300578
0 0.699419 0.724277 0.0261375 0.033526
0 0.689739 0.7 0.0222652 0.0289017
0 0.704743 0.684971 0.0251694 0.0312139
0 0.737657 0.728324 0.0271055 0.0346821
0 0.737173 0.684971 0.0261375 0.0312139
0 0.720232 0.676879 0.0271055 0.0289017
0 0.748306 0.661272 0.0251694 0.0323699
0 0.7091 0.62659 0.0222652 0.0300578
0 0.745402 0.632948 0.0251694 0.0242775
0 0.764763 0.649133 0.0232333 0.0289017
0 0.779768 0.634104 0.0242014 0.0289017
0 0.755082 0.613295 0.0232333 0.0219653
0 0.773959 0.583815 0.0319458 0.0346821
0 0.745886 0.589595 0.0242014 0.0254335
0 0.734269 0.560694 0.0222652 0.0323699
0 0.757018 0.56185 0.0232333 0.0300578
0 0.777348 0.550289 0.0251694 0.0300578
0 0.785576 0.527168 0.0261375 0.0300578
0 0.754114 0.536416 0.0251694 0.0277457
0 0.763795 0.509249 0.0271055 0.0312139
0 0.669894 0.482081 0.0116167 0.0208092
0 0.681026 0.489595 0.0222652 0.0265896
1 0.671346 0.382081 0.0338819 0.0312139
0 0.785576 0.357225 0.0261375 0.0323699
0 0.804937 0.378613 0.0300097 0.033526
0 0.785576 0.399422 0.0222652 0.0289017
0 0.828654 0.836416 0.0251694 0.0242775
1 0.819942 0.841618 0.0251694 0.0231214
0 0.813166 0.80289 0.0193611 0.0219653
0 0.827686 0.802312 0.0251694 0.0184971
0 0.841239 0.789017 0.0232333 0.0219653
0 0.886738 0.575145 0.0271055 0.033526
0 0.826718 0.680347 0.0232333 0.017341
0 0.864472 0.681503 0.0251694 0.0289017
0 0.871733 0.787283 0.0203291 0.016185
0 0.89787 0.743931 0.0261375 0.0312139
0 0.894482 0.755491 0.0232333 0.017341
0 0.914327 0.762428 0.018393 0.0104046
0 0.934172 0.752023 0.0271055 0.0289017
0 0.918683 0.735838 0.017425 0.0196532
0 0.378993 0.0653179 0.0222652 0.017341
0 0.138916 0.777457 0.0145208 0.0265896
0 0.327202 0.10578 0.0271055 0.017341
0 0.5697 0.353179 0.018393 0.017341
0 0.717812 0.53815 0.0203291 0.0219653
