1 0.22968 0.749644 0.0643619 0.0739687
1 0.218279 0.829066 0.0614196 0.0697013
0 0.824568 0.672594 0.074292 0.0962541
0 0.866679 0.688004 0.0592129 0.0739687
0 0.772343 0.605737 0.0735565 0.0924609
0 0.775653 0.665244 0.0264803 0.0284495
1 0.820154 0.52513 0.102243 0.13229
1 0.879919 0.591038 0.0893711 0.118065
1 0.746966 0.53817 0.0559029 0.0938834
0 0.859691 0.492651 0.048915 0.0711238
1 0.891872 0.49597 0.0345715 0.0720721
1 0.768481 0.304884 0.0981979 0.124229
0 0.795513 0.417259 0.0779698 0.10147
0 0.864472 0.399953 0.0584774 0.0905642
0 0.908238 0.388336 0.0481795 0.0739687
1 0.538617 0.633476 0.0886355 0.11854
1 0.578522 0.62257 0.0676719 0.117591
1 0.549834 0.467046 0.079441 0.106211
1 0.6153 0.525605 0.0919456 0.119014
1 0.66495 0.451636 0.0904744 0.112376
1 0.690143 0.363679 0.0893711 0.116643
1 0.747701 0.41963 0.0500184 0.0910384
1 0.591394 0.294927 0.0684075 0.0881935
0 0.628172 0.218824 0.0581096 0.0611664
1 0.648216 0.310811 0.048915 0.0763395
1 0.69566 0.29872 0.0621552 0.0531057
0 0.682972 0.247511 0.050754 0.0502608
1 0.883781 0.974633 0.0639941 0.0469417
1 0.834866 0.759365 0.0205958 0.0308203
1 0.787054 0.893077 0.0470761 0.0516833
