0 0.0164403 0.0529412 0.0185847 0.0352941
0 0.00536097 0.0986928 0.00929235 0.0300654
0 0.0343102 0.0947712 0.0228735 0.0431373
0 0.0618299 0.19085 0.0264475 0.0496732
1 0.0932809 0.180392 0.0335954 0.0601307
0 0.119728 0.203268 0.0250179 0.0457516
0 0.127949 0.233987 0.0200143 0.0392157
1 0.0793424 0.235948 0.0371694 0.0666667
0 0.0557541 0.256863 0.0185847 0.0352941
1 0.0793424 0.300654 0.0371694 0.0575163
0 0.13331 0.318301 0.0278771 0.0352941
0 0.13045 0.337255 0.0250179 0.0444444
0 0.128306 0.383007 0.0307362 0.0496732
0 0.0132237 0.462092 0.0235883 0.0431373
1 0.036812 0.563399 0.0293066 0.0496732
1 0.0400286 0.603922 0.0271623 0.0444444
0 0.117227 0.488889 0.0243031 0.0444444
0 0.110436 0.522876 0.0278771 0.0392157
0 0.142602 0.557516 0.0278771 0.0457516
0 0.145461 0.58366 0.0192995 0.0352941
0 0.210508 0.859477 0.0178699 0.0352941
0 0.147248 0.778431 0.0228735 0.0326797
0 0.185132 0.729412 0.0243031 0.0444444
0 0.204432 0.780392 0.0200143 0.0366013
0 0.152252 0.805229 0.0257327 0.0470588
0 0.168335 0.796078 0.0135811 0.0287582
0 0.162974 0.836601 0.0200143 0.0287582
0 0.173695 0.83268 0.0128663 0.0339869
0 0.184417 0.807843 0.0257327 0.0496732
0 0.208363 0.811765 0.0207291 0.0366013
0 0.284846 0.89281 0.0178699 0.0339869
1 0.268049 0.75817 0.0371694 0.0705882
0 0.238385 0.732026 0.0207291 0.0444444
0 0.236598 0.667974 0.0257327 0.0470588
0 0.256969 0.647059 0.0250179 0.0496732
0 0.243388 0.619608 0.0235883 0.0470588
0 0.232309 0.613072 0.0142959 0.0313725
1 0.185132 0.587582 0.031451 0.0588235
0 0.210865 0.566667 0.0257327 0.0457516
0 0.243746 0.581046 0.0185847 0.0352941
1 0.282702 0.626144 0.0235883 0.0392157
1 0.291279 0.596078 0.0278771 0.0496732
0 0.303431 0.543791 0.0235883 0.0444444
1 0.255182 0.537908 0.0185847 0.048366
0 0.268763 0.527451 0.0214439 0.0431373
0 0.244818 0.540523 0.0235883 0.0431373
1 0.238027 0.49281 0.0271623 0.0444444
0 0.265547 0.479085 0.0164403 0.0300654
0 0.190136 0.398693 0.0271623 0.0444444
0 0.190851 0.37451 0.0185847 0.0300654
1 0.259828 0.348366 0.0235883 0.0535948
0 0.245175 0.303268 0.0243031 0.0470588
0 0.238385 0.262092 0.0164403 0.0300654
0 0.296998 0.0346405 0.0207291 0.0405229
0 0.282702 0.0921569 0.0135811 0.0326797
0 0.297355 0.105882 0.0157255 0.0339869
0 0.302001 0.177778 0.0178699 0.0313725
0 0.353824 0.162092 0.0228735 0.0418301
0 0.371694 0.166667 0.0185847 0.0326797
0 0.337026 0.952941 0.0164403 0.0287582
0 0.322373 0.927451 0.0200143 0.0352941
0 0.33381 0.906536 0.0185847 0.0379085
0 0.427806 0.928758 0.0207291 0.0300654
0 0.387062 0.858824 0.0207291 0.0366013
0 0.381344 0.821569 0.0164403 0.0300654
0 0.389921 0.815686 0.0178699 0.0418301
0 0.421372 0.768627 0.0164403 0.0313725
0 0.435311 0.754902 0.0200143 0.0379085
0 0.456397 0.775163 0.0250179 0.0470588
0 0.463188 0.813072 0.0228735 0.0444444
0 0.487848 0.826797 0.0264475 0.0509804
0 0.492495 0.786275 0.0228735 0.0352941
0 0.500357 0.754248 0.0271623 0.0601307
1 0.518942 0.743791 0.0214439 0.0470588
0 0.500357 0.712418 0.0257327 0.0418301
0 0.525018 0.710458 0.0221587 0.0405229
1 0.331308 0.695425 0.0264475 0.0470588
0 0.333452 0.671242 0.0178699 0.0300654
0 0.391708 0.670588 0.0157255 0.0313725
0 0.357398 0.604575 0.0214439 0.0379085
0 0.36955 0.571242 0.0243031 0.0392157
1 0.390636 0.537255 0.0321658 0.0522876
0 0.407076 0.505229 0.0221587 0.048366
0 0.423517 0.514379 0.0221587 0.0405229
0 0.418513 0.548366 0.0250179 0.048366
0 0.429235 0.607843 0.0178699 0.0339869
1 0.439957 0.654248 0.0321658 0.0535948
0 0.460329 0.622876 0.0228735 0.0457516
0 0.441744 0.524183 0.0142959 0.0287582
0 0.451036 0.520261 0.0142959 0.0418301
0 0.422445 0.296732 0.0185847 0.0366013
0 0.408863 0.10915 0.0142959 0.0326797
0 0.422802 0.104575 0.0178699 0.0366013
1 0.422445 0.14183 0.0157255 0.027451
0 0.454968 0.137255 0.0178699 0.0287582
0 0.486061 0.194118 0.0214439 0.0248366
0 0.489278 0.214379 0.0264475 0.0470588
1 0.479271 0.321569 0.0250179 0.0496732
1 0.498213 0.317647 0.0243031 0.0470588
1 0.492495 0.473203 0.0200143 0.0444444
0 0.509292 0.49281 0.0178699 0.0287582
0 0.514296 0.476471 0.0164403 0.0300654
0 0.493209 0.511765 0.0214439 0.0352941
0 0.491422 0.55817 0.0107219 0.0313725
0 0.499643 0.561438 0.0100071 0.0352941
0 0.522159 0.568627 0.0250179 0.0522876
0 0.47534 0.584314 0.0214439 0.0418301
0 0.489993 0.599346 0.0164403 0.0300654
0 0.497498 0.612418 0.0214439 0.0405229
0 0.528592 0.809804 0.0121515 0.0248366
0 0.582916 0.96732 0.0135811 0.020915
0 0.696569 0.972549 0.0250179 0.0418301
0 0.704432 0.949673 0.0135811 0.0248366
0 0.711222 0.946405 0.0114367 0.0313725
1 0.745175 0.798039 0.0178699 0.0300654
1 0.58649 0.869935 0.0321658 0.0588235
0 0.598642 0.905882 0.0250179 0.0261438
1 0.584703 0.905229 0.0100071 0.027451
0 0.61258 0.873203 0.0228735 0.0418301
0 0.60436 0.841176 0.0235883 0.0300654
0 0.58935 0.8 0.0207291 0.0392157
0 0.554682 0.789542 0.0243031 0.0366013
0 0.551465 0.752288 0.0278771 0.048366
0 0.575054 0.767974 0.0235883 0.048366
0 0.603645 0.783007 0.0178699 0.0287582
0 0.616512 0.74902 0.0178699 0.0418301
0 0.600429 0.735948 0.0185847 0.0339869
0 0.617584 0.705229 0.0185847 0.0431373
0 0.632952 0.654248 0.0178699 0.0352941
0 0.644389 0.633987 0.0250179 0.0496732
1 0.608292 0.648366 0.0285919 0.0522876
0 0.576841 0.636601 0.0200143 0.0392157
0 0.628663 0.59085 0.0207291 0.0444444
0 0.531094 0.604575 0.0200143 0.0457516
0 0.546104 0.585621 0.0228735 0.0444444
1 0.551465 0.627451 0.0264475 0.0418301
1 0.57005 0.589542 0.0178699 0.0444444
1 0.590422 0.607843 0.0243031 0.0496732
0 0.587205 0.55817 0.0264475 0.0470588
0 0.603288 0.564052 0.0128663 0.0352941
0 0.607577 0.591503 0.0185847 0.0431373
0 0.624375 0.563399 0.0278771 0.0366013
0 0.62366 0.527451 0.0164403 0.0405229
1 0.610436 0.526144 0.0200143 0.0457516
0 0.580415 0.5 0.0228735 0.0352941
0 0.596497 0.500654 0.0164403 0.0392157
0 0.606147 0.471895 0.0228735 0.0444444
0 0.566833 0.457516 0.0185847 0.0339869
0 0.566119 0.438562 0.0171551 0.0196078
1 0.581129 0.434641 0.0214439 0.0431373
0 0.671551 0.475163 0.0192995 0.0379085
0 0.590064 0.290196 0.0164403 0.0183007
0 0.58649 0.237255 0.0192995 0.0352941
0 0.596855 0.229412 0.0157255 0.0431373
1 0.618299 0.239869 0.0243031 0.0379085
1 0.622945 0.200654 0.0235883 0.0535948
0 0.65654 0.286275 0.0164403 0.020915
0 0.662616 0.313725 0.0271623 0.0496732
0 0.67584 0.0588235 0.0164403 0.0287582
1 0.680486 0.072549 0.0185847 0.0222222
1 0.776626 0.234641 0.0135811 0.0300654
0 0.790565 0.230719 0.0142959 0.0196078
0 0.780915 0.25098 0.0135811 0.0183007
0 0.768763 0.381699 0.0192995 0.0339869
0 0.759471 0.415033 0.0293066 0.0562092
0 0.812009 0.494771 0.0185847 0.0405229
0 0.860972 0.798693 0.0150107 0.0287582
0 0.838456 0.736601 0.0257327 0.0562092
0 0.86133 0.705882 0.0285919 0.0575163
0 0.848463 0.712418 0.0114367 0.0235294
0 0.864189 0.759477 0.0271623 0.0444444
0 0.889564 0.75098 0.0278771 0.0562092
1 0.808792 0.640523 0.0207291 0.0235294
1 0.830236 0.643137 0.0150107 0.0287582
1 0.823088 0.655556 0.0221587 0.0326797
1 0.835597 0.590196 0.0114367 0.0222222
0 0.889207 0.587582 0.0185847 0.0405229
0 0.90386 0.6 0.0164403 0.0366013
1 0.934239 0.626797 0.0300214 0.0326797
0 0.906719 0.640523 0.0264475 0.0496732
1 0.936383 0.661438 0.0414582 0.0627451
1 0.968549 0.730719 0.0200143 0.0366013
0 0.992137 0.502614 0.0142959 0.0169935
0 0.931737 0.491503 0.0135811 0.0235294
0 0.81451 0.420915 0.0107219 0.0183007
1 0.859185 0.21634 0.0300214 0.048366
0 0.808792 0.0313725 0.0178699 0.0339869
0 0.949964 0.0973856 0.0114367 0.0379085
0 0.961044 0.150327 0.0235883 0.0339869
0 0.97248 0.139216 0.0250179 0.0457516
0 0.95604 0.173203 0.0264475 0.0457516
0 0.981773 0.17451 0.0192995 0.0248366
1 0.980343 0.201961 0.0278771 0.0535948
1 0.993567 0.226144 0.0114367 0.0418301
1 0.967119 0.247059 0.0300214 0.0470588
0 0.319871 0.954902 0.0192995 0.0379085
0 0.30629 0.991503 0.0121515 0.0143791
0 0.487848 0.682353 0.0164403 0.0339869
0 0.498928 0.656863 0.0100071 0.0196078
0 0.47248 0.640523 0.0100071 0.020915
1 0.943888 0.180392 0.0164403 0.0418301
0 0.494282 0.281699 0.0178699 0.027451
1 0.712294 0.864052 0.0150107 0.020915
0 0.201573 0.301307 0.0200143 0.0248366
1 0.129736 0.63268 0.0135811 0.0183007
0 0.313438 0.987582 0.0150107 0.0248366
0 0.647963 0.372549 0.0192995 0.0287582
1 0.512509 0.603922 0.0114367 0.0235294
0 0.594711 0.927451 0.0114367 0.0196078
