0 0.301563 0.20471 0.0609375 0.0528986
1 0.348828 0.227174 0.0492187 0.0471014
1 0.403516 0.243116 0.0585938 0.0514493
1 0.496094 0.172826 0.053125 0.0442029
1 0.561328 0.213406 0.0429688 0.0398551
0 0.250781 0.285507 0.0328125 0.0318841
1 0.260156 0.333333 0.0484375 0.0376812
1 0.313281 0.348913 0.0484375 0.0456522
1 0.331641 0.375 0.0539063 0.0384058
1 0.339062 0.42029 0.0671875 0.0652174
1 0.090625 0.405797 0.053125 0.0507246
1 0.0804688 0.432246 0.053125 0.0384058
0 0.151172 0.442029 0.0429688 0.042029
0 0.151172 0.480072 0.0476562 0.0384058
1 0.379688 0.533696 0.09375 0.0702899
0 0.460938 0.485507 0.0421875 0.0449275
1 0.492969 0.489493 0.03125 0.0253623
0 0.549609 0.691667 0.0570312 0.0384058
0 0.519922 0.723913 0.0757812 0.057971
0 0.589844 0.726449 0.0625 0.0630435
1 0.454688 0.735145 0.0625 0.0543478
0 0.462891 0.777899 0.0789062 0.0717391
0 0.455078 0.822826 0.0351562 0.0253623
0 0.505859 0.833696 0.0710937 0.0543478
0 0.514062 0.966304 0.0609375 0.0543478
0 0.580469 0.959058 0.0703125 0.0630435
0 0.841016 0.744565 0.0257812 0.023913
0 0.857812 0.760507 0.01875 0.0195652
0 0.880078 0.763043 0.0335937 0.0289855
0 0.898438 0.757971 0.034375 0.0347826
0 0.926953 0.744565 0.0289063 0.0268116
0 0.944531 0.755072 0.0234375 0.026087
1 0.75 0.612319 0.053125 0.0449275
1 0.844922 0.225725 0.0617188 0.0427536
0 0.911328 0.226812 0.0851563 0.0753623
1 0.950391 0.244565 0.0570312 0.0543478
1 0.857812 0.171014 0.0890625 0.0811594
1 0.939063 0.177174 0.0546875 0.0427536
0 0.925781 0.137319 0.084375 0.0615942
0 0.935937 0.0985507 0.0375 0.0246377
0 0.971094 0.0992754 0.053125 0.0768116
1 0.2 0.601449 0.028125 0.026087
0 0.435156 0.802174 0.028125 0.0289855
0 0.00859375 0.859058 0.015625 0.0195652
1 0.429688 0.226812 0.0171875 0.0202899
1 0.383984 0.258696 0.0351562 0.0333333
1 0.897656 0.777174 0.028125 0.0152174
0 0.932813 0.974638 0.0296875 0.0275362
0 0.903906 0.951812 0.0296875 0.0253623
0 0.536328 0.98913 0.0320312 0.0217391
