0 0.21049 0.142857 0.0321678 0.05
0 0.211189 0.183929 0.027972 0.0392857
0 0.245455 0.175893 0.0461538 0.0553571
0 0.238462 0.130357 0.0461538 0.0464286
0 0.34965 0.0803571 0.0391608 0.0535714
0 0.395105 0.240179 0.048951 0.0517857
0 0.382517 0.115179 0.0321678 0.0482143
0 0.423776 0.125893 0.0475524 0.0625
0 0.444755 0.166071 0.0363636 0.0464286
0 0.116084 0.440179 0.0503497 0.0660714
0 0.179021 0.410714 0.0503497 0.05
0 0.227972 0.41875 0.0475524 0.0589286
0 0.236364 0.46875 0.0447552 0.0625
0 0.201399 0.442857 0.0503497 0.0571429
0 0.204196 0.516071 0.0559441 0.075
0 0.159441 0.465179 0.0559441 0.0625
0 0.544755 0.188393 0.0377622 0.0589286
0 0.585315 0.166071 0.0321678 0.05
0 0.526573 0.157143 0.020979 0.0357143
0 0.10979 0.658036 0.034965 0.0446429
0 0.116783 0.711607 0.0377622 0.0517857
0 0.0762238 0.680357 0.0545455 0.0571429
0 0.0853147 0.728571 0.0251748 0.05
0 0.0307692 0.716964 0.0447552 0.0660714
0 0.0538462 0.732143 0.0517483 0.0678571
0 0.132168 0.777679 0.0377622 0.0553571
0 0.157343 0.771429 0.0321678 0.0642857
0 0.177622 0.723214 0.0643357 0.0857143
0 0.203497 0.788393 0.0657343 0.0946429
0 0.229371 0.720536 0.0587413 0.0696429
0 0.220979 0.666964 0.0531469 0.0482143
0 0.258741 0.60625 0.0503497 0.0660714
0 0.282517 0.615179 0.0391608 0.0375
0 0.346853 0.6125 0.0727273 0.0678571
0 0.395804 0.679464 0.0671329 0.0875
0 0.272727 0.675 0.0755245 0.0928571
0 0.338462 0.680357 0.0783217 0.0964286
0 0.434965 0.727679 0.0447552 0.0875
0 0.256643 0.783036 0.0629371 0.0982143
0 0.303497 0.74375 0.0699301 0.0875
0 0.397203 0.761607 0.0727273 0.0767857
0 0.457343 0.801786 0.0839161 0.0857143
0 0.436364 0.858929 0.0587413 0.0785714
0 0.461538 0.922321 0.0643357 0.105357
0 0.404895 0.928571 0.0657343 0.0821429
0 0.37972 0.828571 0.0797203 0.1
0 0.321678 0.826786 0.0475524 0.0785714
0 0.34965 0.913393 0.0783217 0.1125
0 0.287413 0.864286 0.0629371 0.0928571
0 0.163636 0.83125 0.041958 0.0553571
0 0.851049 0.941964 0.0321678 0.0553571
0 0.870629 0.9625 0.0321678 0.0571429
0 0.846154 0.863393 0.0643357 0.0982143
0 0.831469 0.788393 0.0461538 0.0660714
0 0.802098 0.816964 0.0853147 0.1125
0 0.764336 0.745536 0.0769231 0.0910714
0 0.826573 0.558036 0.0503497 0.0696429
0 0.835664 0.497321 0.0545455 0.0696429
0 0.888811 0.486607 0.0769231 0.0946429
0 0.935664 0.424107 0.0811189 0.101786
0 0.906294 0.35625 0.0699301 0.0875
0 0.843357 0.419643 0.0839161 0.0964286
0 0.869231 0.340179 0.0685315 0.0839286
0 0.833566 0.317857 0.0307692 0.0785714
0 0.798601 0.308036 0.0643357 0.0839286
0 0.783217 0.416964 0.0335664 0.0410714
0 0.774825 0.367857 0.0587413 0.075
0 0.704895 0.392857 0.041958 0.0428571
0 0.737063 0.428571 0.0475524 0.0571429
0 0.751748 0.473214 0.0545455 0.0535714
0 0.739161 0.503571 0.0461538 0.0678571
0 0.697902 0.496429 0.041958 0.0714286
0 0.69021 0.435714 0.0601399 0.0714286
0 0.772028 0.0991071 0.0559441 0.0660714
0 0.816084 0.0589286 0.0629371 0.0714286
0 0.770629 0.0535714 0.0587413 0.0642857
0 0.148951 0.503571 0.0377622 0.0392857
0 0.137762 0.403571 0.0293706 0.0214286
