0 0.476276 0.0704501 0.0294752 0.0182648
0 0.451114 0.030985 0.0510424 0.0345727
1 0.445723 0.0655577 0.0632638 0.0502283
1 0.441769 0.0952381 0.0596693 0.0391389
0 0.411574 0.121983 0.0496046 0.0417482
0 0.406183 0.155251 0.0488857 0.0365297
0 0.311287 0.267449 0.0301941 0.0260926
1 0.270669 0.281474 0.0553559 0.0437052
0 0.338605 0.352577 0.0345075 0.0306588
0 0.388929 0.358447 0.0503235 0.0450098
1 0.350827 0.362035 0.0460101 0.0391389
0 0.266355 0.427919 0.0337886 0.0313112
0 0.0866283 0.443575 0.0150971 0.0234834
0 0.077642 0.445205 0.0244428 0.0241357
0 0.0204889 0.440965 0.0280374 0.024788
0 0.0345075 0.515329 0.023005 0.0208741
1 0.0496046 0.53392 0.038821 0.0358774
1 0.231129 0.559687 0.0438533 0.0365297
1 0.475198 0.458578 0.0531991 0.0404436
0 0.231129 0.751794 0.0438533 0.0345727
0 0.19087 0.78441 0.0366643 0.0345727
0 0.580518 0.755708 0.0165349 0.0215264
1 0.573688 0.781474 0.0215672 0.0234834
1 0.739037 0.969993 0.0589504 0.0482714
1 0.705967 0.962818 0.0517613 0.0508806
1 0.726096 0.920417 0.0603882 0.0404436
1 0.739756 0.894325 0.061826 0.0574038
1 0.695902 0.885192 0.0517613 0.0508806
0 0.755212 0.659817 0.0352265 0.0384866
1 0.73005 0.679061 0.0452912 0.0365297
0 0.777858 0.559687 0.0431344 0.0365297
1 0.73041 0.554468 0.0488857 0.0469667
1 0.623293 0.550881 0.0244428 0.0150033
1 0.604242 0.493803 0.0452912 0.0404436
0 0.815241 0.514025 0.0359454 0.0417482
0 0.810208 0.449446 0.0345075 0.0300065
0 0.837168 0.439335 0.046729 0.037182
1 0.709561 0.355838 0.0345075 0.0254403
0 0.517973 0.430855 0.0366643 0.0345727
1 0.53918 0.412916 0.0445723 0.0521853
1 0.587707 0.361057 0.0452912 0.0424005
1 0.543494 0.350946 0.0416966 0.0234834
1 0.5266 0.334638 0.0265996 0.0260926
0 0.478073 0.329746 0.0301941 0.0280496
0 0.593098 0.293216 0.0416966 0.0306588
0 0.540259 0.219504 0.0395399 0.0306588
0 0.689432 0.0893673 0.0359454 0.0300065
1 0.175773 0.641553 0.0280374 0.0150033
1 0.503235 0.400522 0.0244428 0.0156556
