1 0.500278 0.105617 0.0333519 0.0450556
0 0.564758 0.10591 0.0322401 0.0327677
0 0.584213 0.131949 0.0266815 0.0380339
0 0.567538 0.162376 0.0322401 0.0310123
1 0.362424 0.428028 0.0500278 0.0438853
1 0.446637 0.464892 0.0372429 0.0380339
0 0.425792 0.447923 0.0322401 0.0310123
1 0.481101 0.462844 0.0372429 0.0397894
1 0.47721 0.492686 0.0372429 0.0327677
0 0.441912 0.494734 0.0222346 0.0216501
0 0.405225 0.480983 0.0222346 0.021065
1 0.436631 0.510825 0.0239022 0.0163839
0 0.47721 0.56495 0.0294608 0.0333528
0 0.381323 0.557636 0.0322401 0.033938
1 0.394664 0.573727 0.041134 0.0392042
1 0.386048 0.643359 0.0361312 0.0380339
0 0.367426 0.619368 0.0322401 0.0333528
0 0.412729 0.652721 0.0250139 0.0321826
1 0.102557 0.822996 0.0350195 0.0368637
1 0.101445 0.84962 0.0350195 0.0280866
1 0.190661 0.839965 0.0433574 0.0473961
1 0.16537 0.871855 0.0428016 0.0409596
1 0.135075 0.861908 0.0277932 0.0292569
0 0.30378 0.906378 0.0227904 0.0280866
0 0.351862 0.947338 0.0255698 0.0257461
1 0.379099 0.97952 0.0289049 0.0327677
0 0.664814 0.911352 0.0322401 0.0380339
0 0.675097 0.927736 0.0250139 0.0321826
0 0.701501 0.922762 0.0333519 0.033938
0 0.71373 0.893212 0.0266815 0.0333528
0 0.725403 0.90433 0.024458 0.0403745
0 0.695664 0.866296 0.0316843 0.0345231
0 0.685937 0.842891 0.0344636 0.0263312
0 0.756253 0.869222 0.0339077 0.0356934
0 0.765425 0.897016 0.0266815 0.0269163
0 0.781545 0.922177 0.0289049 0.0292569
0 0.794886 0.901404 0.0277932 0.0263312
1 0.794886 0.875658 0.036687 0.0263312
1 0.758199 0.800176 0.0433574 0.0473961
1 0.753196 0.826799 0.0389105 0.0257461
0 0.783491 0.811001 0.020567 0.0351083
0 0.714842 0.794324 0.0266815 0.0263312
1 0.785158 0.75629 0.0416898 0.0462259
1 0.794052 0.783499 0.0405781 0.0362785
1 0.81323 0.734933 0.036687 0.0421299
0 0.763758 0.764482 0.0177877 0.0251609
0 0.765981 0.708309 0.0277932 0.0321826
0 0.770984 0.727618 0.0233463 0.0216501
0 0.792941 0.710357 0.0261256 0.0304272
0 0.747082 0.698947 0.0277932 0.0333528
0 0.78488 0.685489 0.0322401 0.0310123
0 0.92468 0.78701 0.0250139 0.0269163
0 0.941356 0.716501 0.0216787 0.0239906
0 0.959422 0.703335 0.0166759 0.0222352
0 0.988605 0.683441 0.0138966 0.0198947
1 0.772651 0.657109 0.0444691 0.0351083
0 0.756809 0.636922 0.0227904 0.0251609
1 0.799055 0.620538 0.0416898 0.0438853
1 0.820178 0.614394 0.032796 0.046811
0 0.80517 0.64804 0.0250139 0.0239906
1 0.774319 0.587771 0.0444691 0.0415448
1 0.774319 0.547689 0.036687 0.0421299
0 0.768482 0.423347 0.0261256 0.029842
0 0.793774 0.295494 0.0277932 0.0304272
0 0.910506 0.337917 0.0277932 0.0310123
0 0.946637 0.332943 0.0311284 0.033938
1 0.791829 0.0552955 0.0283491 0.0286717
1 0.788772 0.156817 0.0311284 0.0327677
1 0.245136 0.756583 0.0211228 0.0105325
0 0.870206 0.0140433 0.0227904 0.0245758
0 0.841857 0.389702 0.0172318 0.0175541
0 0.976098 0.739029 0.0177877 0.0222352
0 0.134241 0.982153 0.020567 0.0193095
0 0.155086 0.964307 0.0200111 0.0222352
1 0.192329 0.870099 0.0144525 0.0163839
1 0.227349 0.371855 0.0211228 0.016969
0 0.254864 0.206846 0.020567 0.0228204
1 0.771262 0.926273 0.0183435 0.0257461
1 0.790995 0.926565 0.0177877 0.0239906
0 0.660367 0.826507 0.0155642 0.0157987
0 0.203446 0.155061 0.0111173 0.012873
1 0.203446 0.180222 0.0133407 0.0140433
