0 0.0217544 0.50025 0.0133333 0.0164835
0 0.017193 0.518981 0.00982456 0.018981
0 0.0284211 0.534216 0.0175439 0.0184815
0 0.0280702 0.515984 0.0147368 0.01998
0 0.0582456 0.503746 0.00912281 0.0114885
0 0.057193 0.486014 0.0133333 0.018981
0 0.0694737 0.482268 0.0119298 0.0184815
0 0.0661404 0.494256 0.0129825 0.0174825
0 0.0701754 0.512238 0.0140351 0.0164835
0 0.0780702 0.5005 0.0101754 0.018981
0 0.0807018 0.480519 0.0154386 0.021978
0 0.0889474 0.497003 0.0108772 0.021978
0 0.0964912 0.511988 0.0161404 0.022977
0 0.108947 0.52048 0.0115789 0.015984
0 0.0968421 0.489011 0.00842105 0.016983
0 0.105789 0.485764 0.00877193 0.0134865
0 0.103684 0.475025 0.0129825 0.012987
0 0.117544 0.472777 0.0140351 0.0184815
0 0.116842 0.491758 0.0154386 0.0174825
0 0.142632 0.462288 0.00877193 0.0164835
0 0.150702 0.456793 0.0108772 0.0164835
0 0.146667 0.472527 0.0119298 0.013986
0 0.155789 0.473526 0.0077193 0.014985
0 0.159649 0.49001 0.0126316 0.020979
1 0.391228 0.882118 0.0182456 0.025974
1 0.395789 0.890859 0.0175439 0.0194805
0 0.405088 0.866883 0.0129825 0.0164835
1 0.421754 0.875874 0.0203509 0.0284715
0 0.447895 0.859391 0.0129825 0.0184815
0 0.476842 0.871628 0.0140351 0.01998
0 0.484561 0.883117 0.0133333 0.018981
0 0.47 0.88961 0.0122807 0.021978
0 0.437368 0.872378 0.0115789 0.0164835
0 0.435614 0.892857 0.014386 0.0194805
0 0.446842 0.8996 0.0164912 0.024975
0 0.483158 0.89985 0.0133333 0.0194805
0 0.469298 0.915335 0.0157895 0.0214785
1 0.447544 0.927323 0.0185965 0.0244755
0 0.457544 0.947053 0.0147368 0.022977
1 0.459474 0.925325 0.00877193 0.0174825
0 0.487895 0.691059 0.0108772 0.0184815
0 0.497544 0.703047 0.00912281 0.0104895
1 0.546842 0.72003 0.0178947 0.0264735
1 0.533333 0.714535 0.0189474 0.0294705
0 0.568596 0.659341 0.00877193 0.016983
0 0.561754 0.653596 0.0133333 0.0184815
0 0.544561 0.672827 0.0168421 0.027972
0 0.441579 0.577423 0.0115789 0.016983
0 0.449123 0.606893 0.0112281 0.017982
1 0.473333 0.518981 0.0147368 0.018981
0 0.474737 0.495255 0.0077193 0.0164835
0 0.486491 0.482517 0.0101754 0.013986
0 0.481404 0.491009 0.0126316 0.01998
1 0.492105 0.505744 0.0129825 0.0244755
0 0.500175 0.504745 0.0101754 0.0204795
1 0.50807 0.511988 0.0140351 0.014985
0 0.522281 0.514985 0.0122807 0.010989
1 0.540351 0.50999 0.0077193 0.01998
0 0.551754 0.533966 0.00947368 0.012987
0 0.560351 0.442557 0.0119298 0.017982
0 0.571754 0.434565 0.0108772 0.017982
0 0.551579 0.428821 0.00982456 0.0134865
1 0.566842 0.416583 0.0101754 0.01998
1 0.402456 0.0714286 0.0189474 0.022977
1 0.388246 0.0826673 0.0178947 0.0274725
1 0.445614 0.0729271 0.0161404 0.025974
1 0.368596 0.229271 0.014386 0.01998
1 0.396491 0.206044 0.00701754 0.00749251
1 0.352105 0.343407 0.0150877 0.0194805
0 0.460175 0.278721 0.0115789 0.020979
0 0.462105 0.257742 0.0119298 0.016983
0 0.490175 0.275724 0.0140351 0.024975
0 0.502632 0.287213 0.00877193 0.014985
1 0.515614 0.258242 0.017193 0.020979
0 0.476316 0.292458 0.014386 0.0174825
0 0.48386 0.307942 0.0119298 0.0154845
0 0.488246 0.324176 0.0115789 0.01998
1 0.483684 0.335664 0.0157895 0.020979
0 0.549123 0.0262238 0.0133333 0.0174825
0 0.595965 0.192058 0.014386 0.0164835
0 0.572982 0.243756 0.0105263 0.015984
0 0.573509 0.257992 0.00877193 0.0134865
0 0.575439 0.312438 0.00912281 0.0154845
1 0.631754 0.306693 0.0122807 0.020979
1 0.640175 0.318182 0.0115789 0.013986
0 0.651228 0.32967 0.00982456 0.016983
0 0.64386 0.334915 0.0140351 0.0184815
1 0.634561 0.338162 0.0101754 0.020979
0 0.605088 0.354645 0.0136842 0.017982
0 0.630526 0.382617 0.0119298 0.018981
0 0.630526 0.407842 0.00982456 0.0164835
0 0.604211 0.451299 0.0112281 0.0154845
1 0.597544 0.48002 0.00842105 0.020979
1 0.609474 0.55969 0.0175439 0.0254745
1 0.60386 0.573427 0.0175439 0.014985
1 0.666316 0.594655 0.0168421 0.0214785
1 0.665789 0.551449 0.017193 0.01998
1 0.773684 0.365135 0.00842105 0.020979
1 0.762982 0.360889 0.0178947 0.0154845
1 0.748421 0.377622 0.0105263 0.010989
1 0.743509 0.376124 0.0126316 0.020979
0 0.862982 0.256743 0.014386 0.016983
1 0.918596 0.280969 0.00982456 0.0164835
1 0.900526 0.320679 0.0115789 0.012987
1 0.888596 0.367632 0.0101754 0.012987
0 0.876316 0.498252 0.00947368 0.0134865
0 0.888772 0.499001 0.0147368 0.013986
0 0.89 0.527722 0.0115789 0.0184815
1 0.990877 0.66983 0.0147368 0.020979
1 0.980877 0.707542 0.0157895 0.0204795
1 0.951228 0.682817 0.0077193 0.010989
0 0.960702 0.679071 0.00912281 0.0124875
0 0.970877 0.69006 0.00701754 0.0154845
0 0.978421 0.688312 0.0122807 0.015984
0 0.931754 0.672577 0.0108772 0.0144855
0 0.934912 0.686563 0.0108772 0.0114885
0 0.915789 0.686813 0.00912281 0.012987
1 0.927719 0.709041 0.0168421 0.0164835
0 0.970351 0.784965 0.0122807 0.0174825
1 0.950526 0.815185 0.0175439 0.018981
1 0.953509 0.804945 0.0164912 0.0224775
1 0.968421 0.806194 0.0154386 0.024975
0 0.883684 0.700799 0.0122807 0.010989
1 0.882456 0.717283 0.0182456 0.024975
1 0.898596 0.711039 0.0210526 0.0274725
1 0.891053 0.739261 0.0115789 0.01998
1 0.904035 0.734266 0.02 0.022977
1 0.880702 0.744006 0.0196491 0.0254745
0 0.821579 0.762238 0.0129825 0.016983
0 0.835965 0.754745 0.014386 0.018981
1 0.883158 0.779221 0.0203509 0.024975
1 0.86614 0.795704 0.0207018 0.026973
1 0.892281 0.84016 0.0189474 0.026973
0 0.835088 0.813686 0.0105263 0.017982
0 0.843684 0.825924 0.0122807 0.0144855
0 0.847368 0.804695 0.0168421 0.021978
0 0.816842 0.790959 0.0147368 0.0194805
0 0.817895 0.824675 0.0133333 0.018981
1 0.828947 0.836663 0.0115789 0.013986
0 0.827018 0.847902 0.0105263 0.0154845
0 0.91 0.985015 0.00807018 0.014985
0 0.952982 0.917333 0.00631579 0.0134865
1 0.762105 0.372627 0.0175439 0.024975
0 0.775088 0.389361 0.0147368 0.0224775
1 0.786842 0.386364 0.014386 0.0264735
1 0.763684 0.404595 0.014386 0.017982
1 0.763158 0.421079 0.0168421 0.016983
1 0.743684 0.418581 0.0157895 0.015984
1 0.749474 0.431568 0.0196491 0.015984
0 0.686491 0.463536 0.014386 0.014985
0 0.680702 0.476274 0.0161404 0.0204795
0 0.663684 0.487512 0.014386 0.021978
0 0.658596 0.51049 0.0140351 0.020979
0 0.670526 0.504246 0.0126316 0.0144855
1 0.691404 0.532218 0.00877193 0.0174825
0 0.675965 0.494006 0.0122807 0.017982
0 0.684386 0.492757 0.00666667 0.0134865
0 0.69 0.486513 0.00736842 0.015984
0 0.755614 0.721778 0.0122807 0.018981
0 0.762632 0.715534 0.00947368 0.0174825
0 0.775088 0.713287 0.0147368 0.015984
0 0.775263 0.716533 0.0115789 0.0204795
0 0.768596 0.730769 0.00807018 0.011988
0 0.782456 0.73027 0.0112281 0.017982
0 0.594561 0.645105 0.00947368 0.0194805
0 0.606491 0.645604 0.0129825 0.0224775
0 0.611754 0.657842 0.0136842 0.01998
0 0.615263 0.73002 0.017193 0.0254745
0 0.590175 0.798452 0.0105263 0.0194805
1 0.488772 0.598901 0.0147368 0.021978
1 0.538596 0.625624 0.0126316 0.0164835
0 0.535263 0.648102 0.0129825 0.0184815
0 0.565439 0.688312 0.00877193 0.013986
0 0.535263 0.754246 0.0129825 0.023976
0 0.398947 0.19006 0.0112281 0.0144855
0 0.383333 0.261988 0.0108772 0.0174825
1 0.405965 0.188811 0.00561404 0.012987
0 0.410526 0.186563 0.0077193 0.0194805
1 0.429649 0.17957 0.0129825 0.0234765
1 0.439474 0.169081 0.0150877 0.0254745
1 0.422105 0.182567 0.0182456 0.0204795
0 0.466491 0.168082 0.0122807 0.0154845
0 0.507895 0.205045 0.00877193 0.0124875
0 0.25614 0.748002 0.00982456 0.0144855
0 0.266491 0.747752 0.00877193 0.00699301
0 0.268596 0.735764 0.00877193 0.010989
0 0.27614 0.744256 0.00842105 0.010989
0 0.302456 0.759491 0.0105263 0.0154845
0 0.111228 0.498751 0.0140351 0.0144855
0 0.147018 0.486014 0.00842105 0.013986
0 0.309649 0.776224 0.0108772 0.017982
0 0.584211 0.258242 0.0105263 0.014985
0 0.585439 0.306943 0.00947368 0.0174825
1 0.597895 0.289461 0.00982456 0.0104895
1 0.613509 0.35989 0.0122807 0.0164835
0 0.851579 0.448052 0.0119298 0.013986
0 0.869474 0.494006 0.00912281 0.011988
0 0.427895 0.898352 0.014386 0.0134865
1 0.51807 0.535964 0.014386 0.012987
0 0.605965 0.708042 0.00842105 0.0124875
0 0.561228 0.451049 0.0115789 0.013986
0 0.664035 0.565684 0.0136842 0.0194805
1 0.677719 0.574925 0.0136842 0.013986
1 0.593333 0.341908 0.00842105 0.0174825
1 0.834912 0.829421 0.00736842 0.0154845
0 0.591404 0.327922 0.00807018 0.0144855
