1 0.0361001 0.0755781 0.00397953 0.00564016
1 0.0409323 0.0761421 0.00568505 0.00676819
0 0.0758954 0.0767061 0.0130756 0.0146644
1 0.06083 0.12916 0.00682206 0.00789622
1 0.0679363 0.129724 0.00625355 0.00676819
1 0.0730529 0.124929 0.00511654 0.00620417
1 0.0815804 0.135646 0.00625355 0.00846024
1 0.0861285 0.132544 0.00625355 0.00564016
1 0.0898238 0.128596 0.00795907 0.00902425
1 0.092382 0.124365 0.00852757 0.00846024
1 0.0977828 0.131698 0.00682206 0.00620417
1 0.0054008 0.0454033 0.00511654 0.00507614
1 0.0059693 0.0513254 0.00511654 0.00564016
1 0.00966458 0.0569656 0.00454804 0.00676819
1 0.0685048 0.321489 0.0176236 0.0124083
1 0.0727686 0.303723 0.0102331 0.0129724
0 0.0807277 0.313029 0.00909608 0.0124083
0 0.0795907 0.321489 0.00682206 0.00789622
0 0.0886868 0.321207 0.0159181 0.0118443
0 0.090108 0.307389 0.0164866 0.0157924
1 0.105742 0.321207 0.0125071 0.0163565
0 0.119102 0.316413 0.0142126 0.0146644
1 0.111711 0.307671 0.0108016 0.00846024
1 0.121944 0.329949 0.0164866 0.0124083
1 0.0167709 0.412578 0.0176236 0.0107163
1 0.0102331 0.43542 0.0125071 0.00789622
1 0.0264355 0.440214 0.0142126 0.00846024
1 0.0233087 0.717428 0.0170551 0.0203046
1 0.0355316 0.704456 0.0210347 0.0191765
1 0.0483229 0.704738 0.0102331 0.0141004
0 0.0406481 0.72335 0.0164866 0.0174845
0 0.0275725 0.731246 0.0153496 0.0107163
0 0.225412 0.905809 0.0130756 0.0135364
1 0.217453 0.766215 0.0187607 0.0208686
1 0.231097 0.777778 0.0198977 0.0191765
1 0.241615 0.765087 0.0216032 0.0186125
1 0.254974 0.749013 0.0233087 0.0203046
0 0.259807 0.762831 0.0204662 0.0174845
1 0.232234 0.739143 0.0210347 0.0174845
0 0.219159 0.739989 0.0153496 0.0180485
1 0.222001 0.722504 0.0187607 0.0214326
0 0.240478 0.730964 0.0125071 0.0135364
1 0.204377 0.695713 0.0142126 0.0152284
1 0.215748 0.698816 0.0108016 0.0135364
0 0.239056 0.694867 0.0130756 0.0157924
0 0.250426 0.706712 0.00966458 0.0101523
0 0.259238 0.714608 0.0102331 0.0101523
0 0.264639 0.698252 0.0130756 0.0135364
0 0.256964 0.70502 0.0113701 0.0101523
0 0.259522 0.679075 0.0130756 0.0101523
1 0.244741 0.678511 0.0176236 0.0191765
0 0.253837 0.697406 0.0108016 0.00958827
1 0.295623 0.590243 0.0181922 0.0107163
1 0.219443 0.553299 0.0159181 0.0101523
0 0.133314 0.293006 0.0130756 0.0118443
0 0.140421 0.286802 0.0102331 0.00846024
0 0.144684 0.280598 0.0119386 0.00846024
1 0.156339 0.270446 0.0170551 0.0152284
0 0.156907 0.28511 0.0136441 0.0118443
0 0.152359 0.289058 0.0113701 0.0141004
0 0.161171 0.296672 0.0130756 0.0146644
0 0.156623 0.310491 0.0130756 0.0152284
0 0.167993 0.316695 0.0153496 0.0163565
1 0.181637 0.298928 0.0153496 0.0157924
1 0.19187 0.306825 0.0176236 0.0146644
0 0.19386 0.293852 0.00795907 0.00789622
0 0.181069 0.287648 0.0142126 0.00789622
1 0.170551 0.0981387 0.0159181 0.0146644
1 0.174531 0.116187 0.0113701 0.0112803
1 0.154633 0.0109983 0.0102331 0.00846024
0 0.170836 0.0857304 0.0119386 0.0101523
0 0.181922 0.0919346 0.00909608 0.0135364
0 0.2166 0.069938 0.0216032 0.0236887
0 0.225981 0.0862944 0.0142126 0.0169205
0 0.234508 0.0682459 0.0142126 0.0157924
0 0.249005 0.0764241 0.0170551 0.0174845
0 0.225696 0.0516074 0.0250142 0.0174845
1 0.2527 0.0589397 0.0255827 0.0242527
1 0.269187 0.0606317 0.0255827 0.0276368
0 0.283115 0.0434292 0.0204662 0.0248167
1 0.274588 0.0380711 0.0204662 0.0186125
1 0.24332 0.21207 0.0159181 0.0112803
1 0.26606 0.208968 0.0216032 0.0141004
1 0.219727 0.23181 0.0164866 0.0180485
1 0.136157 0.643542 0.0142126 0.0157924
1 0.145253 0.63198 0.0164866 0.0118443
1 0.134451 0.617033 0.0187607 0.0135364
0 0.13502 0.802876 0.0142126 0.0129724
1 0.129903 0.818669 0.00739056 0.0107163
1 0.146958 0.789622 0.0142126 0.0101523
1 0.206083 0.77806 0.00966458 0.00733221
1 0.339966 0.651156 0.00682206 0.0107163
1 0.347925 0.657924 0.0113701 0.0118443
1 0.332575 0.676537 0.0147811 0.0118443
1 0.335418 0.756909 0.00795907 0.00789622
1 0.342524 0.866046 0.00966458 0.0118443
0 0.356168 0.867456 0.0176236 0.0157924
0 0.350199 0.85392 0.0102331 0.0146644
1 0.465037 0.923012 0.0159181 0.0174845
1 0.380898 0.788212 0.00795907 0.00733221
1 0.320352 0.531867 0.0176236 0.0101523
1 0.327743 0.544557 0.0176236 0.0152284
1 0.368391 0.545685 0.0147811 0.00958827
0 0.340819 0.235477 0.0164866 0.0152284
0 0.352757 0.228426 0.0153496 0.0157924
0 0.363275 0.23181 0.00795907 0.00902425
1 0.316373 0.196842 0.0164866 0.0203046
0 0.30813 0.170333 0.00909608 0.0135364
0 0.329164 0.164693 0.0136441 0.0124083
0 0.287948 0.20643 0.0142126 0.0180485
0 0.297328 0.190919 0.0113701 0.0141004
1 0.343377 0.0301748 0.00454804 0.00846024
1 0.420409 0.034405 0.00511654 0.00789622
1 0.403354 0.265087 0.0153496 0.0112803
1 0.415009 0.274958 0.0193292 0.0152284
1 0.435475 0.272138 0.00795907 0.0107163
0 0.487209 0.250141 0.0159181 0.0163565
1 0.446845 0.265087 0.0125071 0.0112803
1 0.460205 0.260857 0.0176236 0.0163565
1 0.486072 0.261139 0.0181922 0.0135364
1 0.481808 0.274112 0.0142126 0.0112803
1 0.495736 0.269882 0.0136441 0.0107163
1 0.461342 0.274676 0.0164866 0.0101523
1 0.511654 0.274394 0.0136441 0.0163565
0 0.47726 0.236041 0.00852757 0.0118443
0 0.487493 0.234631 0.0153496 0.0124083
0 0.500853 0.243937 0.0136441 0.00958827
0 0.496305 0.231246 0.0113701 0.0112803
1 0.496305 0.15172 0.0170551 0.0124083
1 0.498863 0.139876 0.0108016 0.0101523
0 0.477828 0.0126904 0.0142126 0.0174845
0 0.492041 0.00846024 0.0164866 0.0135364
0 0.470153 0.99577 0.0102331 0.00846024
1 0.563388 0.965313 0.0181922 0.0152284
1 0.588118 0.916244 0.0119386 0.0118443
1 0.548607 0.906937 0.0113701 0.0124083
1 0.498294 0.672871 0.00966458 0.0124083
1 0.50938 0.678511 0.0147811 0.00902425
0 0.514497 0.668077 0.0102331 0.00958827
1 0.563673 0.653412 0.0130756 0.00958827
1 0.521887 0.50423 0.0193292 0.0191765
1 0.531552 0.478849 0.0193292 0.0191765
1 0.534395 0.494078 0.0181922 0.0157924
1 0.576748 0.527637 0.00966458 0.0107163
1 0.581865 0.446418 0.0153496 0.00958827
1 0.585844 0.438522 0.0164866 0.0152284
0 0.609153 0.161591 0.0142126 0.0152284
1 0.616259 0.150874 0.0159181 0.0129724
1 0.641273 0.169487 0.0227402 0.0197406
1 0.63502 0.181895 0.0181922 0.0163565
1 0.765492 0.143542 0.0142126 0.0174845
1 0.782547 0.146926 0.0198977 0.0163565
1 0.752416 0.166103 0.0176236 0.0197406
1 0.74133 0.186407 0.0102331 0.0141004
1 0.779704 0.168923 0.0187607 0.0174845
1 0.798181 0.163565 0.0204662 0.0203046
1 0.803013 0.172589 0.0198977 0.0169205
0 0.761512 0.242809 0.0130756 0.0118443
1 0.76805 0.265933 0.0181922 0.0197406
0 0.757817 0.270164 0.0170551 0.0191765
0 0.773735 0.2837 0.0159181 0.0180485
1 0.750142 0.291032 0.0130756 0.0135364
0 0.77203 0.521715 0.0204662 0.0191765
0 0.77942 0.537789 0.0136441 0.0152284
0 0.789369 0.531585 0.0153496 0.0197406
1 0.790506 0.508742 0.0244457 0.0259447
1 0.803013 0.530175 0.0153496 0.0214326
0 0.818647 0.520023 0.0216032 0.0203046
0 0.833712 0.518613 0.0142126 0.00846024
1 0.836271 0.534687 0.0227402 0.0259447
0 0.825469 0.547377 0.0181922 0.0141004
1 0.804434 0.551889 0.0238772 0.0219966
1 0.814099 0.577834 0.0216032 0.0219966
1 0.833997 0.58573 0.0238772 0.0208686
1 0.846788 0.587704 0.0153496 0.0203046
1 0.846788 0.567118 0.0233087 0.0197406
1 0.830017 0.562324 0.0193292 0.0146644
1 0.844798 0.557812 0.0170551 0.0101523
1 0.892553 0.524253 0.0147811 0.0163565
1 0.899943 0.536097 0.0125071 0.0141004
1 0.888005 0.537789 0.0113701 0.0118443
0 0.908755 0.547095 0.0153496 0.0124083
1 0.906481 0.55753 0.0164866 0.0129724
1 0.924389 0.560632 0.0170551 0.0191765
1 0.909323 0.573886 0.0198977 0.0129724
0 0.91444 0.589679 0.0198977 0.0186125
0 0.920125 0.606599 0.0142126 0.0152284
0 0.933769 0.603779 0.0176236 0.0174845
0 0.962194 0.611111 0.0153496 0.0141004
1 0.974986 0.606881 0.0170551 0.0169205
0 0.978113 0.597857 0.0130756 0.00789622
1 0.939738 0.58714 0.0204662 0.0203046
1 0.952814 0.597575 0.0170551 0.0197406
1 0.964184 0.595037 0.0125071 0.0124083
0 0.985787 0.585166 0.0181922 0.0174845
1 0.756964 0.98872 0.0142126 0.0124083
1 0.670836 0.987874 0.0136441 0.0118443
1 0.685048 0.990976 0.0113701 0.0101523
1 0.68448 0.969261 0.0238772 0.0242527
1 0.693576 0.956289 0.0125071 0.00846024
1 0.708641 0.967005 0.0301308 0.0242527
1 0.7166 0.977439 0.0278567 0.0180485
1 0.704946 0.988156 0.0102331 0.00789622
1 0.743036 0.962775 0.0272882 0.0191765
0 0.766629 0.951495 0.0153496 0.0203046
1 0.750995 0.947829 0.0284252 0.0276368
1 0.725696 0.94529 0.0221717 0.0248167
1 0.759807 0.934292 0.0130756 0.0129724
0 0.780841 0.920192 0.00852757 0.0107163
1 0.740478 0.923576 0.0267197 0.0265087
0 0.715179 0.92273 0.0227402 0.0248167
0 0.752985 0.910886 0.0244457 0.0203046
1 0.737919 0.887479 0.0272882 0.0208686
0 0.716032 0.894247 0.0187607 0.0163565
0 0.723138 0.901861 0.0159181 0.0124083
1 0.703809 0.907501 0.0181922 0.0169205
0 0.753837 0.875071 0.0159181 0.0197406
0 0.770608 0.873942 0.0176236 0.0174845
0 0.700398 0.881557 0.0193292 0.0236887
0 0.702672 0.895093 0.0159181 0.0135364
1 0.783684 0.844332 0.00966458 0.0135364
1 0.699545 0.752115 0.00739056 0.00620417
1 0.803013 0.743091 0.0164866 0.0141004
1 0.822911 0.747039 0.0130756 0.0163565
1 0.807561 0.756345 0.0187607 0.0146644
1 0.225696 0.283136 0.00454804 0.00676819
1 0.223991 0.292724 0.00682206 0.00789622
1 0.151791 0.58009 0.00909608 0.0174845
1 0.198408 0.0645798 0.00568505 0.00958827
1 0.208073 0.55471 0.0102331 0.00733221
1 0.934338 0.993796 0.0198977 0.0112803
1 0.745878 0.405527 0.00795907 0.00789622
0 0.753553 0.251269 0.0108016 0.0141004
