1 0.0196759 0.355165 0.0362654 0.0479233
1 0.119213 0.536209 0.0933642 0.0734824
0 0.238426 0.626731 0.0679012 0.0798722
0 0.271605 0.698083 0.0570988 0.0841321
0 0.199846 0.701278 0.0354938 0.028754
0 0.243056 0.742812 0.0262346 0.0372737
0 0.292438 0.599042 0.0447531 0.0649627
0 0.317901 0.560703 0.0432099 0.0394036
0 0.309799 0.65655 0.0393519 0.0607029
1 0.692901 0.235889 0.0694444 0.0649627
1 0.728781 0.193291 0.054784 0.0820021
1 0.768904 0.2082 0.0470679 0.0607029
1 0.767747 0.138978 0.0555556 0.0713525
0 0.80054 0.0915868 0.0439815 0.057508
0 0.784336 0.0394036 0.0408951 0.0511182
0 0.756944 0.0729499 0.0354938 0.0436635
