1 0.0380259 0.464948 0.0307443 0.0254296
0 0.0703883 0.45945 0.0194175 0.0199313
0 0.0582524 0.445704 0.0226537 0.0171821
0 0.112864 0.476632 0.0153722 0.014433
0 0.125405 0.475258 0.0194175 0.0130584
0 0.144013 0.7 0.0355987 0.0281787
1 0.0889968 0.742955 0.0355987 0.0261168
1 0.0841424 0.766667 0.0420712 0.0323024
1 0.0631068 0.781443 0.0307443 0.028866
1 0.136731 0.77079 0.0372168 0.0254296
0 0.107605 0.804467 0.0323625 0.0309278
0 0.119741 0.857388 0.00970874 0.0103093
0 0.151294 0.832302 0.0145631 0.0123711
0 0.179612 0.830928 0.012945 0.0109966
0 0.159385 0.841237 0.0145631 0.0109966
0 0.154531 0.850172 0.00970874 0.0109966
0 0.150485 0.842612 0.00809061 0.00824742
0 0.13835 0.840206 0.0113269 0.0130584
0 0.135518 0.84811 0.0105178 0.00687285
0 0.136731 0.856014 0.012945 0.00893471
0 0.107201 0.890722 0.0153722 0.0109966
0 0.119741 0.904124 0.0161812 0.0130584
0 0.100728 0.905842 0.0186084 0.0151203
1 0.0489482 0.930584 0.0186084 0.0178694
0 0.0776699 0.938144 0.0177994 0.00962199
1 0.0813107 0.920962 0.0153722 0.0178694
1 0.0958738 0.923711 0.0153722 0.0137457
1 0.0889968 0.913058 0.0177994 0.00756014
0 0.165858 0.966323 0.0113269 0.0109966
1 0.380259 0.348454 0.0420712 0.0302405
0 0.374595 0.446735 0.0242718 0.0206186
1 0.393608 0.431615 0.0153722 0.0123711
0 0.392799 0.462887 0.0186084 0.0130584
0 0.381068 0.458763 0.0161812 0.0103093
0 0.282362 0.425773 0.0194175 0.0130584
0 0.292476 0.411684 0.013754 0.0151203
0 0.240696 0.423711 0.0105178 0.0103093
1 0.317961 0.43677 0.0161812 0.0130584
1 0.332929 0.440206 0.0153722 0.014433
0 0.292071 0.527491 0.0226537 0.0171821
0 0.350324 0.521306 0.0177994 0.0158076
1 0.358414 0.536082 0.0194175 0.0137457
1 0.345874 0.754639 0.0169903 0.0151203
1 0.223706 0.759107 0.0169903 0.0116838
0 0.266586 0.763574 0.0169903 0.0109966
0 0.250809 0.783849 0.012945 0.00893471
0 0.213997 0.323368 0.0153722 0.0213058
0 0.262136 0.85567 0.0210356 0.0164948
1 0.279531 0.847079 0.026699 0.024055
0 0.309871 0.855326 0.0161812 0.0171821
1 0.307443 0.92543 0.0291262 0.0254296
0 0.326456 0.926117 0.0121359 0.0185567
1 0.296521 0.948797 0.0283172 0.0226804
0 0.320793 0.944674 0.0218447 0.0213058
0 0.243932 0.953952 0.0105178 0.0123711
1 0.536408 0.975601 0.0339806 0.0323024
1 0.56068 0.964948 0.0275081 0.0261168
1 0.558252 0.90756 0.0323625 0.0268041
0 0.554612 0.930241 0.0283172 0.0226804
0 0.579288 0.921993 0.0226537 0.0213058
0 0.584951 0.934708 0.0194175 0.0123711
0 0.600728 0.939519 0.013754 0.0109966
0 0.618528 0.950515 0.013754 0.0137457
0 0.639159 0.941581 0.0177994 0.0151203
1 0.630663 0.994845 0.0218447 0.0103093
0 0.532767 0.85567 0.0218447 0.0164948
1 0.539644 0.798969 0.0323625 0.0281787
1 0.572816 0.807216 0.0307443 0.0254296
1 0.533172 0.826804 0.0307443 0.0219931
0 0.507282 0.881787 0.0145631 0.0137457
1 0.481392 0.895533 0.0339806 0.0274914
0 0.508091 0.904811 0.0226537 0.0213058
1 0.486246 0.924055 0.0372168 0.0213058
1 0.462379 0.906873 0.026699 0.0254296
1 0.438916 0.834364 0.0202265 0.0164948
1 0.468042 0.793471 0.0315534 0.0226804
1 0.47411 0.767698 0.0307443 0.0274914
0 0.683657 0.23299 0.0194175 0.019244
1 0.696602 0.256014 0.0307443 0.0268041
1 0.704288 0.274914 0.0315534 0.0247423
0 0.537217 0.0230241 0.0307443 0.0254296
0 0.56068 0.0223368 0.0194175 0.014433
1 0.519417 0.0140893 0.0194175 0.0103093
0 0.458738 0.00584192 0.0161812 0.0103093
0 0.470874 0.0178694 0.012945 0.0137457
1 0.540049 0.0797251 0.013754 0.0178694
1 0.481796 0.102749 0.0234628 0.0158076
0 0.427184 0.212715 0.0275081 0.0226804
0 0.430825 0.192096 0.026699 0.0213058
0 0.453479 0.185911 0.0234628 0.0171821
0 0.465615 0.198969 0.0234628 0.0130584
0 0.451861 0.208935 0.0202265 0.0151203
0 0.459951 0.224742 0.0186084 0.0151203
1 0.452265 0.300344 0.0355987 0.0274914
0 0.438107 0.34055 0.0169903 0.0158076
0 0.406958 0.353608 0.0275081 0.024055
0 0.472087 0.354639 0.026699 0.0219931
0 0.574434 0.50378 0.0194175 0.0164948
0 0.449838 0.788316 0.0226537 0.0164948
1 0.412621 0.851203 0.0145631 0.0226804
0 0.718042 0.0573883 0.026699 0.0213058
0 0.741505 0.0512027 0.0218447 0.0171821
0 0.752427 0.0659794 0.0194175 0.0178694
0 0.752427 0.0824742 0.0242718 0.0164948
0 0.781553 0.0886598 0.0226537 0.019244
0 0.753641 0.109278 0.0250809 0.0219931
0 0.760922 0.165636 0.0218447 0.0206186
0 0.747977 0.183505 0.0202265 0.0178694
1 0.765777 0.273196 0.0283172 0.0199313
0 0.774272 0.254639 0.0275081 0.0213058
0 0.76254 0.400344 0.0121359 0.0103093
0 0.775485 0.396907 0.013754 0.0130584
0 0.773463 0.409966 0.0145631 0.0103093
1 0.928398 0.541237 0.0364078 0.0323024
0 0.95267 0.535052 0.0218447 0.0185567
0 0.900081 0.554983 0.0315534 0.0254296
0 0.913026 0.569072 0.0315534 0.0247423
0 0.88754 0.535739 0.0226537 0.0171821
0 0.864482 0.537113 0.0234628 0.0103093
1 0.867718 0.50378 0.0121359 0.0123711
0 0.822411 0.0742268 0.0250809 0.0206186
0 0.720874 0.114777 0.0210356 0.0178694
0 0.706715 0.113746 0.0218447 0.0158076
0 0.509709 0.9811 0.0226537 0.0185567
0 0.540049 0.923024 0.0153722 0.0123711
0 0.518204 0.921306 0.013754 0.0103093
0 0.526699 0.912371 0.0145631 0.0103093
0 0.601537 0.203093 0.0218447 0.0171821
0 0.677589 0.283505 0.0234628 0.0226804
0 0.340615 0.426804 0.012945 0.0123711
0 0.336165 0.718557 0.0169903 0.0103093
0 0.324434 0.715808 0.0113269 0.0103093
1 0.207524 0.730928 0.00889968 0.0103093
0 0.843447 0.389347 0.0153722 0.014433
0 0.607605 0.071134 0.0194175 0.014433
0 0.652913 0.665292 0.0145631 0.0123711
0 0.252832 0.953952 0.0121359 0.0109966
0 0.268608 0.949828 0.0161812 0.0123711
0 0.283576 0.960825 0.0153722 0.0109966
0 0.277508 0.932302 0.012945 0.0116838
0 0.290049 0.937801 0.013754 0.0103093
0 0.235437 0.766323 0.00970874 0.0109966
0 0.680421 0.263918 0.0145631 0.0137457
0 0.533981 0.445361 0.0145631 0.0123711
