0 0.0346639 0.345979 0.0315126 0.0288316
1 0.0756303 0.322838 0.0420168 0.0204856
0 0.101366 0.351669 0.0346639 0.0250379
0 0.150735 0.919575 0.0577731 0.0394537
0 0.154937 0.953338 0.0556723 0.0417299
0 0.201155 0.938923 0.0556723 0.0432473
0 0.296218 0.801973 0.0651261 0.0485584
0 0.309874 0.848255 0.0504202 0.0394537
0 0.345063 0.838012 0.0472689 0.0326252
0 0.367122 0.823596 0.0556723 0.0402124
0 0.383403 0.791351 0.0546218 0.0364188
0 0.387605 0.751517 0.0588235 0.0447648
0 0.423319 0.759484 0.0546218 0.0440061
0 0.432248 0.727238 0.0577731 0.0326252
0 0.39916 0.691199 0.0609244 0.0455235
0 0.432248 0.677921 0.0472689 0.0326252
0 0.470588 0.699545 0.0462185 0.0318665
0 0.447479 0.644917 0.0651261 0.0485584
0 0.42437 0.631259 0.0483193 0.0349014
0 0.421218 0.811836 0.0546218 0.0379363
1 0.396534 0.851669 0.0682773 0.0417299
1 0.498424 0.911608 0.0556723 0.0295903
0 0.543592 0.913126 0.0346639 0.0204856
0 0.544118 0.891502 0.0378151 0.0242792
0 0.454832 0.554628 0.0567227 0.0409712
0 0.44958 0.513278 0.0609244 0.0432473
0 0.490021 0.533384 0.0451681 0.0364188
0 0.485819 0.566388 0.0451681 0.0326252
0 0.511029 0.491275 0.0598739 0.0402124
0 0.486345 0.473065 0.0567227 0.0402124
0 0.576681 0.543627 0.0567227 0.0417299
0 0.576681 0.57132 0.0462185 0.0288316
0 0.516282 0.415402 0.0304622 0.0235205
0 0.272584 0.511002 0.0556723 0.038695
0 0.290441 0.555008 0.0535714 0.0356601
0 0.311975 0.546282 0.0315126 0.030349
1 0.276261 0.509105 0.0777311 0.0576631
0 0.359769 0.52959 0.072479 0.047041
0 0.346639 0.500759 0.0567227 0.0424886
1 0.306723 0.489378 0.0546218 0.0364188
0 0.367122 0.45827 0.0451681 0.0318665
0 0.356618 0.463961 0.0577731 0.038695
0 0.371849 0.433232 0.0567227 0.030349
0 0.438025 0.445372 0.0357143 0.0242792
0 0.578256 0.457132 0.0409664 0.0371775
0 0.622899 0.35091 0.0420168 0.0341426
0 0.592437 0.400986 0.0231092 0.0204856
0 0.59979 0.417678 0.0315126 0.0265554
0 0.622374 0.445751 0.0409664 0.0311077
0 0.61187 0.47003 0.0430672 0.0295903
0 0.60084 0.44044 0.0357143 0.022003
0 0.643382 0.471168 0.0304622 0.0227618
0 0.665966 0.464719 0.0315126 0.0250379
0 0.62605 0.394158 0.0273109 0.0144158
0 0.641282 0.408194 0.0472689 0.0212443
0 0.637605 0.37481 0.052521 0.0227618
0 0.651786 0.391882 0.0346639 0.0235205
0 0.698529 0.401366 0.0420168 0.0333839
0 0.707983 0.427921 0.0294118 0.0288316
0 0.655462 0.57132 0.0441176 0.0364188
0 0.698529 0.568285 0.0420168 0.0227618
0 0.693277 0.592944 0.052521 0.0371775
0 0.630252 0.620637 0.0420168 0.0333839
0 0.629727 0.606222 0.0472689 0.016692
0 0.608193 0.632398 0.0504202 0.0356601
0 0.643382 0.658953 0.0472689 0.0341426
0 0.652311 0.68475 0.0420168 0.0280728
0 0.680147 0.709408 0.0577731 0.0394537
0 0.664391 0.723445 0.0535714 0.0341426
0 0.700105 0.682853 0.0577731 0.0364188
0 0.733718 0.699924 0.0430672 0.0326252
0 0.680672 0.65478 0.039916 0.0318665
0 0.705882 0.632777 0.0420168 0.0288316
0 0.749475 0.623293 0.0514706 0.0356601
0 0.77416 0.618361 0.0315126 0.0227618
0 0.741597 0.644917 0.0315126 0.0151745
0 0.768908 0.660091 0.0483193 0.0379363
0 0.737395 0.66692 0.0357143 0.0318665
0 0.796218 0.694234 0.0546218 0.0394537
0 0.807248 0.657436 0.0430672 0.0417299
0 0.820378 0.603187 0.0567227 0.0394537
0 0.898109 0.679818 0.0588235 0.0440061
0 0.836134 0.691578 0.0252101 0.0235205
0 0.859244 0.699545 0.0441176 0.0364188
0 0.919118 0.705235 0.0294118 0.0341426
0 0.886029 0.716995 0.0367647 0.0197269
0 0.835609 0.724583 0.0409664 0.030349
0 0.827206 0.73824 0.0409664 0.0318665
0 0.872899 0.751517 0.0483193 0.0371775
0 0.899685 0.771624 0.0367647 0.0273141
0 0.839286 0.775417 0.052521 0.0379363
0 0.896534 0.659332 0.0535714 0.0242792
0 0.333508 0.859636 0.032563 0.0151745
