1 0.0297364 0.814484 0.0398529 0.113095
0 0.0775598 0.947421 0.0214592 0.077381
0 0.0613121 0.984127 0.0171674 0.031746
0 0.0456775 0.731151 0.0263642 0.0853175
0 0.0732679 0.71131 0.0324954 0.109127
0 0.0928878 0.610119 0.0337216 0.0734127
0 0.0692826 0.509921 0.0159411 0.0793651
0 0.141324 0.323413 0.015328 0.0912698
1 0.193133 0.605159 0.0367872 0.126984
0 0.207541 0.690476 0.0288167 0.0952381
0 0.186389 0.717262 0.030656 0.105159
1 0.218271 0.75 0.035561 0.0992063
1 0.189148 0.834325 0.0349479 0.125
0 0.17382 0.87996 0.020233 0.0734127
0 0.174433 0.949405 0.0239117 0.0694444
0 0.1916 0.988095 0.0165543 0.0238095
0 0.209381 0.983135 0.020233 0.0337302
0 0.223176 0.87004 0.0343348 0.109127
0 0.247394 0.863095 0.020233 0.0714286
0 0.766094 0.931548 0.0214592 0.0813492
0 0.785408 0.935516 0.0232986 0.0734127
0 0.891478 0.948413 0.0257511 0.0833333
0 0.976395 0.963294 0.0263642 0.0734127
0 0.947885 0.977183 0.0257511 0.0416667
1 0.966891 0.886905 0.0331085 0.111111
0 0.938688 0.858135 0.0282036 0.093254
0 0.926732 0.779762 0.0226855 0.047619
0 0.891784 0.157738 0.025138 0.077381
0 0.842428 0.133929 0.0269773 0.0853175
0 0.822502 0.180556 0.025138 0.0912698
0 0.83691 0.256944 0.0294298 0.0972222
0 0.836297 0.35119 0.0343348 0.0992063
0 0.787554 0.52877 0.0226855 0.0813492
0 0.857449 0.813492 0.0337216 0.119048
0 0.823421 0.975198 0.0134887 0.0496032
1 0.601778 0.845238 0.025138 0.0714286
0 0.679951 0.621032 0.0318823 0.0912698
0 0.695586 0.697421 0.0239117 0.077381
0 0.671674 0.679563 0.0190067 0.0496032
0 0.734519 0.150794 0.0196199 0.0793651
0 0.243409 0.416667 0.00858369 0.0555556
0 0.234825 0.564484 0.0220723 0.0813492
0 0.244942 0.635913 0.0263642 0.0853175
0 0.833538 0.947421 0.0165543 0.0575397
