0 0.32779 0.0325239 0.0128755 0.0320902
1 0.338251 0.0195143 0.0295064 0.0355594
1 0.346298 0.0507372 0.0284335 0.0442324
0 0.333959 0.0750217 0.0209227 0.0303556
0 0.323498 0.103643 0.0246781 0.0424978
0 0.344421 0.0958369 0.0236052 0.0390286
1 0.353809 0.140937 0.014485 0.0355594
1 0.369099 0.191674 0.0246781 0.0208153
0 0.00724249 0.354727 0.013412 0.0416305
0 0.0370172 0.448395 0.0236052 0.0381613
0 0.0396996 0.489592 0.0311159 0.0511709
0 0.013412 0.52732 0.0257511 0.0433651
0 0.0705472 0.564614 0.0230687 0.0381613
0 0.0933476 0.579358 0.02897 0.0468343
0 0.0863734 0.539896 0.026824 0.0424978
0 0.111588 0.542064 0.02897 0.0520382
0 0.101663 0.506071 0.0284335 0.045967
0 0.124464 0.443625 0.0236052 0.0407632
0 0.143509 0.474415 0.0295064 0.0433651
0 0.146459 0.4549 0.0225322 0.0424978
0 0.171942 0.455334 0.0305794 0.0537728
0 0.353273 0.324371 0.0273605 0.0450997
0 0.355955 0.352992 0.0112661 0.0242845
1 0.339592 0.366869 0.0364807 0.0589766
0 0.401556 0.319601 0.0187768 0.0303556
0 0.314914 0.255421 0.0182403 0.028621
0 0.447425 0.383348 0.0246781 0.0398959
0 0.3978 0.452298 0.0198498 0.0338248
0 0.447157 0.423677 0.0262876 0.0424978
0 0.452521 0.444059 0.0209227 0.0260191
0 0.415773 0.441891 0.0139485 0.0251518
0 0.427039 0.440156 0.0193133 0.028621
0 0.432403 0.457936 0.0225322 0.0225499
0 0.422747 0.469644 0.0139485 0.028621
0 0.434818 0.483521 0.0177039 0.0320902
0 0.451985 0.497832 0.0241416 0.0364267
0 0.447693 0.473547 0.0219957 0.0364267
0 0.505901 0.48569 0.0128755 0.0242845
0 0.508315 0.532958 0.0187768 0.0303556
0 0.523873 0.515611 0.0177039 0.0320902
0 0.57779 0.519514 0.0246781 0.0346921
0 0.452521 0.555507 0.0187768 0.0303556
0 0.440719 0.598005 0.0209227 0.028621
0 0.449034 0.582827 0.0182403 0.0277537
0 0.453326 0.657849 0.0193133 0.0303556
0 0.267704 0.683435 0.0171674 0.0364267
0 0.31867 0.655681 0.0214592 0.0364267
0 0.335032 0.633998 0.0284335 0.0468343
0 0.279506 0.703382 0.0246781 0.0416305
0 0.316792 0.724198 0.0273605 0.0468343
0 0.299893 0.738508 0.0139485 0.028621
0 0.325912 0.752819 0.0219957 0.0225499
0 0.338519 0.762359 0.00858369 0.0190807
0 0.389485 0.761058 0.0160944 0.0268864
0 0.349517 0.970945 0.0187768 0.0303556
0 0.335032 0.931049 0.0187768 0.0268864
0 0.343616 0.895924 0.0187768 0.0346921
0 0.35515 0.874241 0.0171674 0.0156114
0 0.369099 0.887684 0.0150215 0.0320902
0 0.389485 0.941891 0.0193133 0.0208153
0 0.401288 0.92281 0.0160944 0.0329575
0 0.392704 0.91327 0.0257511 0.0416305
0 0.388948 0.889419 0.0225322 0.0355594
0 0.373659 0.862966 0.0262876 0.0416305
0 0.388412 0.856461 0.0171674 0.037294
0 0.409603 0.869905 0.0219957 0.0346921
0 0.421406 0.837381 0.0241416 0.0407632
0 0.470494 0.860364 0.0118026 0.0242845
0 0.488197 0.878578 0.0182403 0.0138768
0 0.507511 0.875542 0.0214592 0.0390286
0 0.525483 0.870338 0.0230687 0.0424978
0 0.530579 0.899827 0.0171674 0.037294
0 0.5397 0.931049 0.0236052 0.0424978
1 0.545333 0.914571 0.0177039 0.0355594
0 0.533262 0.958803 0.0182403 0.0338248
0 0.516363 0.904597 0.0241416 0.0364267
0 0.483637 0.944926 0.0198498 0.0338248
0 0.487929 0.965308 0.0262876 0.0364267
0 0.511803 0.973114 0.0236052 0.0225499
0 0.496781 0.931483 0.0171674 0.0416305
1 0.513412 0.944059 0.02897 0.0563747
0 0.480418 0.910668 0.0273605 0.0450997
0 0.485247 0.736774 0.0230687 0.037294
0 0.51985 0.777971 0.0246781 0.0416305
0 0.498391 0.764094 0.0225322 0.0398959
0 0.508852 0.746748 0.0123391 0.0242845
0 0.513144 0.716392 0.00912017 0.0294883
0 0.53353 0.708153 0.0198498 0.0234172
0 0.501878 0.706418 0.0198498 0.0355594
1 0.528165 0.735906 0.0295064 0.0477016
0 0.543991 0.735906 0.0171674 0.0477016
0 0.590397 0.793148 0.0230687 0.0390286
0 0.636266 0.701214 0.0193133 0.0338248
0 0.623391 0.791414 0.0214592 0.0355594
0 0.610247 0.823504 0.0209227 0.0338248
0 0.654238 0.77667 0.0166309 0.0268864
0 0.653433 0.803122 0.0225322 0.0398959
0 0.80338 0.95013 0.0187768 0.0303556
0 0.806867 0.931483 0.0150215 0.0242845
0 0.819474 0.934085 0.0166309 0.0329575
0 0.791577 0.919775 0.014485 0.0234172
0 0.811695 0.87294 0.0171674 0.0303556
0 0.805526 0.856895 0.0123391 0.0225499
0 0.769045 0.82784 0.0155579 0.0303556
0 0.795333 0.805724 0.0177039 0.0260191
0 0.798015 0.785776 0.0123391 0.0208153
0 0.795601 0.768864 0.0182403 0.028621
1 0.911212 0.69124 0.0241416 0.0381613
0 0.88573 0.578491 0.0225322 0.0398959
0 0.907457 0.588031 0.0219957 0.0364267
0 0.900751 0.558109 0.0214592 0.028621
0 0.915236 0.564614 0.0118026 0.0242845
0 0.912017 0.503469 0.0107296 0.0355594
0 0.902092 0.502168 0.0230687 0.0381613
1 0.885193 0.474415 0.0246781 0.0433651
1 0.899946 0.460971 0.0230687 0.037294
0 0.972371 0.425846 0.0219957 0.0329575
0 0.976127 0.382047 0.0230687 0.0320902
0 0.978004 0.35863 0.0182403 0.0303556
0 0.987661 0.341284 0.0193133 0.0320902
0 0.961373 0.351258 0.0193133 0.0312229
0 0.840129 0.431483 0.0128755 0.0442324
0 0.927039 0.29575 0.0364807 0.0398959
1 0.899946 0.296618 0.0305794 0.0468343
0 0.846298 0.256288 0.0123391 0.0130095
1 0.84147 0.226366 0.0348712 0.0537728
1 0.82323 0.249783 0.0284335 0.0450997
0 0.864539 0.20425 0.0262876 0.0424978
0 0.878755 0.218994 0.0257511 0.0390286
0 0.938036 0.223764 0.0241416 0.0277537
1 0.918723 0.210321 0.0305794 0.045967
0 0.945279 0.194709 0.027897 0.045967
0 0.884657 0.19124 0.0150215 0.0320902
0 0.895655 0.196444 0.0219957 0.0338248
0 0.901824 0.1817 0.0257511 0.0390286
0 0.875268 0.165221 0.0209227 0.0355594
0 0.847908 0.136167 0.0155579 0.0260191
0 0.818401 0.137034 0.0187768 0.0346921
0 0.9375 0.124892 0.0166309 0.0398959
0 0.95118 0.123591 0.0225322 0.045967
0 0.943938 0.0867303 0.0230687 0.0381613
1 0.924088 0.133565 0.0316524 0.0520382
1 0.902092 0.00867303 0.0273605 0.0156114
0 0.875 0.0151778 0.02897 0.028621
1 0.361856 0.107112 0.0166309 0.028621
0 0.564646 0.506505 0.0166309 0.0294883
0 0.0718884 0.529055 0.0150215 0.0329575
0 0.383047 0.794016 0.0118026 0.0234172
0 0.795601 0.151344 0.0150215 0.0268864
0 0.254024 0.791414 0.0123391 0.019948
