0 0.24769 0.944478 0.0245301 0.042709
0 0.24992 0.900244 0.0194329 0.0457596
0 0.220293 0.967053 0.0302644 0.0451495
0 0.217267 0.918243 0.0369544 0.0683344
1 0.106085 0.900854 0.0375916 0.0579622
0 0.0958904 0.83435 0.026123 0.0567419
1 0.0514495 0.808725 0.0353616 0.0494204
0 0.0240522 0.771202 0.0194329 0.052471
1 0.0434852 0.762965 0.0289901 0.0555217
1 0.0229372 0.718731 0.0312201 0.0634533
1 0.0793246 0.681818 0.0312201 0.0482001
1 0.101784 0.697682 0.0289901 0.0372178
1 0.0570245 0.651617 0.0191144 0.0280659
1 0.0524052 0.707749 0.0398216 0.0744356
0 0.0758203 0.600976 0.0229372 0.0305064
0 0.0930233 0.578401 0.0223001 0.0329469
0 0.205161 0.201952 0.0216629 0.0500305
0 0.214877 0.23917 0.023893 0.0414887
0 0.238611 0.216901 0.0286716 0.0469799
0 0.223638 0.272422 0.0191144 0.0384381
0 0.245142 0.252593 0.023893 0.0549115
0 0.273495 0.197682 0.0251673 0.0463697
1 0.291335 0.174802 0.0251673 0.0347773
0 0.293246 0.206528 0.023893 0.0347773
0 0.313476 0.228493 0.0210258 0.0372178
0 0.151641 0.405735 0.0216629 0.042709
1 0.269831 0.638194 0.0312201 0.0707749
1 0.29468 0.627212 0.0203887 0.0463697
0 0.259159 0.576266 0.0213444 0.0445394
0 0.24546 0.543319 0.0168844 0.0384381
0 0.273654 0.510982 0.026123 0.0482001
0 0.252469 0.496644 0.0200701 0.0549115
0 0.285441 0.464308 0.0127429 0.042709
0 0.269513 0.466748 0.0267601 0.0402685
1 0.269035 0.423124 0.032813 0.0579622
1 0.305193 0.421904 0.0318573 0.0604027
0 0.746575 0.845943 0.01115 0.0262355
0 0.769353 0.841062 0.0172029 0.0201342
0 0.862536 0.743441 0.0162472 0.023795
0 0.897738 0.752593 0.0216629 0.0372178
0 0.878146 0.723307 0.0251673 0.0482001
0 0.864925 0.695546 0.0203887 0.0329469
1 0.864447 0.6687 0.0194329 0.0439292
0 0.843421 0.650092 0.0251673 0.0372178
0 0.848359 0.612874 0.0133801 0.0433191
0 0.826856 0.616229 0.0296273 0.0610128
0 0.825581 0.574741 0.0302644 0.0414887
0 0.832431 0.545455 0.00828289 0.0195241
0 0.934533 0.545455 0.0296273 0.0597926
0 0.916375 0.507627 0.023893 0.0414887
1 0.940108 0.487187 0.0337687 0.0652837
0 0.903472 0.475595 0.0216629 0.0445394
0 0.915578 0.431056 0.0337687 0.066504
0 0.889933 0.433496 0.0187958 0.0457596
0 0.898375 0.399939 0.0210258 0.0445394
1 0.877031 0.395973 0.0216629 0.0390482
0 0.961134 0.302013 0.0203887 0.0353874
0 0.989646 0.275168 0.0175215 0.0439292
0 0.968939 0.274558 0.0226187 0.0488103
0 0.981045 0.227578 0.0309016 0.0707749
0 0.949347 0.261135 0.0223001 0.0500305
0 0.93533 0.248627 0.0229372 0.0469799
0 0.952851 0.210189 0.0273973 0.0555217
0 0.927365 0.204088 0.026123 0.0457596
0 0.478337 0.117145 0.0309016 0.0610128
0 0.467665 0.167785 0.0286716 0.0512508
1 0.422587 0.173887 0.0296273 0.0585723
1 0.470373 0.217816 0.0347244 0.0597926
0 0.442657 0.194936 0.0213444 0.0250153
0 0.43963 0.227883 0.0273973 0.0445394
1 0.451736 0.26022 0.0286716 0.033557
0 0.419401 0.228493 0.0258044 0.0591824
0 0.610704 0.066809 0.026123 0.0518609
0 0.503504 0.0723002 0.0289901 0.0530811
0 0.526442 0.0549115 0.028353 0.052471
0 0.455559 0.0881635 0.0235744 0.0579622
1 0.863651 0.109823 0.0235744 0.0463697
0 0.873208 0.0768761 0.0184772 0.0353874
0 0.797706 0.28554 0.0184772 0.0402685
1 0.788468 0.258694 0.0178401 0.042709
0 0.813476 0.261745 0.0213444 0.0402685
1 0.827971 0.260525 0.0146543 0.042709
1 0.612297 0.85906 0.0159286 0.0305064
0 0.0433259 0.674802 0.026123 0.0341672
1 0.149251 0.988713 0.0187958 0.018914
0 0.172826 0.984137 0.0251673 0.0280659
0 0.252947 0.455461 0.0165658 0.0372178
0 0.316183 0.471019 0.0130615 0.0341672
0 0.327971 0.47529 0.0117872 0.0317267
0 0.322555 0.508237 0.0168844 0.0292862
0 0.335616 0.503051 0.00987576 0.0323368
1 0.490443 0.151312 0.0232558 0.0451495
0 0.514017 0.018914 0.0245301 0.0366077
0 0.527557 0.0982306 0.0267601 0.0451495
0 0.524212 0.185479 0.0226187 0.0414887
0 0.530105 0.146126 0.0203887 0.0384381
0 0.558777 0.177242 0.0216629 0.0433191
1 0.693533 0.557657 0.0203887 0.0366077
0 0.698789 0.228493 0.0200701 0.0433191
0 0.705639 0.179988 0.0223001 0.0439292
1 0.706594 0.152532 0.0191144 0.0231849
0 0.79245 0.778829 0.023893 0.028676
1 0.92195 0.793472 0.0216629 0.0408786
1 0.925135 0.853264 0.0178401 0.0359976
0 0.275088 0.581757 0.0207072 0.0628432
1 0.222523 0.306589 0.00796432 0.0201342
1 0.0874482 0.890787 0.00987576 0.0414887
