0 0.0380856 0.0946184 0.0188743 0.0224967
0 0.0187058 0.130569 0.0212336 0.0273489
0 0.0854398 0.0818262 0.0151668 0.0172034
0 0.0839232 0.111601 0.0202224 0.0220556
0 0.0776879 0.159241 0.0171891 0.0255845
0 0.0989215 0.092854 0.0151668 0.0172034
1 0.121503 0.098809 0.0178632 0.0229378
1 0.105662 0.116233 0.0192113 0.0242611
1 0.0876306 0.131892 0.0141557 0.0185267
1 0.0931918 0.158139 0.0239299 0.0286723
0 0.111223 0.242832 0.0235929 0.0304367
1 0.13094 0.256948 0.0232558 0.0304367
0 0.0119649 0.370534 0.0151668 0.0194089
1 0.0198854 0.548081 0.024941 0.0251434
1 0.0734749 0.71438 0.0235929 0.0269078
0 0.0884732 0.748125 0.0144928 0.0185267
1 0.0970677 0.758491 0.0256151 0.0260256
1 0.057634 0.637627 0.0215706 0.0339656
1 0.0798787 0.616895 0.0310078 0.0374945
1 0.0965622 0.64667 0.0212336 0.0220556
1 0.101449 0.66674 0.0256151 0.0286723
0 0.0876306 0.682179 0.0182002 0.0207322
0 0.0512302 0.502867 0.0175261 0.0229378
0 0.0670711 0.505073 0.0155039 0.0194089
1 0.086451 0.508602 0.0192113 0.0247022
1 0.0729693 0.532422 0.0219077 0.0264667
1 0.122851 0.420159 0.0151668 0.0180856
1 0.113414 0.431407 0.0219077 0.0282311
1 0.137007 0.433392 0.0239299 0.02779
1 0.186384 0.509263 0.0202224 0.0313189
1 0.169194 0.527569 0.0276373 0.0299956
0 0.103472 0.579841 0.016178 0.0207322
0 0.10364 0.598588 0.0178632 0.0167622
0 0.0977418 0.608072 0.0182002 0.0260256
0 0.127907 0.778783 0.0124705 0.0154389
0 0.126727 0.799074 0.0182002 0.0207322
0 0.121672 0.818262 0.0188743 0.0194089
1 0.0995956 0.818483 0.0252781 0.0322011
0 0.168352 0.792236 0.0144928 0.0202911
1 0.164813 0.803705 0.0148298 0.01588
1 0.194473 0.914865 0.0188743 0.0211734
0 0.209134 0.905382 0.0124705 0.0172034
1 0.28935 0.888619 0.0205595 0.0322011
1 0.311257 0.898765 0.0293225 0.0313189
1 0.31092 0.928099 0.0259521 0.0264667
1 0.361308 0.871857 0.0276373 0.0348478
0 0.382036 0.861491 0.0151668 0.02382
0 0.432423 0.894795 0.0182002 0.0233789
0 0.423829 0.926775 0.0212336 0.0264667
1 0.408325 0.939347 0.0293225 0.0313189
1 0.382878 0.959418 0.0303337 0.0335245
1 0.458207 0.78187 0.0151668 0.0207322
0 0.464442 0.771284 0.0202224 0.0260256
0 0.468487 0.751213 0.0188743 0.0185267
1 0.53303 0.73423 0.0117964 0.0207322
0 0.473542 0.726952 0.0148298 0.0194089
0 0.433603 0.718791 0.0185372 0.0233789
0 0.440344 0.692325 0.016515 0.0207322
1 0.453488 0.73423 0.0286485 0.0374945
1 0.44759 0.145346 0.016178 0.0207322
0 0.463937 0.132995 0.0192113 0.0242611
0 0.477081 0.128584 0.0138187 0.01985
1 0.480283 0.162109 0.0107853 0.0136745
1 0.524098 0.149757 0.0262892 0.0304367
0 0.523087 0.211292 0.0134816 0.0202911
0 0.538254 0.211734 0.016178 0.0176445
0 0.535895 0.227172 0.0148298 0.0185267
1 0.594877 0.0549184 0.00943714 0.0110278
0 0.597405 0.103 0.0158409 0.0163211
0 0.584934 0.111381 0.0144928 0.0172034
1 0.577519 0.119541 0.0131446 0.0141156
1 0.604651 0.189457 0.0114594 0.01191
1 0.629761 0.178209 0.0124705 0.00794001
1 0.595383 0.213057 0.00775194 0.0114689
1 0.585271 0.222541 0.0104483 0.0127922
0 0.641726 0.287164 0.0188743 0.02382
0 0.684867 0.357742 0.016852 0.0211734
1 0.585271 0.334804 0.024604 0.0185267
0 0.611392 0.410454 0.0148298 0.0216145
0 0.597405 0.413763 0.0192113 0.0220556
0 0.577014 0.40494 0.0208965 0.0273489
1 0.581901 0.430304 0.0293225 0.0313189
0 0.697674 0.409352 0.0289855 0.0291134
0 0.708628 0.397221 0.0185372 0.0224967
0 0.755308 0.340759 0.016178 0.0189678
0 0.757668 0.410013 0.0155039 0.0189678
0 0.772497 0.415527 0.016852 0.0185267
1 0.720256 0.443979 0.0310078 0.0348478
1 0.748905 0.439568 0.0310078 0.0348478
0 0.797607 0.507058 0.024604 0.0295545
0 0.866869 0.888178 0.0208965 0.0260256
0 0.844961 0.876268 0.0208965 0.0295545
0 0.827098 0.904499 0.0229188 0.0313189
0 0.841085 0.925452 0.0219077 0.0273489
1 0.80182 0.830393 0.0229188 0.0172034
0 0.817829 0.839215 0.0111223 0.0101456
0 0.805022 0.766652 0.0151668 0.01588
1 0.764746 0.632113 0.0276373 0.0335245
0 0.786316 0.640494 0.016852 0.0299956
0 0.821368 0.653948 0.0188743 0.0207322
0 0.8576 0.661226 0.0198854 0.0220556
0 0.870408 0.692545 0.0212336 0.0247022
1 0.854398 0.706661 0.0364004 0.0361712
0 0.819683 0.671151 0.0195484 0.0172034
0 0.799798 0.666961 0.0215706 0.0291134
0 0.8121 0.69056 0.0171891 0.0251434
0 0.798618 0.709528 0.0232558 0.0286723
0 0.785137 0.720556 0.0232558 0.0330834
1 0.770475 0.681517 0.0276373 0.0326423
1 0.76542 0.701367 0.0155039 0.01588
0 0.685372 0.678871 0.0198854 0.0273489
0 0.524435 0.478386 0.0175261 0.0207322
0 0.531008 0.498677 0.0198854 0.0224967
0 0.4727 0.56727 0.0131446 0.0211734
0 0.578699 0.547861 0.0121335 0.0176445
0 0.588979 0.569255 0.00977418 0.0207322
0 0.62757 0.547199 0.0195484 0.0233789
0 0.633974 0.536833 0.0208965 0.02382
1 0.659589 0.543008 0.0310078 0.0326423
1 0.319009 0.593295 0.0279744 0.0326423
0 0.307381 0.612263 0.0195484 0.02382
0 0.3576 0.612925 0.0269633 0.0322011
0 0.333165 0.658359 0.0212336 0.0224967
0 0.342602 0.705999 0.0279744 0.0330834
0 0.355578 0.731804 0.0242669 0.0255845
1 0.381025 0.749007 0.024604 0.0291134
0 0.399393 0.732025 0.0148298 0.0189678
1 0.326424 0.727614 0.0266262 0.0339656
0 0.407482 0.351566 0.0155039 0.0229378
0 0.374621 0.397662 0.016515 0.0189678
0 0.284294 0.377812 0.0151668 0.0110278
1 0.305359 0.390384 0.0276373 0.0370534
1 0.283283 0.396559 0.0266262 0.0326423
0 0.307887 0.324879 0.0111223 0.0207322
1 0.316144 0.32951 0.0155039 0.0282311
0 0.33485 0.323555 0.0198854 0.02779
1 0.148129 0.0648434 0.0273003 0.0379356
1 0.162454 0.0443317 0.0269633 0.0339656
1 0.18335 0.0805029 0.0276373 0.0313189
0 0.243175 0.0324217 0.0232558 0.02779
0 0.244692 0.161888 0.0141557 0.0185267
0 0.259184 0.170931 0.0121335 0.0207322
0 0.192956 0.168946 0.0178632 0.02382
1 0.190934 0.195192 0.0205595 0.0286723
1 0.233906 0.210631 0.0256151 0.0304367
0 0.250927 0.215042 0.0131446 0.0207322
0 0.270981 0.196515 0.0188743 0.0224967
0 0.264746 0.213939 0.0185372 0.0247022
0 0.266599 0.238421 0.0215706 0.0233789
0 0.280923 0.241509 0.0158409 0.0260256
1 0.297438 0.207102 0.0212336 0.0207322
0 0.317492 0.21041 0.0175261 0.02382
1 0.331985 0.223644 0.0283114 0.0326423
1 0.308898 0.224967 0.0192113 0.01588
0 0.295922 0.235112 0.016178 0.0202911
0 0.311257 0.24614 0.0219077 0.0282311
0 0.296596 0.257168 0.0148298 0.0194089
1 0.241827 0.40472 0.0259521 0.0286723
0 0.303168 0.0615351 0.016515 0.0216145
0 0.346478 0.0692545 0.0195484 0.0264667
0 0.3121 0.0471989 0.0202224 0.0264667
0 0.300977 0.0725629 0.0202224 0.0242611
0 0.315639 0.0763123 0.0192113 0.0291134
0 0.938996 0.650199 0.016178 0.0211734
1 0.971352 0.733789 0.0202224 0.0251434
0 0.95669 0.746802 0.0111223 0.0141156
1 0.988204 0.737759 0.0121335 0.0172034
0 0.0930233 0.0736656 0.0175261 0.0185267
1 0.111055 0.128143 0.016515 0.01985
0 0.572632 0.573225 0.0107853 0.0172034
1 0.781261 0.443758 0.0215706 0.0326423
0 0.840074 0.940229 0.0252781 0.0207322
0 0.158409 0.320909 0.0107853 0.0110278
1 0.372093 0.579841 0.016178 0.0216145
1 0.389282 0.576092 0.0155039 0.0211734
1 0.377991 0.552272 0.0124705 0.0132333
1 0.425514 0.525143 0.00842602 0.0110278
