0 0.208198 0.261557 0.0143136 0.0154096
0 0.166233 0.31914 0.0162655 0.0251419
0 0.155172 0.345904 0.0201692 0.0235199
0 0.119388 0.684104 0.0227716 0.0348743
1 0.180547 0.698297 0.0279766 0.0324412
0 0.1311 0.878345 0.0201692 0.0194647
0 0.377358 0.529197 0.0338321 0.0429846
1 0.2365 0.409976 0.0305791 0.0429846
1 0.291152 0.442417 0.0305791 0.0381184
0 0.141184 0.931468 0.0195185 0.0283861
0 0.161353 0.929035 0.0182173 0.0202758
0 0.155498 0.9412 0.0195185 0.0235199
0 0.13175 0.918491 0.0201692 0.0283861
0 0.179896 0.973236 0.0214704 0.0308191
1 0.202017 0.959043 0.035784 0.0446067
1 0.442095 0.815085 0.0370852 0.0454177
0 0.367274 0.749392 0.0409889 0.053528
1 0.408263 0.730333 0.0435914 0.0592052
1 0.413142 0.696269 0.0416396 0.0413625
0 0.376383 0.680454 0.0305791 0.0389294
0 0.364021 0.624899 0.0292778 0.0364964
0 0.395901 0.632198 0.0331815 0.0413625
0 0.366949 0.589213 0.0299284 0.0381184
0 0.384515 0.57502 0.0260247 0.0356853
0 0.401431 0.5588 0.027326 0.0373074
0 0.388744 0.597324 0.0175667 0.0251419
0 0.43201 0.53163 0.0260247 0.0332522
0 0.408588 0.507299 0.0299284 0.0397405
0 0.451204 0.515004 0.0240729 0.0356853
0 0.312622 0.495539 0.0279766 0.0324412
1 0.517241 0.64193 0.0312297 0.0413625
0 0.567339 0.471208 0.0247235 0.0308191
0 0.551724 0.5 0.0260247 0.0348743
0 0.551074 0.45296 0.0208198 0.0283861
0 0.531555 0.453366 0.0234223 0.0324412
0 0.591412 0.337794 0.0351334 0.0413625
0 0.572219 0.395377 0.0266753 0.0332522
0 0.589135 0.376723 0.0279766 0.0381184
0 0.622967 0.351176 0.0266753 0.0373074
0 0.608653 0.376723 0.0162655 0.026764
0 0.61581 0.318329 0.0305791 0.0364964
0 0.688679 0.371857 0.0279766 0.0348743
0 0.709174 0.300487 0.0364346 0.0446067
0 0.714053 0.348743 0.0318803 0.0421736
1 0.745283 0.349959 0.0318803 0.0446067
0 0.415745 0.0198702 0.0208198 0.0235199
0 0.434938 0.027575 0.0175667 0.0243309
0 0.454782 0.0210868 0.0182173 0.0243309
0 0.4473 0.0450122 0.0162655 0.0218978
0 0.691282 0.542985 0.0253741 0.0300081
0 0.693234 0.1691 0.0240729 0.0283861
0 0.709824 0.187753 0.0208198 0.0251419
0 0.736825 0.126926 0.0240729 0.0316302
0 0.80514 0.223033 0.0227716 0.027575
0 0.821405 0.243715 0.0175667 0.0235199
0 0.84743 0.157745 0.0305791 0.0381184
0 0.825309 0.170722 0.0175667 0.0235199
0 0.907612 0.3382 0.0312297 0.0389294
1 0.934613 0.422141 0.0318803 0.0381184
0 0.947625 0.41768 0.0240729 0.0389294
0 0.91542 0.461071 0.0286272 0.0364964
0 0.904684 0.491079 0.0253741 0.0364964
0 0.924203 0.512976 0.0253741 0.0316302
1 0.893299 0.512165 0.0364346 0.0413625
1 0.934613 0.482157 0.0305791 0.0381184
1 0.827261 0.353609 0.0227716 0.0340633
1 0.728367 0.630576 0.0305791 0.0381184
1 0.697137 0.656529 0.0214704 0.0429846
1 0.955107 0.699108 0.0247235 0.0389294
0 0.673715 0.75953 0.0266753 0.0316302
0 0.667534 0.789943 0.027326 0.0324412
0 0.728042 0.784266 0.022121 0.0291971
1 0.737476 0.819951 0.0305791 0.0421736
1 0.685101 0.801703 0.0299284 0.0397405
0 0.729668 0.86253 0.0201692 0.0251419
0 0.759922 0.845499 0.0260247 0.0316302
0 0.620364 0.879968 0.0214704 0.0291971
0 0.890696 0.903487 0.0260247 0.0324412
0 0.986988 0.847526 0.0234223 0.0324412
0 0.97853 0.869424 0.0260247 0.0308191
0 0.920299 0.908759 0.0240729 0.0300081
0 0.88419 0.930657 0.0234223 0.0332522
0 0.907612 0.939578 0.0234223 0.0316302
0 0.15257 0.908354 0.0227716 0.025953
0 0.134353 0.766423 0.0214704 0.0210868
0 0.422251 0.647202 0.0351334 0.0454177
1 0.434938 0.676805 0.0201692 0.0332522
0 0.419649 0.677616 0.0260247 0.026764
0 0.43201 0.496756 0.0247235 0.0235199
0 0.48406 0.500811 0.0260247 0.0251419
1 0.58458 0.48013 0.0201692 0.0210868
1 0.437866 0.0113544 0.0195185 0.0194647
0 0.706897 0.221006 0.0188679 0.0218978
0 0.701692 0.268856 0.0227716 0.0300081
0 0.896226 0.308191 0.0240729 0.0227088
0 0.654847 0.782644 0.0201692 0.0324412
1 0.804164 0.99189 0.0234223 0.0129765
0 0.513988 0.611922 0.0208198 0.0202758
0 0.208848 0.983374 0.022121 0.0202758
0 0.182498 0.926196 0.013663 0.0227088
0 0.465843 0.334955 0.0247235 0.025953
0 0.509109 0.238443 0.0214704 0.025953
1 0.650943 0.40146 0.0240729 0.0162206
1 0.526025 0.219384 0.0214704 0.0218978
